baseMean	log2FoldChange	lfcSE	stat	pvalue	padj	gene
A1BG	125.187864420606	-0.310204650780896	0.053329241987952	-5.81678342345418	5.99907858865633e-09	8.14768474984176e-09	A1BG
A1CF	4.57940654543811	-0.745156720014559	0.0961348174070592	-7.75116383546428	9.10541159255788e-15	1.37724992922977e-14	A1CF
A2M	28094.6463666858	1.08909972222492	0.0520728139537035	20.9149389006173	3.91529720272397e-97	1.4107138700207e-96	A2M
A2M-AS1	227.352460757327	1.60127331293679	0.0465806640678371	34.3763521834897	5.69016751555301e-259	5.94478847634763e-258	A2M-AS1
A2ML1	4229.16810364882	-7.4115468264235	0.153171206335315	-48.3873373054105	0	0	A2ML1
A4GALT	2380.99802188655	1.75311085142548	0.0367561863190177	47.6956677771116	0	0	A4GALT
A4GNT	5.31472794899546	-0.799081793269243	0.116252641916909	-6.87366566551133	6.25727644865784e-12	9.02541933912578e-12	A4GNT
AAAS	2486.29185334358	0.30157720191118	0.0197424284311651	15.2755879532588	1.11220360261432e-52	2.67729032504149e-52	AAAS
AACS	2787.92698237443	-1.42352184982668	0.0646749181902529	-22.0104159334092	2.28882688352114e-107	8.96652290103678e-107	AACS
AACSP1	43.2546634469005	-6.45367995977958	0.207003214023058	-31.1767138024278	2.20426483508715e-213	1.79137567929589e-212	AACSP1
AADAC	152.297389264279	-4.63493211700778	0.15480341197941	-29.9407620138519	5.80386302061193e-197	4.28177615713259e-196	AADAC
AADACL2	750.953193703979	-8.79996315000575	0.209883592841786	-41.9278278537919	0	0	AADACL2
AADACL3	26.7792757930593	-5.61515401590082	0.255640143266101	-21.9650714639754	6.21593277359928e-107	2.42455050612266e-106	AADACL3
AADACL4	1.41755915701597	-0.411204368016214	0.162029037985015	-2.5378436675915	0.0111537796381324	0.012810514085754	AADACL4
AADAT	184.185480826253	0.152616831380949	0.0357393605871933	4.27027313509455	1.95233723818861e-05	2.45230776809944e-05	AADAT
AAGAB	1980.8102824927	-0.326013456467973	0.029707571740067	-10.974086314442	5.09180044587356e-28	9.31952209722115e-28	AAGAB
AAK1	3418.643640193	1.23935285936303	0.0305536376124466	40.5631851461821	0	0	AAK1
AAMDC	899.226636068607	0.0902422479595857	0.0636205231491551	1.4184455501571	0.15606072497111	0.169180916001502	AAMDC
AAMP	5317.07836715091	-0.237852311761056	0.0150515663974963	-15.8024955994361	2.99040015587513e-56	7.4577712948058e-56	AAMP
AANAT	8.90591411084545	-0.0358616509710332	0.0713832234230287	-0.502382061937876	0.615398794659167	0.63377731578807	AANAT
AAR2	1981.31613754939	-0.340160632477404	0.0179031684756723	-19.000024098507	1.70466194370371e-80	5.34034452638541e-80	AAR2
AARD	86.2279318938638	-3.89242033093246	0.125154710439483	-31.1008696138097	2.34418086266785e-212	1.89481812792474e-211	AARD
AARS2	957.491181331092	0.27921383914254	0.0259879828748354	10.7439596403962	6.3271195365324e-27	1.14202826408422e-26	AARS2
AARSD1	1771.92637945359	0.0322469249341898	0.0392207368342581	0.822190696479294	0.410968372908484	0.431663069245281	AARSD1
AASDH	613.828664274342	-0.589412614565856	0.0213918964320229	-27.553079103521	4.06497635755018e-167	2.43749631619789e-166	AASDH
AASDHPPT	1481.03036262745	-0.164949790914247	0.0299104417320914	-5.51478953041571	3.49197596092535e-08	4.66555772824295e-08	AASDHPPT
AASS	3636.67399524296	0.520590141548955	0.0492541152379327	10.5694750384639	4.12798828682687e-26	7.37694005273211e-26	AASS
AATF	2445.1969727583	-0.566161242364913	0.0255387397136904	-22.1687228387943	6.88359249477918e-109	2.73053213967651e-108	AATF
AATK	771.897899782648	0.553283051478587	0.0581912701217917	9.50800782180198	1.94348662896953e-21	3.25560234581058e-21	AATK
ABAT	652.220221140043	1.4807320993023	0.0457622732541534	32.3570485906294	1.10419156619557e-229	9.78658413741334e-229	ABAT
ABCA1	3880.18716553829	-1.40815189510296	0.041400482693366	-34.0129342339432	1.43445669615092e-253	1.45228655722231e-252	ABCA1
ABCA10	1633.7431723026	0.292061797942036	0.0511385267331285	5.71118912881846	1.12189481163956e-08	1.5132045934605e-08	ABCA10
ABCA11P	79.308556332958	0.0119813360663786	0.036961612356826	0.32415620700502	0.745819775197038	0.759318012178151	ABCA11P
ABCA12	2196.53742437122	-9.37250742707076	0.182846941479121	-51.2587596557692	0	0	ABCA12
ABCA13	34.3596816998704	-1.71724371908135	0.115418956263069	-14.8783507898591	4.55592002371096e-50	1.06882726895375e-49	ABCA13
ABCA2	3569.40044237175	0.486259425149392	0.0208757287146504	23.2930515526454	5.2137778775345e-120	2.25229699000476e-119	ABCA2
ABCA3	1355.98817260098	0.16336597738247	0.0245267349509746	6.66073073766299	2.72469431091526e-11	3.88216101715891e-11	ABCA3
ABCA4	84.2936208771557	-1.17781690297025	0.0851708054926097	-13.8288806376552	1.70655405656007e-43	3.7254037802738e-43	ABCA4
ABCA5	7062.62403928007	-1.99337584853772	0.0450624194497224	-44.2358815367603	0	0	ABCA5
ABCA6	2150.52668737879	0.467689971824456	0.0505181719996733	9.25785619929955	2.0857781029522e-20	3.44649271445222e-20	ABCA6
ABCA7	1762.0999557394	-1.15553079033682	0.0382716630966537	-30.192855414163	2.93958650012251e-200	2.21403751417177e-199	ABCA7
ABCA8	3650.27710338427	1.60943411856249	0.0534785082891212	30.0949702983748	5.63819729969676e-199	4.21308383527776e-198	ABCA8
ABCA9	3646.57065005044	0.595412301363089	0.0500577564692407	11.8945063334781	1.26398205722921e-32	2.45103318024162e-32	ABCA9
ABCB1	381.143839606084	0.96965937687991	0.0856408024204199	11.3223994810295	1.01650917652425e-29	1.90091228824153e-29	ABCB1
ABCB10	1124.44514755669	-0.32272150417382	0.0316396281579709	-10.1999145679757	1.98446984618408e-24	3.47291869542676e-24	ABCB10
ABCB10P1	0.894568521177878	2.21884166203912	0.159500661728932	13.911175276564	5.41817567683975e-44	1.19029265753957e-43	ABCB10P1
ABCB10P4	0.485692897247121	1.73657033969166	0.164242111405104	10.573234384502	3.96576704706715e-26	7.08985724642525e-26	ABCB10P4
ABCB11	84.7811780298026	-3.60053650187295	0.119862247997495	-30.0389535656648	3.04375280989151e-198	2.26407414590319e-197	ABCB11
ABCB4	248.776893776642	0.763178724567604	0.0706054184836339	10.8090673627904	3.11824086214801e-27	5.65442266138072e-27	ABCB4
ABCB5	90.3230451093214	-5.94569973884155	0.147391423727395	-40.3395230772606	0	0	ABCB5
ABCB6	2146.5528616311	-0.473239053120793	0.0443717421609529	-10.6653250486352	1.47881056120152e-26	2.65934754367517e-26	ABCB6
ABCB7	1815.11238158343	0.183122196238945	0.0326123043278003	5.61512594750451	1.96419122316877e-08	2.63743146414001e-08	ABCB7
ABCB8	1572.23603487857	0.603224007042919	0.0233004773670251	25.8889119540788	8.87838856573358e-148	4.65947150355015e-147	ABCB8
ABCB9	430.57396221199	0.631475017244636	0.0380683185405239	16.5879408772002	8.51913962175129e-62	2.24956773259711e-61	ABCB9
ABCC1	3267.61405179031	-0.590124542760833	0.0343971821555029	-17.1561885532657	5.65021661775558e-66	1.54974172384913e-65	ABCC1
ABCC10	1140.36219586033	0.126345312163351	0.0212207767076017	5.95384956470947	2.61907564631989e-09	3.58388298817212e-09	ABCC10
ABCC11	64.0611051500121	-4.21511120799018	0.129076479466561	-32.6559201599711	6.60348778277425e-234	6.00350422109693e-233	ABCC11
ABCC12	43.3273656481308	-1.8375780444052	0.148821272655634	-12.3475495916318	5.02177786214695e-35	9.9842084489184e-35	ABCC12
ABCC13	1.0664737455929	0.709096243851411	0.192993841535078	3.67419104263245	0.000238604162988532	0.000290603081052541	ABCC13
ABCC2	209.053358091682	-2.06691947539974	0.0415857562323877	-49.7025823902173	0	0	ABCC2
ABCC3	1477.028101265	-3.41170047813792	0.0998727217356047	-34.1604836520806	9.34410945194358e-256	9.58423442988242e-255	ABCC3
ABCC4	715.559676649021	-0.834513899591373	0.0461412077337219	-18.086087048421	4.10198504987195e-73	1.2024073096034e-72	ABCC4
ABCC5	10527.6709350622	-0.372642961602004	0.0766272580790689	-4.86306010346198	1.15584730593019e-06	1.49589527313606e-06	ABCC5
ABCC6	191.620644055538	-2.35192720503435	0.0840433374659189	-27.9846954672416	2.49508755303501e-172	1.56114254578322e-171	ABCC6
ABCC6P1	12.5177017421153	-0.823692558707673	0.118545299557151	-6.94833588328457	3.69620152433926e-12	5.35366298999284e-12	ABCC6P1
ABCC8	337.556651024753	0.483615871774786	0.0913834314608257	5.29216143499823	1.20879113297283e-07	1.5960866415788e-07	ABCC8
ABCC9	4474.11896512805	0.393457886302336	0.0687237781125803	5.7252074479635	1.03307425913098e-08	1.39518116427465e-08	ABCC9
ABCD1	1596.50819941519	-0.0734512860818373	0.0526249311618699	-1.39575072993269	0.16278957194656	0.176231361836062	ABCD1
ABCD2	234.978505903397	1.25570246669	0.117844302036852	10.6556061259315	1.64171697320704e-26	2.94994482278897e-26	ABCD2
ABCD3	2910.13024085451	0.343700389265962	0.0243447399692854	14.1180554690497	2.93992056769901e-45	6.54726093519113e-45	ABCD3
ABCD4	1716.48302964924	0.191042243360714	0.0283934361896636	6.72839462207331	1.7154516302678e-11	2.45272794252984e-11	ABCD4
ABCE1	2384.49978620662	-0.298910377684809	0.0267376266334904	-11.1793908181217	5.14418808152263e-29	9.54939977884797e-29	ABCE1
ABCF1	6783.94641129774	-0.787668239679859	0.0385741665790731	-20.4195789445047	1.12025548507459e-92	3.89149343628477e-92	ABCF1
ABCF2	4841.89228572738	-0.409475059177391	0.0455567599680239	-8.98823927480355	2.51222624679746e-19	4.08810203115178e-19	ABCF2
ABCF3	3509.59385588431	0.234074918878419	0.0287003928760716	8.15580887304071	3.46850589299405e-16	5.37782726785408e-16	ABCF3
ABCG1	1887.04241226941	-0.756063648256933	0.0450472190538334	-16.7838029547041	3.20629294633615e-63	8.57217872077783e-63	ABCG1
ABCG2	145.141388052739	-0.0243149562490884	0.0712515184351849	-0.341255271229158	0.732911417341525	0.746507255360728	ABCG2
ABCG4	42.7629260599997	2.08056156370275	0.0676345057823518	30.7618358356606	8.49355120795219e-208	6.68528269761029e-207	ABCG4
ABCG5	2.74434775860904	0.110767748745179	0.0961925886394369	1.15152061413354	0.249518119601301	0.266609821982729	ABCG5
ABCG8	4.71090265244154	0.351180851404148	0.0925878587903735	3.7929471098284	0.000148869873636922	0.000182523266267418	ABCG8
ABHD1	98.2363216141249	0.481650269756611	0.0756189550578356	6.36943831593853	1.89721701804392e-10	2.66041937694233e-10	ABHD1
ABHD10	1091.88552367866	1.25520444162952	0.02497650310413	50.2554115120288	0	0	ABHD10
ABHD11	893.463411957631	0.455267823906237	0.0364516400600003	12.4896389615626	8.50386606609139e-36	1.7054154752196e-35	ABHD11
ABHD12	2295.11140981824	-0.106997982468248	0.044056474091032	-2.42865514492065	0.0151549395818431	0.0173066083494739	ABHD12
ABHD12B	402.342444872984	-6.14616211425386	0.14756455044033	-41.6506681036457	0	0	ABHD12B
ABHD13	780.809228201267	0.0618249456171157	0.0176759863006485	3.49768010483507	0.00046932370218825	0.00056703778529369	ABHD13
ABHD14A	726.775989613078	0.960233951687404	0.0470473027238344	20.409968182957	1.36373442040431e-92	4.73271318714055e-92	ABHD14A
ABHD14B	2149.8320859422	-0.54271758010391	0.0356377470000857	-15.2287286876638	2.27981581159762e-52	5.47624291760992e-52	ABHD14B
ABHD15	565.694767791353	-0.0830403309367713	0.0515679093020668	-1.61031021153776	0.107330151070536	0.117471274361325	ABHD15
ABHD16A	2287.59560761216	-0.0935027966502969	0.0267233831186388	-3.49891315164664	0.000467158717740944	0.000564497823592316	ABHD16A
ABHD17A	3508.83644580213	0.298001240053399	0.0297353120967263	10.0217962765626	1.22260403354172e-23	2.11534940482358e-23	ABHD17A
ABHD17AP3	3.39276249050615	0.332297564995267	0.0733863295379888	4.52805811500972	5.95282117589695e-06	7.57344928880635e-06	ABHD17AP3
ABHD17AP5	1.80769152568453	0.217017832869169	0.0923340860781868	2.35035447998481	0.0187555398062912	0.0213398945738606	ABHD17AP5
ABHD17B	978.537209955519	-0.827974387738031	0.0282073378880471	-29.3531559420532	2.17788016689211e-189	1.52130465208478e-188	ABHD17B
ABHD17C	632.491103618191	-1.2500469431387	0.0745056707272749	-16.7778765151239	3.54279781902202e-63	9.46621694229114e-63	ABHD17C
ABHD2	4806.37435106158	0.812867957691188	0.0466116088473861	17.4391740124793	4.16043349145585e-68	1.1667232166957e-67	ABHD2
ABHD3	666.148358769528	-0.43564362661241	0.0443886891797313	-9.81429356583326	9.77200258627413e-23	1.66846076596339e-22	ABHD3
ABHD4	2287.20104714954	-0.44035153202539	0.0220219453185117	-19.9960323966125	5.96319673714887e-89	2.00679574622204e-88	ABHD4
ABHD5	2712.16422026763	-0.786187390025495	0.0417590595098954	-18.826750392671	4.5589183708365e-79	1.40884273980134e-78	ABHD5
ABHD6	818.578173961792	-0.989274772616831	0.0507115025463038	-19.5078970833795	9.40731148384181e-85	3.05283962539456e-84	ABHD6
ABHD8	678.825160599884	0.0531198609649068	0.0286694823009367	1.85283642052969	0.0639058082825807	0.0707962616096212	ABHD8
ABI1	2965.14304384003	-0.872200047764083	0.0285529195997537	-30.5467903104244	6.23778484823481e-205	4.82122649433555e-204	ABI1
ABI2	2199.05986075909	1.13198420251843	0.0240384340428672	47.0905966877787	0	0	ABI2
ABI3	348.273856184124	1.58623319593909	0.0476647120762418	33.2789841130654	7.7769749854505e-243	7.40313731957137e-242	ABI3
ABI3BP	2478.66782378409	0.312199837600435	0.0645372456561658	4.83751412732638	1.31473043117604e-06	1.69907836108837e-06	ABI3BP
ABL1	6885.35486442944	0.01921137001277	0.0285475342633257	0.672960748047875	0.500972263005268	0.521663776615828	ABL1
ABL2	1606.23907063265	-0.346782383116989	0.0289078968488082	-11.9961125131552	3.72379828078167e-33	7.25769736383183e-33	ABL2
ABLIM1	28043.4438407051	1.92627362304688	0.0352926212008548	54.5800668101191	0	0	ABLIM1
ABLIM2	10358.0588523272	-3.75665129419542	0.102403119603985	-36.6849301927831	1.27006315517569e-294	1.59988851338821e-293	ABLIM2
ABLIM3	7125.33511220946	1.1887720405521	0.0617439836568673	19.2532449340897	1.32592015899957e-82	4.23339637852984e-82	ABLIM3
ABO	737.037090753047	0.927835343237275	0.0589907780773486	15.7284811876985	9.64981013202154e-56	2.39399864601414e-55	ABO
ABR	6222.93539825797	1.31971123943277	0.0402685280073445	32.7727708147681	1.43896651150668e-235	1.32292319579325e-234	ABR
ABRA	3839.90924852081	-0.697718908874038	0.167096776468971	-4.17553781478005	2.97282862970723e-05	3.71716175648091e-05	ABRA
ABRACL	297.95459610523	0.223641946336411	0.0646331340523425	3.46017487184355	0.000539824693666412	0.000650775804359033	ABRACL
ABT1	1109.94525218954	-0.283206798408499	0.0198733345016103	-14.2505928426632	4.44491722208552e-46	1.00128838586862e-45	ABT1
ABTB1	3568.39089569191	0.442478055244684	0.0284778639829859	15.5376138993094	1.9303800101438e-54	4.72643778054932e-54	ABTB1
ABTB2	1533.66419673229	0.251315846953689	0.0530706665485021	4.73549445104497	2.18521684252426e-06	2.80931926741031e-06	ABTB2
ACAA1	2369.93324606809	1.02449357711952	0.023260493500693	44.0443611864467	0	0	ACAA1
ACAA2	7102.21888241225	1.26012098242932	0.0593949277394752	21.2159696187628	6.80100840435476e-100	2.51437568878189e-99	ACAA2
ACACA	2990.354023809	-0.998729674028951	0.0320157562000166	-31.1949425086025	1.24773938733583e-213	1.01585512037233e-212	ACACA
ACACB	28474.3750776714	-1.31563534652016	0.0876625781983836	-15.0079472171447	6.51324093340132e-51	1.54107321296211e-50	ACACB
ACAD10	1615.15077172902	0.799626862804554	0.0233453861036892	34.2520298980273	4.06821809617857e-257	4.2039032117859e-256	ACAD10
ACAD11	2189.32979317992	0.768307876113288	0.0317528959448787	24.1964662828559	2.42368220015275e-129	1.11610906331414e-128	ACAD11
ACAD8	2445.8454767779	0.0965997421448131	0.025253411326059	3.82521556781249	0.000130657707804192	0.000160314184321672	ACAD8
ACAD9	3267.18559970339	-0.443631761378804	0.034216821513095	-12.9653118484142	1.92446145024061e-38	3.96727331261809e-38	ACAD9
ACADL	520.132288760608	-2.40821880806765	0.0524041901965351	-45.9546994054472	0	0	ACADL
ACADM	7661.46359258823	0.637197246291702	0.0794072920204737	8.02441728056176	1.02008999349621e-15	1.5691881706482e-15	ACADM
ACADS	5406.43998771029	0.238831484592712	0.0683003603045474	3.49678220623985	0.000470906118968292	0.000568911479701223	ACADS
ACADSB	3699.233921339	-0.0441175731635163	0.0495466756322324	-0.890424485610006	0.373237999543427	0.393548338201806	ACADSB
ACADVL	45064.4177772048	0.749437715303764	0.050660771933915	14.7932549523994	1.61929740061068e-49	3.78067088306004e-49	ACADVL
ACAN	60.6143985173273	-0.610533840561551	0.0820462486581957	-7.44133766682048	9.96708118772971e-14	1.48389238657119e-13	ACAN
ACAP1	270.243276322358	-0.068345076543414	0.0312279462755119	-2.18858697720408	0.0286268732052433	0.0323019083913737	ACAP1
ACAP2	2115.41119229759	-0.788609350910967	0.0321866258190004	-24.5011501157551	1.43603153421346e-132	6.74934821080326e-132	ACAP2
ACAP3	5638.77817437021	0.0999978769441397	0.0394170835867247	2.5369171903377	0.0111833404220707	0.0128436462254494	ACAP3
ACAT1	9737.58646978192	0.636624509238804	0.0697632025039642	9.1255058023265	7.14020496222965e-20	1.16973816458952e-19	ACAT1
ACAT2	504.978098829911	-0.979297208925626	0.0522335420264238	-18.7484357930431	1.99369214682375e-78	6.12013170787421e-78	ACAT2
ACBD3	2166.23659076025	-0.585613662849726	0.0169059404555704	-34.6395200189393	6.4242997094472e-263	6.86721015853677e-262	ACBD3
ACBD4	729.879950845449	0.0825710791637035	0.0330979278068031	2.4947507181018	0.0126045645574887	0.014438101597159	ACBD4
ACBD5	2330.60318286331	0.575070827483866	0.0317931777768048	18.0878687723823	3.97151287010269e-73	1.16435184323646e-72	ACBD5
ACBD6	1523.56592966973	-0.0775118024649647	0.0131234372589683	-5.90636438727167	3.49739940037536e-09	4.77450982907302e-09	ACBD6
ACBD7	19.3890697794542	-1.03793632385881	0.0736653936908074	-14.0898768316544	4.38325427733826e-45	9.7459190027626e-45	ACBD7
ACCS	985.500806226629	-0.312909186751427	0.0501044209688853	-6.24514126100255	4.23417270456211e-10	5.89075488984063e-10	ACCS
ACCSL	2.81580861288097	-2.90100023726748	0.158381859568291	-18.3164930957047	6.11271027327884e-75	1.82237326315489e-74	ACCSL
ACD	777.762552717499	0.0992224482910768	0.0235981985466212	4.20466198278018	2.61472624225738e-05	3.27427388430436e-05	ACD
ACE	1093.17372151154	1.2899703364034	0.0672844203030846	19.1719023600514	6.35421303543584e-82	2.01874671462903e-81	ACE
ACE2	626.888540842094	3.27106252528005	0.0932129665557468	35.0923551319843	8.81712367933885e-270	9.78526777754492e-269	ACE2
ACER1	1366.19713053083	-8.97629737253157	0.185376748723587	-48.421916094321	0	0	ACER1
ACER2	299.333614321618	-0.134400665431992	0.0554151006395297	-2.4253437038084	0.0152938996390734	0.0174608668359841	ACER2
ACER3	875.309408410987	0.127367400340272	0.0412708128470089	3.08613743112895	0.00202775075926139	0.00239605759600002	ACER3
ACHE	1783.39118571335	-3.20654644616842	0.108663580829596	-29.5089341036613	2.21118208532629e-191	1.56768368325949e-190	ACHE
ACIN1	8509.34982756196	-0.362498979696823	0.0136866265441591	-26.4856338797031	1.41891004209398e-154	7.78950889531372e-154	ACIN1
ACKR2	136.015128239887	-1.76811213180308	0.0717484439232898	-24.6432122443446	4.35147474873727e-134	2.06732375170281e-133	ACKR2
ACKR3	3111.91970123322	0.0521171154501387	0.0523947658684847	0.994700798567496	0.319881805960639	0.339056255614289	ACKR3
ACKR4	184.058596717434	-0.484010376751676	0.0908433528416334	-5.32796689698857	9.93182192471637e-08	1.31351646805392e-07	ACKR4
ACLY	3795.2125562985	-0.538134555325936	0.0431183410376693	-12.4804095513742	9.5494192930405e-36	1.91360454963845e-35	ACLY
ACMSD	1.88254331746399	-0.903713144310051	0.115982880484202	-7.79178048119907	6.60714515850912e-15	1.00139109201248e-14	ACMSD
ACO1	3938.37309503167	0.469146103241723	0.0518219339294402	9.0530412060751	1.39040801042722e-19	2.27059190743902e-19	ACO1
ACO2	16519.3986931955	1.00670787900229	0.0816887430035832	12.3237038787356	6.75203747195193e-35	1.3407989689201e-34	ACO2
ACOT1	460.163658792173	0.559131966068809	0.0624424604423128	8.95435513123895	3.41727169301314e-19	5.54932861938923e-19	ACOT1
ACOT11	674.151472885831	3.00052959419546	0.0764314547193542	39.2577847067415	0	0	ACOT11
ACOT13	1054.96371518921	0.70757342035458	0.0453192584228326	15.6130847012733	5.929924502908e-55	1.45865770670739e-54	ACOT13
ACOT2	2076.94474440284	0.649042601829245	0.0598914051194631	10.8369907257081	2.29909583961794e-27	4.17534546095264e-27	ACOT2
ACOT4	8.42609174923695	-0.570401414722939	0.0805266573621322	-7.08338621529783	1.40673904572104e-12	2.05208343290312e-12	ACOT4
ACOT6	2.56937386041888	0.0566333621655499	0.100438213633859	0.563862698434713	0.572847577707556	0.592225433397296	ACOT6
ACOT7	671.065965707204	0.440364463203285	0.049701901460764	8.86011299891455	7.99333759749625e-19	1.28908860502177e-18	ACOT7
ACOT8	893.768916193628	0.198063598458029	0.0303375821185337	6.52865471230251	6.63630404621448e-11	9.3811928016261e-11	ACOT8
ACOT9	2573.26862867922	0.957140680134151	0.0259618342315542	36.8672209982311	1.54949950855861e-297	1.98664819469826e-296	ACOT9
ACOX1	4679.64554094754	-0.24648308880341	0.0289058087113209	-8.52711270821064	1.50045661636846e-17	2.37364615091385e-17	ACOX1
ACOX2	737.703127359606	1.45057821367703	0.0479823836458868	30.2314746258208	9.14135424367593e-201	6.89951856353922e-200	ACOX2
ACOX3	988.344517938975	-0.0248250415404401	0.0324870787761736	-0.76415124029702	0.444777119832391	0.465382058480753	ACOX3
ACOXL	249.841861107909	0.00998318503504562	0.0431948683580337	0.231119700430546	0.817221810674829	0.828124848792929	ACOXL
ACP1	2846.0388784076	0.0434439341057336	0.0234355429744152	1.85376264391065	0.063773125047811	0.0706579691011046	ACP1
ACP2	1267.50031887378	0.514720118443871	0.0268750627457706	19.1523317847834	9.2548482084493e-82	2.93665648863557e-81	ACP2
ACP5	606.698576730119	-2.77884584586792	0.089932729194396	-30.899160636627	1.22587562207782e-209	9.75983506104507e-209	ACP5
ACP6	815.970595090554	-0.209371096795419	0.0332638525630504	-6.29425278982835	3.08884104239941e-10	4.31192148927738e-10	ACP6
ACR	59.9128953313687	-0.434848681596141	0.0623442347491218	-6.97496221336275	3.05953037780531e-12	4.43649156846088e-12	ACR
ACRBP	59.6076825572551	0.0240930547013236	0.0533006247752781	0.45202199416804	0.651253137836562	0.668141327607201	ACRBP
ACRV1	3.24472079953761	-0.804788987484141	0.107640016606246	-7.4766709710582	7.62289508798603e-14	1.13714870704265e-13	ACRV1
ACSBG1	392.071076277072	-3.05414299253875	0.118151063250641	-25.8494753116171	2.46637401346888e-147	1.28949168215083e-146	ACSBG1
ACSBG2	9.27234316507448	-1.05100704988385	0.0940947333926332	-11.1696692470371	5.73941969382699e-29	1.06477681035329e-28	ACSBG2
ACSF2	2221.42072625628	-1.48778299539159	0.0397198303680302	-37.4569322579252	4.632245906761e-307	6.19963260725686e-306	ACSF2
ACSF3	961.634889423314	-0.155120742660293	0.0161232208820101	-9.62095252527196	6.52243334400491e-22	1.1009970238694e-21	ACSF3
ACSL1	41546.4391419604	-1.33557208059405	0.0700719887600104	-19.059999640773	5.42751923947477e-81	1.70775692763128e-80	ACSL1
ACSL3	3193.36126406257	-0.115780806892055	0.0284978487064335	-4.06279112801654	4.84894150819829e-05	6.02927375071337e-05	ACSL3
ACSL4	4221.88821970609	-0.698236546694606	0.0649057045660911	-10.7577069128588	5.45096663999666e-27	9.85070278953718e-27	ACSL4
ACSL5	775.775802084742	0.52031061597918	0.0635942581670186	8.18172317715665	2.79813275159938e-16	4.34516801773124e-16	ACSL5
ACSL6	175.606157213408	-0.430582153226498	0.0999754565772571	-4.30687858768377	1.65574429951438e-05	2.08383228242735e-05	ACSL6
ACSM1	39.2913540590708	-0.43810680469808	0.0725758903248693	-6.03653365789928	1.57459920794661e-09	2.16683436604593e-09	ACSM1
ACSM2A	6.02787097126488	-1.139214650579	0.103609731675487	-10.9952475714067	4.02806606793843e-28	7.38608712325147e-28	ACSM2A
ACSM2B	6.0129875889231	-0.659719468041338	0.110501306496546	-5.97024133883847	2.3690289081199e-09	3.2456723780399e-09	ACSM2B
ACSM3	341.160195724523	3.24580100033063	0.0732214051235195	44.328581169061	0	0	ACSM3
ACSM4	2.45868014048661	-0.595365442821518	0.0855570228115241	-6.95869752425893	3.43432976296731e-12	4.97676461625942e-12	ACSM4
ACSM5	500.662486166233	-2.24276681233078	0.074710247763396	-30.0195338587756	5.45698046721391e-198	4.0490975016619e-197	ACSM5
ACSS1	5445.50035792774	1.61487464484191	0.0483253936131945	33.4166889103413	7.84642962046778e-245	7.57338228407724e-244	ACSS1
ACSS2	7565.72275474463	-0.0482592043001274	0.045773093820772	-1.05431379598438	0.291739274528314	0.310231491067119	ACSS2
ACSS3	1107.50373591379	0.895343586573061	0.0496544379401198	18.03149171989	1.10276030077777e-72	3.22567243651294e-72	ACSS3
ACTA1	895609.517208066	-1.63059749147607	0.17210248655949	-9.47457252985375	2.67855158520133e-21	4.48068089259447e-21	ACTA1
ACTA2	8917.16046665404	-0.773497126398972	0.0643437748748481	-12.0213202893903	2.7454916931664e-33	5.35909737244506e-33	ACTA2
ACTA2-AS1	952.349809215058	-2.444743840003	0.0784267930818845	-31.1723040549481	2.52946273221008e-213	2.05380508085312e-212	ACTA2-AS1
ACTB	95577.5520711152	-0.244573017035416	0.0409845958139366	-5.96743757449109	2.41008447835218e-09	3.30116654198885e-09	ACTB
ACTBL2	4.1720440280718	-3.37151992600931	0.267300250014774	-12.6132314721852	1.78520233513732e-36	3.60303029877866e-36	ACTBL2
ACTBP1	0.911253238811143	-0.518937943563651	0.126743449248569	-4.09439656755681	4.23269313170585e-05	5.27066332760356e-05	ACTBP1
ACTBP11	2.13924086668524	-0.212797483990865	0.0908880712342495	-2.34131367407295	0.0192160149250245	0.0218513887975594	ACTBP11
ACTBP2	11.5311152087502	-0.11952025968038	0.0526780037412863	-2.26888361729445	0.0232754042425391	0.0263659021943205	ACTBP2
ACTBP8	3.37528142541634	0.106584204499887	0.124664236607677	0.854970177496145	0.392567657846661	0.413034684019974	ACTBP8
ACTBP9	1.20202859744003	-0.340716498025586	0.112126495261251	-3.03867963795468	0.00237617391180614	0.00280059625393978	ACTBP9
ACTC1	65087.0641270516	5.53924532793513	0.130604106598637	42.4124897156408	0	0	ACTC1
ACTG1	68336.6323891721	-0.672948671452934	0.0475747780145379	-14.1450722323348	2.00310870973702e-45	4.46981032403322e-45	ACTG1
ACTG1P1	15.5503627181304	-1.13198120720093	0.0616390783249233	-18.3646679665425	2.51986130807526e-75	7.53488760908019e-75	ACTG1P1
ACTG1P10	11.0006454756102	-1.27682898540256	0.0625150635512245	-20.4243411566932	1.01620081099811e-92	3.53139590709982e-92	ACTG1P10
ACTG2	2992.03309109183	-2.56586321491647	0.086973277813761	-29.50174213752	2.73456354033683e-191	1.93646256056661e-190	ACTG2
ACTL10	40.0700635137652	-0.539705383487812	0.0634402540525001	-8.50730173686218	1.78027795854815e-17	2.8140835556573e-17	ACTL10
ACTL6A	1034.97294563786	-0.337509929579035	0.0238289474707083	-14.1638622517389	1.53330118712075e-45	3.42911599818122e-45	ACTL6A
ACTN1	8113.84957676958	0.304750688110159	0.0535609607009094	5.68979129802997	1.27194733474348e-08	1.71392499234355e-08	ACTN1
ACTN2	136942.721833661	0.102079787989574	0.165827328066969	0.615578802236677	0.538172545289916	0.558333467106436	ACTN2
ACTN3	12086.3243620365	-10.0571097171911	0.171987532314383	-58.4758068323654	0	0	ACTN3
ACTN4	16801.2406512267	-0.456425081243333	0.0452923325930708	-10.0773145279155	6.96024222194435e-24	1.20890891776554e-23	ACTN4
ACTN4P1	3.28169994497329	-0.342456594961604	0.0885523286332078	-3.867279384375	0.000110056316261838	0.000135341149680923	ACTN4P1
ACTR10	2575.86126028639	0.266069591734311	0.0189891527538293	14.0116620885392	1.32272664259797e-44	2.92582972393783e-44	ACTR10
ACTR1A	9944.07868478624	-0.138867111490703	0.0366378492809589	-3.79026373589221	0.000150487414535787	0.00018449390104602	ACTR1A
ACTR1B	4715.66899690814	0.352814415562062	0.0221485633257198	15.9294492547225	3.95828077505557e-57	9.94737012868565e-57	ACTR1B
ACTR2	6012.51860979543	-0.263332687469822	0.0203844145280562	-12.9183345985916	3.54736545751556e-38	7.29450829343587e-38	ACTR2
ACTR3	5127.85933642126	-0.0827994672585586	0.0258594418251592	-3.20190465897841	0.00136522175137741	0.00162449476114125	ACTR3
ACTR3B	563.224264559784	-0.536584175094579	0.0266211521785705	-20.1563092196482	2.36908208653675e-90	8.07227837208934e-90	ACTR3B
ACTR3BP4	0.159858490713457	0.217004561689038	0.358717479503214	0.604945602287256	0.545215141557196	0.565314081168774	ACTR3BP4
ACTR3C	59.6804554186954	-0.0141732476457459	0.0554898902599364	-0.255420358183316	0.798398448579007	0.809734096167148	ACTR3C
ACTR5	680.142658612946	-0.684003735714883	0.0188817788705928	-36.2255982554788	2.40757320624602e-287	2.92236852903807e-286	ACTR5
ACTR6	816.334941400065	0.00582671247641658	0.0182837860582359	0.31868194354593	0.74996770826958	0.763316552084861	ACTR6
ACTR8	888.941870388761	0.470825966688744	0.016967817905034	27.7481741803147	1.83315692004154e-169	1.12087831921426e-168	ACTR8
ACTRT3	45.7354666346061	0.205563304837463	0.0502972960411829	4.08696532452064	4.37052411253975e-05	5.43928405350028e-05	ACTRT3
ACVR1	1531.61751553422	-0.140653996648221	0.0242554254215046	-5.79886743703611	6.67642815524901e-09	9.05533327476171e-09	ACVR1
ACVR1B	3671.29914075789	-1.50262526169555	0.0475747149957514	-31.5845352269529	6.02094202291843e-219	5.0693628322991e-218	ACVR1B
ACVR1C	490.426324754446	-4.24024539726078	0.102163528476864	-41.5044924590777	0	0	ACVR1C
ACVR2A	1389.10967942129	-1.50284711597646	0.0450770721208237	-33.3395015529904	1.03413338289219e-243	9.89130447685568e-243	ACVR2A
ACVR2B	681.147715707234	-0.220479886297051	0.0441471177811077	-4.99420794331908	5.90777179404168e-07	7.69506512768048e-07	ACVR2B
ACVRL1	2761.39951677209	0.966320394444606	0.0452253692891072	21.3667773118074	2.7229093272915e-101	1.01669966398204e-100	ACVRL1
ACY1	1032.05242812603	-0.248131445372634	0.0370993189766382	-6.68830189386722	2.25775012397255e-11	3.21940430779705e-11	ACY1
ACY3	4.08702625405176	-2.13961695769704	0.14795268384675	-14.4614947297155	2.12140324732099e-47	4.84426992959853e-47	ACY3
ACYP1	339.391643288062	-0.242462991805919	0.0303631675081252	-7.98543141920339	1.40031697706836e-15	2.14766174526775e-15	ACYP1
ACYP2	1617.70307229778	-0.167092462531963	0.0772608742329978	-2.16270478674702	0.0305638927062204	0.0344336357869992	ACYP2
ADA	651.192386831465	1.08010499320874	0.0443667909901118	24.3448978189446	6.56549838483046e-131	3.05467915289049e-130	ADA
ADAD2	31.9295277565147	0.313102437031735	0.0749125469506098	4.17957271214079	2.92057328654954e-05	3.65269504142141e-05	ADAD2
ADAL	861.963589576689	0.85682642893838	0.0618322616657283	13.8572713637821	1.14961965751429e-43	2.51571887368281e-43	ADAL
ADAM10	2381.87028921769	0.323738319869965	0.0223534870963419	14.4826763929349	1.55906295073325e-47	3.56512857928726e-47	ADAM10
ADAM11	384.330391075892	3.5186429778789	0.0537233527781487	65.4955954147014	0	0	ADAM11
ADAM12	352.333916525403	-1.26288704102171	0.116521699336898	-10.8382133817868	2.26858048826466e-27	4.12075856400122e-27	ADAM12
ADAM15	9509.57579439524	0.133124231511365	0.0481864836681399	2.76268823490402	0.00573274952524708	0.00665990475662941	ADAM15
ADAM17	981.870964895766	-0.422483835310475	0.0240940751181886	-17.5347604437218	7.77766830822085e-69	2.19651407618895e-68	ADAM17
ADAM19	855.907523137842	2.3203625883983	0.0593083726028203	39.1236934443883	0	0	ADAM19
ADAM2	0.461248341738083	-0.147859158707273	0.333229494550434	-0.443715700816797	0.657248142458989	0.674022891380634	ADAM2
ADAM20	11.1222261560025	-0.0333773848634004	0.0516654703663369	-0.646028858863302	0.51826066597417	0.53876243059604	ADAM20
ADAM21	17.7171392544816	0.511861125207999	0.0548398231969103	9.33374864047406	1.0219121266197e-20	1.69683979257275e-20	ADAM21
ADAM21P1	3.34365864755244	-0.92987358968064	0.142292579419342	-6.53494084846313	6.36346862903063e-11	9.00045562907051e-11	ADAM21P1
ADAM22	281.419486484679	0.167826381611755	0.0499934815477436	3.35696527659274	0.000788030085818695	0.000944555172114951	ADAM22
ADAM23	1210.00418545635	3.75883482111045	0.0722100293662683	52.0541932207873	0	0	ADAM23
ADAM28	136.668188249486	-0.322047298341277	0.0675758921705128	-4.76571285997471	1.88187103891744e-06	2.4243584464004e-06	ADAM28
ADAM29	3.07190514703161	-1.89684356795378	0.216254886326737	-8.77133275540355	1.7656381146401e-18	2.83323691403427e-18	ADAM29
ADAM32	49.5529887633164	-0.127699713035636	0.0566921683280119	-2.25251065185557	0.0242900203492552	0.0274858345679497	ADAM32
ADAM33	3767.34617444336	0.057193832866768	0.0655539984066666	0.872469021827838	0.382952560784345	0.403342639206542	ADAM33
ADAM3B	0.524421127088906	0.0786323247284724	0.202643881884922	0.388032068854299	0.697992301808056	0.712842359290072	ADAM3B
ADAM8	280.125712964809	0.174508698116968	0.0479775759794546	3.63729710295696	0.000275514068928083	0.000335012750254959	ADAM8
ADAM9	3515.23660815803	0.728124426912443	0.0272339638119357	26.7358961016659	1.80145895063735e-157	1.01179602403816e-156	ADAM9
ADAMDEC1	18.5937602345923	-2.16398590119524	0.127871439717831	-16.9231370661848	3.03808393691784e-64	8.19549662047924e-64	ADAMDEC1
ADAMTS1	11279.1074555397	0.365800170553245	0.0589613330855048	6.20406886022688	5.50216919075202e-10	7.63643389381087e-10	ADAMTS1
ADAMTS10	1395.10531924384	-0.166104674053954	0.0508977352875749	-3.26349832886382	0.00110045833227272	0.00131396593521101	ADAMTS10
ADAMTS12	441.108779311376	-0.37361898608988	0.06891372832188	-5.42154655085257	5.90856057519388e-08	7.85524364210229e-08	ADAMTS12
ADAMTS13	413.169510797454	0.518710254841481	0.0367449602491902	14.1165006391022	3.00549292072739e-45	6.69246388743366e-45	ADAMTS13
ADAMTS14	107.732916596392	0.801102927662359	0.084226542060597	9.51128834288369	1.88315631758515e-21	3.15512815272247e-21	ADAMTS14
ADAMTS15	1512.30806550066	1.07162567080902	0.0721140559782708	14.8601497485029	5.97913897033797e-50	1.40107368660575e-49	ADAMTS15
ADAMTS16	32.9098903702135	-1.29648742108697	0.107382500345575	-12.0735447294918	1.45719394492051e-33	2.85398196088719e-33	ADAMTS16
ADAMTS17	573.325145783152	-2.31509801147308	0.0694973198755181	-33.312047365565	2.58394721594797e-243	2.46756678165938e-242	ADAMTS17
ADAMTS18	148.730182080449	-6.35465963440501	0.163021233360788	-38.9805640860372	0	0	ADAMTS18
ADAMTS19	36.4695593771529	-0.0443515084100378	0.104119055794089	-0.425969176072337	0.670130306740051	0.686295479981093	ADAMTS19
ADAMTS2	1905.09198467006	-0.293080561593519	0.0699564503754904	-4.18947159297553	2.79604780069733e-05	3.49889860690669e-05	ADAMTS2
ADAMTS20	0.894573507292394	-1.3031089587066	0.254789732651178	-5.11444847147993	3.14658968688471e-07	4.122098897723e-07	ADAMTS20
ADAMTS3	232.381264291399	-2.35438268770167	0.0884654345482099	-26.613588682692	4.72611265046639e-156	2.62819752304743e-155	ADAMTS3
ADAMTS4	5107.72864745284	1.02417112977763	0.0975369822342805	10.5003364500001	8.6072792521014e-26	1.53314500115849e-25	ADAMTS4
ADAMTS5	1677.7745000946	-0.637110702631954	0.0618852087469787	-10.2950400512798	7.41886962728222e-25	1.30480773972357e-24	ADAMTS5
ADAMTS6	115.753160488874	1.04302212815185	0.0644174321749487	16.1916129366838	5.77935661077529e-59	1.47859861214562e-58	ADAMTS6
ADAMTS7	798.134578562656	2.42750663304718	0.0541654009143744	44.8165543329888	0	0	ADAMTS7
ADAMTS8	114.823384955161	0.494875056615382	0.0732970403342857	6.75163764264431	1.46185608060512e-11	2.09413268398637e-11	ADAMTS8
ADAMTS9	3406.66744073095	0.905724135793927	0.0822819050909077	11.0075737161561	3.51338083533247e-28	6.4502160547496e-28	ADAMTS9
ADAMTSL1	364.646041579617	-1.08027382423324	0.0887298940388808	-12.1748575937651	4.23131953242296e-34	8.33803863198093e-34	ADAMTSL1
ADAMTSL2	513.477170537952	2.4242246036373	0.074754585751943	32.4291089202416	1.06739625164455e-230	9.51198016131365e-230	ADAMTSL2
ADAMTSL3	595.532071560737	1.89440774236159	0.0406171138560948	46.6406290972179	0	0	ADAMTSL3
ADAMTSL4	3600.33022314831	-0.103594347352227	0.0483213892609464	-2.1438611127837	0.0320440168691618	0.0360560287324529	ADAMTSL4
ADAMTSL4-AS1	2.58278795750699	-0.241963488654986	0.0784554485219063	-3.08408776208098	0.00204177354964529	0.00241199407187065	ADAMTSL4-AS1
ADAMTSL5	697.860505883113	2.02181285722134	0.0682690195964884	29.6153785299905	9.47236071171663e-193	6.78249662576019e-192	ADAMTSL5
ADAP1	123.023865490896	1.68190863923317	0.0596376984032318	28.2021051158143	5.51010372757816e-175	3.51603605814018e-174	ADAP1
ADAP2	391.315591664475	-0.172202243883788	0.0553179336014275	-3.1129551064674	0.00185224190575059	0.0021916917468886	ADAP2
ADAR	8322.99017744962	0.17644784157028	0.0299822746923999	5.88507187598436	3.97881041475917e-09	5.42636307872413e-09	ADAR
ADARB1	2669.05976268839	-0.516770613792949	0.029138171537789	-17.735176454801	2.24390752820942e-70	6.42375626833615e-70	ADARB1
ADARB2	41.0384799770411	-0.482999349551076	0.0768311714042528	-6.28650247969981	3.24697833094923e-10	4.53021678308922e-10	ADARB2
ADAT1	877.537699557559	-0.214818497894388	0.0221355857873464	-9.70466740560293	2.88014093428692e-22	4.88462567911239e-22	ADAT1
ADAT2	651.865926797469	-0.791776916559883	0.0397319903708495	-19.9279449423403	2.32932039811801e-88	7.80094818353902e-88	ADAT2
ADAT3	184.603147833146	-1.09923524174604	0.0628573072794892	-17.4877876466835	1.77515942370159e-68	4.99916220057138e-68	ADAT3
ADCK1	697.492198062782	0.456283608808974	0.0342664328821176	13.3157603646305	1.87454232309548e-40	3.95078285423741e-40	ADCK1
ADCK2	1139.2129262106	-1.02670048242617	0.0325555049326961	-31.5369239257301	2.70962862521547e-218	2.26549116964717e-217	ADCK2
ADCK5	556.675757624777	0.0951352324238158	0.0269814801873019	3.52594563987593	0.00042197357352081	0.000510274506042463	ADCK5
ADCY1	659.529645093949	0.595108573902501	0.0665779838838166	8.93851899962919	3.94420670476839e-19	6.39291057919465e-19	ADCY1
ADCY10	18.5109432907522	0.37336340364301	0.052005680329661	7.17928121075007	7.00788715408302e-13	1.02836045211257e-12	ADCY10
ADCY10P1	512.056896508735	0.555139639467823	0.0444422348870411	12.49126289168	8.33204458067032e-36	1.67114355985121e-35	ADCY10P1
ADCY2	3748.01632925441	-6.87142780224946	0.0869739922974543	-79.0055466092544	0	0	ADCY2
ADCY3	2211.33632591325	-0.276425760439398	0.0496276334189973	-5.56999682224587	2.54743981571022e-08	3.41193929483628e-08	ADCY3
ADCY4	3714.57991481156	1.22311444777988	0.0528440201576696	23.1457493985224	1.60435669541745e-118	6.8631237818939e-118	ADCY4
ADCY5	3981.07305629536	3.96480137885811	0.0591427544282868	67.0378208993563	0	0	ADCY5
ADCY6	5240.78414742785	2.0060343882988	0.0343444155562829	58.4093325161221	0	0	ADCY6
ADCY7	312.644516964561	-0.627669010205919	0.0615865920909757	-10.191650307241	2.16064776148103e-24	3.77976874192615e-24	ADCY7
ADCY8	109.220921349603	-5.96377719499308	0.148673560298851	-40.1132332003432	0	0	ADCY8
ADCY9	5850.64594456442	-0.612441052281353	0.0695694147488134	-8.80330896116671	1.32840204129344e-18	2.13638570046665e-18	ADCY9
ADCYAP1	73.9584775079904	-0.332139552290641	0.115198997461827	-2.88318092699288	0.00393681252697872	0.00460262143912087	ADCYAP1
ADCYAP1R1	440.013543249151	1.31824373391477	0.0702846568456592	18.7557824577497	1.73643338491476e-78	5.33587186101923e-78	ADCYAP1R1
ADD1	16345.1180053579	0.187031133181763	0.0240893889274666	7.76404639175017	8.22617866003519e-15	1.24478347393488e-14	ADD1
ADD2	146.350294611159	1.01084078209338	0.0519735144228175	19.4491520021128	2.96290385146972e-84	9.57888509883376e-84	ADD2
ADD3	4485.58525016751	0.515064078390093	0.0506091250631251	10.1772966386526	2.5042168228129e-24	4.37696932007526e-24	ADD3
ADGB	4.07841966509633	-1.6584973286544	0.14219457955077	-11.6635763043432	1.95648437019685e-31	3.74069836940132e-31	ADGB
ADH1A	23.6096960411871	-1.50884652377721	0.0924474161950706	-16.3211324434794	6.98281355158675e-60	1.80600038422576e-59	ADH1A
ADH1B	23849.0958791599	-1.87806180726569	0.0876981320569921	-21.4150719429828	9.66944812683118e-102	3.62624449439767e-101	ADH1B
ADH1C	608.715607175096	-1.27747305860016	0.0941052467976532	-13.5749397836128	5.63900270754589e-42	1.21116439253709e-41	ADH1C
ADH4	89.0167925193955	-3.52263400775947	0.113310658371603	-31.088284706695	3.46829212911089e-212	2.79716517097335e-211	ADH4
ADH5	5683.74806739529	0.430937309748579	0.0305001549984514	14.1290203204036	2.51620373752125e-45	5.60918680855976e-45	ADH5
ADH6	53.6450737833576	-3.02727864208125	0.0977335866387355	-30.9748035061002	1.1777883464305e-210	9.43541078063884e-210	ADH6
ADH7	7.11882573530267	-2.11251157622079	0.136096766320889	-15.522129094823	2.45759418955799e-54	6.01075448454257e-54	ADH7
ADHFE1	2592.40745173318	0.487632036722423	0.0653647498256071	7.46016833267814	8.64120100909767e-14	1.28777431380716e-13	ADHFE1
ADI1	5878.34653880001	0.919433105206286	0.0437923789607287	20.9952765076042	7.24402210602315e-98	2.63433620061662e-97	ADI1
ADIPOQ	5977.59286060414	-4.97030595225787	0.14875426297989	-33.4128639589293	8.91720684822284e-245	8.59307497188755e-244	ADIPOQ
ADIPOR1	6730.59163042458	-0.370630472771789	0.0277000499060389	-13.3801373654199	7.90012353790758e-41	1.67365098041514e-40	ADIPOR1
ADIPOR2	5663.65849056238	-0.262294612631434	0.0268745755945488	-9.75995366731066	1.67231605221633e-22	2.84450167778004e-22	ADIPOR2
ADK	1337.13942784831	-0.132751316592411	0.0300400004250284	-4.41915162164268	9.90891130687997e-06	1.2544504707444e-05	ADK
ADM	6310.91539781735	-1.73012761598963	0.0623343226354338	-27.7556174967745	1.49064052948006e-169	9.12687760924168e-169	ADM
ADM2	32.4320165015723	-0.902454545369707	0.0990000134602406	-9.11570123909268	7.81633356000523e-20	1.27968913518558e-19	ADM2
ADM5	126.475123826067	-1.49311694576489	0.0539457201492128	-27.6781353856239	1.28014221496807e-168	7.76671385629935e-168	ADM5
ADNP	4783.86451526578	-0.593393833785325	0.0148787310157571	-39.8820190483247	0	0	ADNP
ADNP2	1341.92244210272	-0.413690800383713	0.0469999688400838	-8.80193775853948	1.34473762030407e-18	2.16246398991366e-18	ADNP2
ADO	1022.9745261696	0.471446255718306	0.0311672901302733	15.1263152410027	1.08608802855895e-51	2.59223953886101e-51	ADO
ADORA1	385.429429212637	1.18195874201291	0.0667310807562667	17.712267336565	3.37210805916677e-70	9.63972005289202e-70	ADORA1
ADORA2A	316.402746180546	2.52672579739648	0.0354816456955476	71.2121928919871	0	0	ADORA2A
ADORA2A-AS1	29.862736128593	0.767261454201962	0.0461828570052978	16.6135554176293	5.55980392515518e-62	1.47071315880556e-61	ADORA2A-AS1
ADORA2B	187.15744382585	-0.593189138099471	0.0898413615827216	-6.60262854045563	4.03930770985467e-11	5.73706628413239e-11	ADORA2B
ADORA3	67.7122722596954	0.715428166852606	0.0746983879047316	9.5775583238161	9.93662024137259e-22	1.6721426658404e-21	ADORA3
ADPGK	1645.96300093951	-0.363161724942502	0.0340000179732917	-10.6812215578174	1.24620881730131e-26	2.24285192163975e-26	ADPGK
ADPRH	888.899516976263	0.252074163190135	0.0470189393555362	5.3611197242044	8.27076773199488e-08	1.09568803314424e-07	ADPRH
ADPRHL1	24875.4336175721	0.228553014968492	0.133393218283658	1.71337807055887	0.0866430080036912	0.0953629340919868	ADPRHL1
ADPRM	499.213714234672	-1.06998292419171	0.0246992486297157	-43.3204645304233	0	0	ADPRM
ADRA1A	265.847714158775	2.48580427010538	0.0940635595045602	26.4268573632372	6.73360259850658e-154	3.67307819320355e-153	ADRA1A
ADRA1B	96.3697129602309	1.04369586635207	0.0693723042671574	15.0448493440946	3.73182197649452e-51	8.85766447770014e-51	ADRA1B
ADRA1D	53.1269700737743	-0.754005692810923	0.0561439440990913	-13.4298668344379	4.04137577662445e-41	8.59407033136641e-41	ADRA1D
ADRA2A	1474.38854960375	-3.06686222247312	0.0926847050485686	-33.0891943915236	4.25085524400657e-240	3.9978916012206e-239	ADRA2A
ADRA2B	672.138533934264	1.35238334895554	0.0524746075245329	25.772147954099	1.82035735566289e-146	9.45692720325763e-146	ADRA2B
ADRA2C	481.75013680298	0.367921856017729	0.054839085756935	6.70911724620065	1.95805298447695e-11	2.79626432158426e-11	ADRA2C
ADRB1	483.674057257283	4.85300885391026	0.0906451417685768	53.5385433705904	0	0	ADRB1
ADRB2	1479.95623946979	-1.83122035005375	0.0598543820382374	-30.5945912010903	1.44449328252121e-205	1.12175684118483e-204	ADRB2
ADRB3	5.70641761741242	-1.16767569751679	0.170547134913236	-6.84664505276402	7.5601985814341e-12	1.08890330184346e-11	ADRB3
ADRM1	5301.26009725484	-0.810539378905778	0.0524412330769476	-15.456146458579	6.85804341773162e-54	1.66961914474691e-53	ADRM1
ADSL	5992.00790808784	-1.22933812492614	0.0728352759064966	-16.8783341536912	6.49519006141955e-64	1.74689849537746e-63	ADSL
ADTRP	206.054937903309	-5.00599762989541	0.137074585004706	-36.5202464754758	5.29222786922739e-292	6.57910178687585e-291	ADTRP
AEBP1	13332.0990042332	-0.693038402639606	0.069739838562652	-9.9374821755144	2.85963582199811e-23	4.92266466785769e-23	AEBP1
AEBP2	1615.22574283202	-0.575936780745198	0.0265196879163249	-21.7173287469444	1.40727433520607e-104	5.39675017214413e-104	AEBP2
AEN	1012.90198954006	-0.300097078669089	0.0483915979038347	-6.20142941478087	5.59526143363454e-10	7.76503747335251e-10	AEN
AFAP1	270.926048028426	-0.365327412688787	0.0469905842966782	-7.77448116802012	7.57572594837439e-15	1.14683914554442e-14	AFAP1
AFAP1-AS1	29.5567966858003	-0.655298622389223	0.0646867335239284	-10.1303402829395	4.05236724963958e-24	7.05753317151337e-24	AFAP1-AS1
AFAP1L1	3073.16723606185	0.887589869953413	0.0473396519708502	18.7493957602383	1.95803028600381e-78	6.01270951524301e-78	AFAP1L1
AFAP1L2	1028.53755915119	-0.385537474535166	0.054286095302094	-7.10195626319608	1.23003161877605e-12	1.79678642940742e-12	AFAP1L2
AFF1	11139.0647007514	-0.882379909532051	0.0368522670721302	-23.9437076640356	1.07456906404201e-126	4.863796258944e-126	AFF1
AFF2	119.194605448247	-2.59376155544158	0.0963542194102012	-26.9190241103959	1.31534682275594e-159	7.490527730601e-159	AFF2
AFF3	605.673074931825	-0.290046587698201	0.0789277121944231	-3.67483840129216	0.000238000005197487	0.000289906488940314	AFF3
AFF4	6642.25607514403	-0.641709229873128	0.023188882834791	-27.6731412394888	1.4701542745575e-168	8.91352209373851e-168	AFF4
AFG3L1P	1242.39236816121	-0.210880715103595	0.0199131353197494	-10.5900307368699	3.31482990897118e-26	5.93320604468432e-26	AFG3L1P
AFG3L2	4740.87238374179	0.202465094343747	0.0519530247146763	3.89708001518056	9.7359459254822e-05	0.000119948506333998	AFG3L2
AFM	1.21273411075678	-0.405717924645163	0.19380431931137	-2.09344108576511	0.0363097980262909	0.0407438395631007	AFM
AFMID	864.844818595093	0.300694592889781	0.0376440555711648	7.98783734449996	1.37326472171543e-15	2.10653074184912e-15	AFMID
AFTPH	2121.65879051702	-1.11494422077027	0.0255309543504238	-43.6702915788875	0	0	AFTPH
AGA	584.154562670745	-0.864945056949991	0.0344265631868092	-25.1243509918934	2.69558346882399e-139	1.32940268554248e-138	AGA
AGAP1	1931.1445060244	-0.0705258432264547	0.0239582123361227	-2.94370223608546	0.00324311858232071	0.00380272131320708	AGAP1
AGAP2	1025.63355904368	2.57321938145042	0.0666399579795241	38.613760564511	0	0	AGAP2
AGAP2-AS1	91.2474177361219	-0.546995717017339	0.0626166452419753	-8.73562796127982	2.42306238851526e-18	3.88152433432493e-18	AGAP2-AS1
AGAP3	4984.00098437771	-0.254356091288352	0.0226080368288791	-11.2506934243597	2.29778434226043e-29	4.28359734310585e-29	AGAP3
AGAP4	273.01134885639	-0.0142379970339919	0.0302908265202705	-0.470043200190126	0.638324153474521	0.655624391572227	AGAP4
AGAP5	148.682800201737	0.0537574613973541	0.0249998113023256	2.15031468626939	0.0315303314911697	0.0354957784348058	AGAP5
AGAP6	67.0310284971305	-0.277163839058231	0.0339377786797197	-8.16682322299003	3.16616326940074e-16	4.91159126270964e-16	AGAP6
AGAP9	589.855735394607	-0.289044806770954	0.0459567892753543	-6.2894908745499	3.1850882938126e-10	4.44455615324966e-10	AGAP9
AGBL1	746.278951072955	-8.33369817624311	0.195063558703089	-42.7229885051366	0	0	AGBL1
AGBL2	32.4231365487098	-0.642699709973833	0.0768947638268169	-8.35817262435876	6.36971950479874e-17	9.98704997873723e-17	AGBL2
AGBL3	55.3227347351461	-0.636319473690811	0.0388646234335176	-16.3727168173727	2.9953875887441e-60	7.77505003388357e-60	AGBL3
AGBL4	18.1331196468751	-0.119114195948455	0.0837833166541732	-1.42169349108146	0.155115250501907	0.168216737410978	AGBL4
AGBL5	916.873253633426	-0.42981064912602	0.0241753435209354	-17.7788848689497	1.03008469499813e-70	2.95923309841386e-70	AGBL5
AGER	303.991277153021	0.669630836548887	0.041582088648517	16.1038287953525	2.39795548165515e-58	6.10286959214964e-58	AGER
AGFG1	3755.85050258692	-0.228675241824085	0.0223595939138695	-10.2271643530269	1.49842700729332e-24	2.62614979634769e-24	AGFG1
AGFG2	1928.81314935905	-0.681950199429967	0.0545672970384736	-12.4974157864031	7.71175802836933e-36	1.54725096153228e-35	AGFG2
AGGF1	1371.40084598994	-0.10107874095077	0.0223862358888746	-4.5152182552049	6.32515886753168e-06	8.04090287955069e-06	AGGF1
AGK	1290.20863383355	0.856891790108591	0.0182445195032807	46.967079070211	0	0	AGK
AGL	9978.08329227958	-1.61996040470442	0.0949221604807204	-17.0661982038793	2.64898063102728e-65	7.20960089796222e-65	AGL
AGMAT	370.541410741838	-5.19340758362382	0.126592077429853	-41.0247441156147	0	0	AGMAT
AGMO	56.7205567925971	-0.417198395294327	0.0745799639849456	-5.59397421241101	2.21929931901384e-08	2.9753189127555e-08	AGMO
AGO1	2368.36642275818	-0.158238362031458	0.0191214254616244	-8.27544799675281	1.2797354162397e-16	1.99779006397804e-16	AGO1
AGO2	5514.08504598056	-0.575481614591962	0.0402989333568993	-14.2803187740808	2.9027062964754e-46	6.54946302868559e-46	AGO2
AGO3	1594.72296737288	-0.228858010970979	0.0161570470902438	-14.1645939194651	1.51741524046395e-45	3.39400990849795e-45	AGO3
AGO4	3093.42810268463	-0.390601761723653	0.0235074822653017	-16.6160611040937	5.33229434948975e-62	1.41073825081077e-61	AGO4
AGPAT1	3662.32237397344	0.478037777402867	0.0294724895678885	16.2197963053555	3.65404550784295e-59	9.37387390432961e-59	AGPAT1
AGPAT2	4875.64732937809	-0.368713663463635	0.0710823856742204	-5.18713124167633	2.1355823516838e-07	2.80767001991382e-07	AGPAT2
AGPAT3	6956.75374672011	-0.107922301473812	0.0480523309108564	-2.24593270353571	0.0247083187510638	0.0279521396328494	AGPAT3
AGPAT4	525.664758043655	0.190868177989255	0.0500843653904148	3.81093334219991	0.000138443097417048	0.000169774112446644	AGPAT4
AGPAT5	954.228358799663	-1.25005355390126	0.0423588061063076	-29.5110667369617	2.0761622971209e-191	1.47311775760636e-190	AGPAT5
AGPS	1708.0019091551	-0.0322125943136589	0.0296755667394962	-1.0854921355482	0.277703745009631	0.29579556887091	AGPS
AGR2	211.26288047752	-4.97961274293816	0.152941634954298	-32.5589087917503	1.56625470623448e-232	1.4061920681759e-231	AGR2
AGR3	55.4530608409187	-5.96479483834561	0.226173139057297	-26.3726933410715	2.81930124562764e-153	1.52954315016706e-152	AGR3
AGRN	3355.47208219483	0.246257269173148	0.0599449632364434	4.10805605471514	3.99003276945069e-05	4.97262391878163e-05	AGRN
AGRP	0.937920415137191	0.295286384004687	0.124509454889538	2.37159807876967	0.0177113453044596	0.0201671153662835	AGRP
AGT	2955.24885895221	2.8052642668069	0.0850750598282608	32.9739911140801	1.91703373923722e-238	1.79079005397038e-237	AGT
AGTPBP1	1490.86101718364	0.448882365194153	0.0335659823246417	13.3731335747209	8.68053741480248e-41	1.83725283955155e-40	AGTPBP1
AGTR1	1318.8190543288	-2.22707610932732	0.0578351766377579	-38.5072932910066	0	0	AGTR1
AGTR2	7.43798243864918	5.84677269659321	0.181539640872969	32.2065895276528	1.42716137443359e-227	1.24770917441375e-226	AGTR2
AGTRAP	1651.15695361474	-0.307262418090991	0.0362704810605632	-8.47141832990676	2.42422925532286e-17	3.8262648684846e-17	AGTRAP
AHCTF1	3284.04334578166	-0.514826535332917	0.0189901306756284	-27.1102155180867	7.46208127600239e-162	4.3163536326902e-161	AHCTF1
AHCTF1P1	27.2147936102362	-0.380483001182846	0.0463511831935457	-8.20870094284513	2.23594364386671e-16	3.47635356134434e-16	AHCTF1P1
AHCY	4657.60939909792	-0.0948022504484828	0.0347891218032623	-2.72505442892764	0.00642908876100424	0.00745779267862078	AHCY
AHCYL1	8082.88541143209	-0.843068819607741	0.032444100982357	-25.9852729488852	7.26578913993212e-149	3.84228761186599e-148	AHCYL1
AHCYL2	2877.7057207903	-2.02717102325958	0.0405276283935079	-50.0194830937681	0	0	AHCYL2
AHDC1	6006.84652103249	-0.536946686132408	0.0354093915400556	-15.1639625189551	6.12592376932322e-52	1.46580823835687e-51	AHDC1
AHI1	1353.75103765437	-0.298943976688215	0.0299019636619916	-9.99746973367512	1.56340613866876e-23	2.70085162208986e-23	AHI1
AHNAK	118278.94992993	-0.787280561909893	0.0256842344649611	-30.6522883905267	2.46348542572061e-206	1.9222020437103e-205	AHNAK
AHNAK2	13935.3714467751	-4.50360399690879	0.109684122473163	-41.0597623006986	0	0	AHNAK2
AHR	2524.87133705981	-0.542064290956733	0.0633047046912481	-8.5627805010782	1.10177570131328e-17	1.74648330392219e-17	AHR
AHRR	291.936205829066	-1.78081545552229	0.0899611779628698	-19.7953772488094	3.26300064915534e-87	1.08311404546276e-86	AHRR
AHSA1	4657.56202188	0.405356126959434	0.0361607466058713	11.2098384299847	3.64858781344902e-29	6.7828389166473e-29	AHSA1
AHSP	5.97091570287191	2.22067021586036	0.129807882265599	17.1073603320688	1.30794070702549e-65	3.57326463304992e-65	AHSP
AIDA	1207.54558660095	-0.0171329454701065	0.0267724358609456	-0.639947203873939	0.522206924022155	0.542708090717788	AIDA
AIF1	282.386771628402	0.155499752109816	0.0627348429487441	2.47868241635454	0.013186866167813	0.0150926232125382	AIF1
AIF1L	3022.48193329128	1.13678154324347	0.055349063595384	20.5384060614582	9.7717176539232e-94	3.42552462489331e-93	AIF1L
AIFM1	3305.15003636981	1.3744069557931	0.0535365737263365	25.6722995165637	2.38367101583519e-145	1.22946882395557e-144	AIFM1
AIFM2	1683.32482666386	0.334073183638541	0.0590007626214862	5.66218416161426	1.4945829542658e-08	2.01151310353187e-08	AIFM2
AIFM3	33.7943228170929	0.153242754219616	0.0485589111795395	3.155811168274	0.00160052442664449	0.00189908642831899	AIFM3
AIG1	1334.64829219393	1.51537324143282	0.045960592950691	32.9711421055555	2.10602952793249e-238	1.96530002759527e-237	AIG1
AIM2	13.3750061999423	-0.0110562095044005	0.0737272998953097	-0.149960862802516	0.880795492981096	0.887898284658829	AIM2
AIMP1	3098.22494944311	-0.378236465263351	0.0209679634895833	-18.0387792763591	9.66554787256195e-73	2.82817827135871e-72	AIMP1
AIMP2	1364.42996904514	-0.687569393952181	0.0654928003988031	-10.4983966140612	8.78597646175098e-26	1.56451045887802e-25	AIMP2
AIP	2013.18201086808	0.629068558401791	0.0225990905772173	27.836012084308	1.59085729635784e-170	9.82739265330728e-170	AIP
AIRE	18.990851026831	-0.301949467245161	0.0969536306705538	-3.1143698813217	0.00184338242644817	0.00218149543478362	AIRE
AJAP1	89.0704732517072	-1.08514320146502	0.065701416026449	-16.5162833176713	2.80138066889164e-61	7.35740493444974e-61	AJAP1
AJUBA	1404.68409109485	-0.914925287032918	0.08529785303827	-10.7262405141947	7.66515534362571e-27	1.38284687653444e-26	AJUBA
AK1	13190.8429323835	0.558087940297126	0.0908896544309519	6.1402801428968	8.23760749276469e-10	1.14004130450724e-09	AK1
AK2	6122.01881598015	-0.182969893758756	0.0186629894565029	-9.8038898958389	1.08331578902139e-22	1.84788851683635e-22	AK2
AK2P2	0.555404637723903	-0.263887274274623	0.149285646956	-1.76766674931851	0.0771166318560692	0.0851485303343618	AK2P2
AK3	7870.70456293829	-0.0662067253666695	0.0503394174204386	-1.31520642787154	0.188440535460375	0.203181675880336	AK3
AK3P5	2.07414994448648	-0.807169311491895	0.118534923744309	-6.8095484941892	9.79055270587936e-12	1.40676675653364e-11	AK3P5
AK4	2798.9535703752	1.42999816006877	0.0768302160296056	18.612444868276	2.54724474345342e-77	7.74935822661908e-77	AK4
AK4P1	9.75833133670205	0.955162917555723	0.0687403183626154	13.8952355809162	6.77003963038734e-44	1.48528316132361e-43	AK4P1
AK5	254.630860493229	-2.72129340277197	0.107407442422816	-25.3361716971104	1.27650227387872e-141	6.40242893064668e-141	AK5
AK7	174.297844912054	-3.39027624443005	0.0911483353008303	-37.1951526403705	8.1735382476234e-303	1.07317185992319e-301	AK7
AK8	68.9191989011581	-2.54348530915177	0.0879385379490223	-28.9234432192428	6.05713955075789e-184	4.08675296301322e-183	AK8
AK9	373.624969496083	0.391005485488511	0.0249435852726655	15.6755927912655	2.22142786813984e-55	5.48380733055202e-55	AK9
AKAP1	9890.84030451591	0.303890217095478	0.0514698108834369	5.90424196008208	3.54271894508794e-09	4.83564480819897e-09	AKAP1
AKAP10	1227.97678670768	-0.300918874753762	0.0185845211036758	-16.1919090126161	5.7516123492105e-59	1.47170965029336e-58	AKAP10
AKAP11	2428.0553025076	-0.103842109152341	0.0221851116451198	-4.6807115877275	2.85880886191358e-06	3.66717154730324e-06	AKAP11
AKAP12	6553.10543712839	-0.200492557799016	0.0739211643482913	-2.71224837388064	0.00668284978785268	0.00774616735551423	AKAP12
AKAP13	11932.6249786685	0.916206030452927	0.0325287268367549	28.1660587286708	1.52380187612382e-174	9.69599065822021e-174	AKAP13
AKAP14	1.4040542758482	-0.853897183738627	0.155877493359002	-5.47800176496303	4.30155843846567e-08	5.73828023201575e-08	AKAP14
AKAP17A	4393.61551146633	-0.0261177654355431	0.0260410749263069	-1.002944982473	0.315887407367668	0.334921028391177	AKAP17A
AKAP3	66.3909196282446	0.935075271062096	0.0493896987663399	18.9325971694196	6.14563759606333e-80	1.91231845059181e-79	AKAP3
AKAP5	57.1834198894334	-0.239812368860152	0.0350863053191337	-6.83492794920686	8.20462546152661e-12	1.18077600681916e-11	AKAP5
AKAP6	5875.53659280859	0.897452512996491	0.106807765019754	8.40250250373192	4.37063031657913e-17	6.86584486680695e-17	AKAP6
AKAP7	528.222960016749	-0.405640883293351	0.0457079780663873	-8.87461884015496	7.01733214578477e-19	1.13300740834399e-18	AKAP7
AKAP8	2987.51923927471	-0.54767818559602	0.0186774899618942	-29.3229008134066	5.29629067774646e-189	3.69242945352881e-188	AKAP8
AKAP8L	3984.27660964289	-0.0727033628490374	0.0217111031501578	-3.34867198346432	0.000811998671045245	0.000972831153243624	AKAP8L
AKAP9	5487.62687953669	-0.661403034320451	0.0264224666482603	-25.0318429057038	2.75284110663684e-138	1.3480384320068e-137	AKAP9
AKIP1	765.902267315877	0.667077067030452	0.031170446738302	21.4009466284214	1.30922842550803e-101	4.902729537668e-101	AKIP1
AKIRIN1	2415.20318490426	0.799381608930482	0.027664287867626	28.8957956465583	1.34835785599489e-183	9.07017554774438e-183	AKIRIN1
AKIRIN2	3000.51916106433	-0.688852960989119	0.0480975434684413	-14.3219988239338	1.5946971898125e-46	3.60675262141159e-46	AKIRIN2
AKNA	1360.32628284656	-0.446694722239559	0.0557791006374328	-8.00828118658813	1.16322701554056e-15	1.78723536247401e-15	AKNA
AKNAD1	31.3238200198806	-3.13862904496218	0.0694603884522019	-45.1858838526649	0	0	AKNAD1
AKR1A1	2540.44954100734	-0.329175449444959	0.0250534479170662	-13.1389280443403	1.96997659906862e-39	4.10244664042505e-39	AKR1A1
AKR1B1	7540.17985268646	0.589904174852252	0.0662344762520129	8.90630089090987	5.27635991530699e-19	8.53827353788576e-19	AKR1B1
AKR1B10	255.210431768733	-5.01141722884503	0.100260196209981	-49.9841155142897	0	0	AKR1B10
AKR1B15	196.672436553187	-7.00838162850392	0.129644662978916	-54.0583890417742	0	0	AKR1B15
AKR1B1P1	0.852863435767825	-0.0309400622044833	0.135626787788171	-0.228126483779938	0.819547911786949	0.830388492630692	AKR1B1P1
AKR1C1	3409.36760051047	-1.05836206375276	0.06688891487242	-15.8226825143063	2.17044713217485e-56	5.4219010305689e-56	AKR1C1
AKR1C2	4410.57166803315	-2.60764126495127	0.0768396297300224	-33.9361508392644	1.95255332478234e-252	1.96247417082115e-251	AKR1C2
AKR1C3	2795.85498125217	-1.45455694379636	0.0692037778263367	-21.0184615563401	4.44612338331667e-98	1.6191516694939e-97	AKR1C3
AKR1C4	1.48181275560439	-0.451064999024146	0.115698746394055	-3.89861613096375	9.67440005742002e-05	0.000119198408921025	AKR1C4
AKR1C7P	1.54564654541625	0.18499648421912	0.111589735116507	1.65782707545611	0.0973523746964121	0.106882172292639	AKR1C7P
AKR1E2	105.936637203612	0.12159501861347	0.0405903633837535	2.99566223302498	0.00273849585352278	0.00322046539878903	AKR1E2
AKR7A2	1810.39224083423	-0.15051057704718	0.026802329064487	-5.61557828370245	1.95905935178098e-08	2.63073684382017e-08	AKR7A2
AKR7A2P1	8.95332930385865	0.369207106655337	0.0817131617366838	4.51833093724958	6.23290119879967e-06	7.92641854324217e-06	AKR7A2P1
AKR7A3	78.9515445639271	-1.74189725913692	0.0750643301831461	-23.2053926930001	4.01676358446567e-119	1.72361767065474e-118	AKR7A3
AKR7L	70.4914151047676	-1.99145183872945	0.0592028032294224	-33.6377963558953	4.70256312546685e-248	4.61061213624885e-247	AKR7L
AKT1	4470.31383017932	0.627282534163947	0.018610449307473	33.7059317483573	4.73237489641556e-249	4.67292816842438e-248	AKT1
AKT1S1	4629.86606337841	-0.687981176400658	0.0360275904949764	-19.0959530445587	2.72832985183851e-81	8.6071969265589e-81	AKT1S1
AKT2	10126.1280074185	-0.493127170442574	0.032683500839622	-15.0879544043446	1.94375580137242e-51	4.62518812696693e-51	AKT2
AKT3	2176.54974661621	0.0247117417700175	0.0426024146813189	0.58005495591905	0.561877558320379	0.58168610118042	AKT3
AKTIP	3004.65529208944	0.168811987742567	0.0434428982495513	3.88583622512595	0.000101978242287932	0.000125570171655043	AKTIP
ALAD	3633.41042999456	1.10569922764313	0.0311040201789383	35.5484346165594	8.78452514893265e-277	1.00977162966754e-275	ALAD
ALAS1	4265.32452541193	1.04428225074853	0.0527140455577078	19.8103226512053	2.42525032689524e-87	8.05924517896274e-87	ALAS1
ALAS2	60.6875725612061	2.91532718773933	0.107266852401634	27.1782673068808	1.17365158098264e-162	6.84161337735378e-162	ALAS2
ALB	148.796830133644	0.776521238641498	0.108888902994065	7.13131657395631	9.94133720693185e-13	1.45431947226315e-12	ALB
ALCAM	1204.00088066924	-1.84623937475759	0.0824576302908109	-22.3901580514294	4.90845294583942e-111	1.98689142068935e-110	ALCAM
ALDH16A1	1574.91777539653	-0.473338427469694	0.035460100750231	-13.3484794869515	1.20891345143849e-40	2.55298580940219e-40	ALDH16A1
ALDH18A1	1302.03004393457	-0.372804241223231	0.0459705087704568	-8.10963922728686	5.07702766803225e-16	7.85353399091248e-16	ALDH18A1
ALDH1A1	2844.8011585053	-1.24564743231178	0.0558953172647983	-22.2853629475015	5.12399510138684e-110	2.05290531538091e-109	ALDH1A1
ALDH1A2	693.693903672886	1.31308576131818	0.0546262118330741	24.0376500082174	1.12396419438539e-127	5.12085028173411e-127	ALDH1A2
ALDH1A3	458.640979951811	-0.87030224715053	0.071805911525724	-12.1202033183403	8.25540857291305e-34	1.62180082637791e-33	ALDH1A3
ALDH1B1	2062.8186957868	-0.930085052741079	0.0715387255703411	-13.0011409250863	1.20531544859965e-38	2.48903101872689e-38	ALDH1B1
ALDH1L1	3871.07959813304	-0.748906081739298	0.0945636952326213	-7.91959408837643	2.38287194565193e-15	3.63940929014767e-15	ALDH1L1
ALDH1L2	473.247580190039	-0.0112498594083388	0.0502205132761503	-0.224009247903911	0.822750107297128	0.833445395692494	ALDH1L2
ALDH2	16330.4955792941	0.0223747987678955	0.0398351299757032	0.561685095079209	0.574330591223075	0.593690419926873	ALDH2
ALDH3A1	633.581671529878	-6.02313574325096	0.118002303748855	-51.0425267295629	0	0	ALDH3A1
ALDH3A2	7582.83966464471	-1.27746970553355	0.044759551618686	-28.5407172175567	3.66238660362292e-179	2.40082378921399e-178	ALDH3A2
ALDH3B1	424.54466187792	-0.266661795445765	0.0442058857159166	-6.03226903221514	1.61673324674467e-09	2.2237957648545e-09	ALDH3B1
ALDH3B2	3891.76280252682	-9.28978351464596	0.160326601856435	-57.942870410018	0	0	ALDH3B2
ALDH4A1	3904.79236125244	-0.423784735314041	0.0595697470046068	-7.11409325410208	1.12650967434017e-12	1.64716925089736e-12	ALDH4A1
ALDH5A1	2171.76909371554	-0.201638607990412	0.0633634218300803	-3.18225566370359	0.0014613275904278	0.00173747410536928	ALDH5A1
ALDH6A1	2382.64611497695	0.661083097023695	0.0499923255691845	13.2236916266042	6.40419398142514e-40	1.34204768171867e-39	ALDH6A1
ALDH7A1	2058.77784262748	0.170894045499689	0.0385998076936639	4.42732893531335	9.54071827482077e-06	1.20817776760499e-05	ALDH7A1
ALDH7A1P1	4.22054117874276	0.262847488193765	0.0740114428674341	3.55144391205243	0.000383123639780318	0.000463949454401985	ALDH7A1P1
ALDH8A1	62.5212824602385	-0.497435673406643	0.0496125594580802	-10.0264061931122	1.16686610573474e-23	2.01968815089722e-23	ALDH8A1
ALDH9A1	4931.74399895622	-0.682332202042356	0.0252461482042596	-27.0271804047807	7.08486579841174e-161	4.06809152271801e-160	ALDH9A1
ALDOA	3370.08511582829	-0.305503022680626	0.0644585108817707	-4.73952963699358	2.14214902802178e-06	2.7545413710565e-06	ALDOA
ALDOAP2	12.4648261481369	-1.00716639545834	0.120054925780362	-8.38921342803481	4.89405509682935e-17	7.68474230617804e-17	ALDOAP2
ALDOB	45.1316031177198	1.09811385987886	0.0795268317356769	13.8080926388298	2.27783140514444e-43	4.96647809157039e-43	ALDOB
ALDOC	3328.92531808446	2.75795888570982	0.0805212515895771	34.2513166557239	4.16891420723038e-257	4.30548621023259e-256	ALDOC
ALG1	403.223714288457	-0.0790950388548197	0.0217581264447011	-3.63519529385225	0.000277770132293277	0.000337733208470874	ALG1
ALG10	83.9961591225742	-0.373086002482665	0.0290589443736399	-12.8389385961694	9.92255282637545e-38	2.03180381557939e-37	ALG10
ALG10B	483.205360620205	-0.058170535416324	0.0283825099233347	-2.04952048192535	0.0404112471259607	0.0452361706059584	ALG10B
ALG11	172.147028006391	-0.0162689974184359	0.0201079466408549	-0.80908298142093	0.418467416693609	0.439027390599234	ALG11
ALG12	526.388051748953	0.242347038809603	0.0150083961350626	16.1474308532831	1.18390980313386e-58	3.02077397111448e-58	ALG12
ALG13	1647.71436251479	0.0413587574812569	0.0217287415208052	1.90341246600297	0.0569867456633082	0.0633025861576804	ALG13
ALG14	278.734053320048	0.0852454246052492	0.0300075863606639	2.84079577679713	0.00450011204940107	0.00525095721794702	ALG14
ALG1L	47.8422005893931	-1.940943110987	0.0675617547940545	-28.7284295220496	1.68486235254608e-181	1.12122762322299e-180	ALG1L
ALG1L10P	1.78235566713246	-0.980771588647924	0.10279732782969	-9.54082765918603	1.41696885076866e-21	2.37870523945599e-21	ALG1L10P
ALG1L11P	0.644747982753328	0.224146271227357	0.124678384015234	1.79779576867126	0.0722093781440239	0.0798379102002687	ALG1L11P
ALG1L13P	18.6014738943565	-0.802696077363868	0.0638074025481003	-12.5799835960846	2.7208637212906e-36	5.4840743306407e-36	ALG1L13P
ALG1L2	1.29034448122777	-0.157962343189917	0.111260453637176	-1.41975282345187	0.155679653760885	0.168777972015761	ALG1L2
ALG1L6P	5.14226764941409	-0.846481790740013	0.0614800544442471	-13.7683968954133	3.94878492126611e-43	8.58790351186556e-43	ALG1L6P
ALG1L9P	64.8694843792182	-1.04023376416351	0.0497954632638745	-20.8901312686085	6.58381978582598e-97	2.36841206963736e-96	ALG1L9P
ALG2	1037.7496693951	0.0680706189265536	0.0231596990517241	2.93918408760523	0.00329077554684495	0.0038578476469395	ALG2
ALG3	1494.34097691937	-0.372062695697618	0.0255363153873342	-14.5699444126602	4.36245841154747e-48	1.00458761502195e-47	ALG3
ALG5	875.291491657142	-0.427061468882825	0.0229400776279145	-18.6163916186211	2.36631762153225e-77	7.2001493416501e-77	ALG5
ALG6	455.360863960652	-0.659014223377892	0.0273018338204741	-24.1380937160231	9.95824923353519e-129	4.57175323776759e-128	ALG6
ALG8	727.555448923014	0.00427179207719211	0.0240285920033926	0.177779541830374	0.858896114651929	0.867620031416912	ALG8
ALG9	1435.94452753908	-0.517435711921373	0.0247850443455467	-20.8769330692904	8.67867820651995e-97	3.11763892228229e-96	ALG9
ALK	16.475003002733	-1.00462577000878	0.066950200091127	-15.0055678495563	6.7510695171413e-51	1.59713500299725e-50	ALK
ALKBH1	723.625778282038	-0.0426082622233548	0.021319906866743	-1.99852009155911	0.0456603039399084	0.0509756345337566	ALKBH1
ALKBH2	715.873650878848	-0.743314473900665	0.0264643123729723	-28.0874282099165	1.3951924185587e-173	8.81532422831701e-173	ALKBH2
ALKBH3	1013.92252193649	-0.866032151166227	0.0235465408563204	-36.7795913824754	3.9139380979431e-296	4.96860364605597e-295	ALKBH3
ALKBH4	403.335241184254	-0.252347367489572	0.0204333384829223	-12.3497864874346	4.88408763752682e-35	9.71367379992491e-35	ALKBH4
ALKBH5	9792.81373329783	-0.10445668526362	0.0578167269414263	-1.80668624444004	0.0708112136600143	0.0783016559428661	ALKBH5
ALKBH6	391.721747391954	-0.0657062082737756	0.0217232659214822	-3.02469290351036	0.00248885698438882	0.00293148691853583	ALKBH6
ALKBH7	2891.54645090666	0.796446286911827	0.0395676796356421	20.1287084369334	4.13635591677904e-90	1.40647039776992e-89	ALKBH7
ALKBH8	540.778989250693	-0.475647389208381	0.0258989334029388	-18.3655203790905	2.48060649132402e-75	7.41874023098913e-75	ALKBH8
ALLC	5.08418985056241	-0.215167904476285	0.108351583884705	-1.98583072588253	0.0470521228078624	0.0524936636296455	ALLC
ALMS1	903.147063075076	-0.375445564621501	0.0239417398640985	-15.6816324441189	2.01995382402156e-55	4.98781739179865e-55	ALMS1
ALOX12	313.443380305076	-3.22667246972398	0.0989629444514118	-32.6048551567521	3.50028973337604e-233	3.15516852731608e-232	ALOX12
ALOX12B	1990.02113005695	-9.59063000663677	0.189974977283894	-50.4836486560268	0	0	ALOX12B
ALOX15	33.7385387246625	-0.554665357916527	0.105815665484381	-5.24180758470399	1.59011139806425e-07	2.09420509778714e-07	ALOX15
ALOX15B	946.541259859595	-4.05836685272071	0.115387475754521	-35.1716408230874	5.42795745506459e-271	6.06133139879763e-270	ALOX15B
ALOX5	632.558046494123	-0.166202917232305	0.0610454326517462	-2.72261019395938	0.00647684293474962	0.00751076787144418	ALOX5
ALOX5AP	218.260965333157	0.435209131917115	0.0596723224397734	7.2933164677203	3.02416593767149e-13	4.46396154522546e-13	ALOX5AP
ALOXE3	2309.82597313886	-8.47491539419938	0.175435988564025	-48.3077358503696	0	0	ALOXE3
ALPK1	1181.19774314497	-0.839824178147128	0.0506958182148098	-16.565945825918	1.22833345848726e-61	3.24069039809896e-61	ALPK1
ALPK2	3450.37545321568	1.30584973050538	0.12873139344163	10.1439881569951	3.52411438672301e-24	6.14288593738752e-24	ALPK2
ALPK3	30084.7432123352	-0.312830600423977	0.125747223801054	-2.48777341533129	0.0128545602191036	0.0147235262473966	ALPK3
ALPL	1010.80549371965	1.36528274809378	0.089488997255054	15.2564314046627	1.49187189413233e-52	3.58738791962009e-52	ALPL
ALPP	0.317582205617476	0.183607859222153	0.238426605946171	0.770081252021032	0.441251696346506	0.461934968649808	ALPP
ALS2	2581.05252156266	0.515141301936447	0.0242202855420007	21.2690020125128	2.19909396684738e-100	8.15027599283912e-100	ALS2
ALS2CL	6607.83717768488	0.154158598779718	0.0638197051824423	2.41553291948031	0.015712202125768	0.0179304773973596	ALS2CL
ALX1	11.3248313763987	-3.7253170699991	0.13868760261087	-26.8612118161102	6.23902442536357e-159	3.53839567362853e-158	ALX1
ALX4	159.925918911616	-2.91252202672088	0.0857984385525161	-33.94609594134	1.39277404310322e-252	1.40141562604254e-251	ALX4
ALYREF	1426.22886225975	-0.23066017659456	0.021744705370582	-10.6076478233923	2.74574331892112e-26	4.9214503120481e-26	ALYREF
AMACR	577.33633120047	-0.385375181309094	0.0394239850197121	-9.77514528570374	1.43950649045446e-22	2.45082344979388e-22	AMACR
AMBP	12.8593463957465	-0.00892813872293299	0.118610866885444	-0.0752725189299555	0.939997886153019	0.943878058160344	AMBP
AMBRA1	2079.64792836547	-0.73384508566216	0.0204006690093395	-35.9716186428104	2.32475458994979e-283	2.77690161736471e-282	AMBRA1
AMD1	3542.25364218183	0.697326818108866	0.0245332444576871	28.423750446524	1.02892683349919e-177	6.66248630569029e-177	AMD1
AMDHD1	47.5608316050457	-0.301256145061043	0.0482163036122153	-6.2480141050199	4.15704143555597e-10	5.78470183066195e-10	AMDHD1
AMDHD2	762.300210974212	-0.608769482798179	0.0296945484440227	-20.5010520347118	2.10689126021295e-93	7.3685932727984e-93	AMDHD2
AMELX	0.543523282922972	-0.0391683592211804	0.18180883067493	-0.215437055921736	0.829426581774977	0.839688875683671	AMELX
AMER1	680.658482693002	-0.544533235497274	0.0527666359060077	-10.3196504030926	5.74318897603813e-25	1.01246836507357e-24	AMER1
AMFR	8371.19187316934	-1.51799907889467	0.0588851618100335	-25.7789744009163	1.52624929268609e-146	7.93587912121386e-146	AMFR
AMH	71.3121848911904	-1.7654436615988	0.0743429217663701	-23.7472999399577	1.17163318374293e-124	5.22949886946605e-124	AMH
AMHR2	46.9404402713327	-2.17859214314172	0.104530391378395	-20.8417103811975	1.81246253246617e-96	6.48888982635709e-96	AMHR2
AMIGO1	1209.67001099934	0.384181382299389	0.0603763275683003	6.36311279225764	1.97705394092094e-10	2.77043032776878e-10	AMIGO1
AMIGO2	689.83522887195	-1.47429956716379	0.0848619557590112	-17.3729152713669	1.32328690087058e-67	3.69252635290208e-67	AMIGO2
AMIGO3	0	NA	NA	NA	NA	NA	AMIGO3
AMMECR1	675.296515781036	-1.97214828529481	0.0567826841970695	-34.731508613617	2.63623910316925e-264	2.84161317941016e-263	AMMECR1
AMMECR1L	1755.98721576964	-0.131530054902419	0.0182910006109782	-7.19097099715121	6.43321481657762e-13	9.44493107521521e-13	AMMECR1L
AMN	89.1460121330939	-4.11405216507484	0.120358376865536	-34.1816853318905	4.52511209362559e-256	4.64669382757297e-255	AMN
AMN1	262.049461069775	0.171342600002155	0.0456033028127232	3.75724102058571	0.000171797013531523	0.000210075269382579	AMN1
AMOT	2591.24204055127	-2.26673781243016	0.0785059127611684	-28.8734661212851	2.57188414679528e-183	1.72619263707912e-182	AMOT
AMOTL1	12513.4015292561	-1.96569522287623	0.0685706639147944	-28.6667083363637	9.92520425767118e-181	6.57818858035122e-180	AMOTL1
AMOTL2	4987.29320795998	-0.432997029966785	0.0460806400076348	-9.3965064264525	5.64048159724834e-21	9.39871417495764e-21	AMOTL2
AMPD1	10996.9228867801	-11.0222453891101	0.189471408952039	-58.1736603431294	0	0	AMPD1
AMPD2	1349.04622211146	0.172521152429103	0.0412834593894054	4.178941275289	2.92869289990545e-05	3.66234115256672e-05	AMPD2
AMPD3	3856.20312389711	-4.33393793328149	0.0828577010326345	-52.3057951073796	0	0	AMPD3
AMPH	401.571948688043	-0.345862391830467	0.0629701438299228	-5.492482163684	3.96323588923065e-08	5.29009411553025e-08	AMPH
AMT	1458.15801026628	0.806453140348858	0.0357905303803841	22.5325842276664	1.99001192328935e-112	8.14326088454914e-112	AMT
AMY2A	22.6784207286302	0.209144348549497	0.119706755771263	1.74713905829286	0.0806132196891397	0.0889383775204831	AMY2A
AMY2B	2119.46415647982	-0.156704682445905	0.0387211613425362	-4.04700367996868	5.18774260261954e-05	6.44564843938117e-05	AMY2B
AMZ1	17.8763867216212	-0.0405248557492538	0.071553601052492	-0.566356621514054	0.571151376763424	0.590607532922702	AMZ1
AMZ2	2991.64099225193	0.141812182674541	0.0285504788367741	4.96706845042058	6.79726007410379e-07	8.83958088382765e-07	AMZ2
AMZ2P1	698.028897697935	0.174847597732817	0.0273244185221409	6.3989503597721	1.56448690561228e-10	2.1972636957109e-10	AMZ2P1
ANAPC1	1074.28458533865	-0.577507908664437	0.0193654015681563	-29.8216335267773	2.04834733998396e-195	1.49220155674024e-194	ANAPC1
ANAPC10	429.930411522499	-0.269375413448387	0.0230084625023469	-11.7076668387082	1.16439792650906e-31	2.22934769996698e-31	ANAPC10
ANAPC10P1	1.33023596747437	-0.449465996584423	0.140080557969206	-3.20862511615087	0.00133371266180202	0.00158752639192609	ANAPC10P1
ANAPC11	3144.54294059737	0.419568594617556	0.040309046537272	10.4087948155658	2.26065374617538e-25	4.00689524270411e-25	ANAPC11
ANAPC13	2423.4485315509	0.408224916772486	0.0302837282078586	13.4800086029881	2.0508292607725e-41	4.3771611955378e-41	ANAPC13
ANAPC15	1389.41522591254	0.397538961592321	0.0337240120031146	11.788009135912	4.50054150817803e-32	8.67297373821996e-32	ANAPC15
ANAPC16	7730.04716092058	0.503603525784456	0.0407871494501586	12.3471125727934	5.04912513207776e-35	1.00374711764254e-34	ANAPC16
ANAPC1P1	5.86426691192717	-1.34748350239888	0.0881150044756688	-15.2923274579298	8.60201463076072e-53	2.07122612852225e-52	ANAPC1P1
ANAPC2	2424.48723310846	-0.217052187509877	0.0163778525969689	-13.2527867267561	4.3475469970786e-40	9.12548898022527e-40	ANAPC2
ANAPC4	1449.56382183653	-0.227253652569842	0.0170326077150546	-13.3422700957869	1.31396441008892e-40	2.77450713736194e-40	ANAPC4
ANAPC5	7166.03611035937	-0.476280347056669	0.0179576399279101	-26.5224355187357	5.3425206398215e-155	2.94730965483993e-154	ANAPC5
ANAPC7	2645.28338920382	-0.0384585121272162	0.018721024135178	-2.05429531255986	0.0399471181538602	0.0447333171936322	ANAPC7
ANG	286.652631812389	-1.09984698266706	0.0593998763587403	-18.5159810102066	1.53475276407918e-76	4.6393089011233e-76	ANG
ANGEL1	1367.95870778066	0.58965902600718	0.0239540073332484	24.6162998033622	8.45240294104866e-134	4.00715578988193e-133	ANGEL1
ANGEL2	1530.92407993261	-0.362579448553358	0.016698384840612	-21.7134442650723	1.5314054276972e-104	5.87152909562881e-104	ANGEL2
ANGPT1	579.793368459145	-1.29791683181166	0.0663480271125561	-19.5622520864081	3.2442692360512e-85	1.05720656260242e-84	ANGPT1
ANGPT2	632.390750818039	0.291302042035302	0.0654627211346528	4.44989204521626	8.59134639708297e-06	1.08887436804823e-05	ANGPT2
ANGPT4	340.229031873166	-3.34203350195204	0.115987512987396	-28.8137353398999	1.44335516692049e-182	9.66945900995003e-182	ANGPT4
ANGPTL1	1423.44816450366	-0.667532599264937	0.0528146508542482	-12.6391557734068	1.28425435891983e-36	2.59722084203077e-36	ANGPTL1
ANGPTL2	5656.17214605977	-0.20093385191795	0.048242931154692	-4.16504236182605	3.11294758524681e-05	3.88950992448309e-05	ANGPTL2
ANGPTL3	6.02159603032231	-0.550481829867329	0.098934982123099	-5.56407671032271	2.63544004013416e-08	3.52849060338082e-08	ANGPTL3
ANGPTL4	3674.70115511478	-1.33984320159119	0.0879235931343047	-15.2387220975439	1.95659814178211e-52	4.70236624168489e-52	ANGPTL4
ANGPTL5	97.5692666230081	0.0391806166425188	0.0903146344708328	0.433823564387809	0.664416568433913	0.68076031173978	ANGPTL5
ANGPTL6	7.72353326020455	-1.32575590917813	0.0816410497773832	-16.2388395640817	2.67944898470307e-59	6.88547625605138e-59	ANGPTL6
ANGPTL7	394.060755721473	-1.68450489749357	0.0971194068374788	-17.3446786007708	2.16385072311937e-67	6.0184605789357e-67	ANGPTL7
ANK1	7103.19664774369	-0.447114335604316	0.137101341112156	-3.2611959297944	0.00110943351517349	0.00132450674536663	ANK1
ANK2	5373.86678361817	0.959250189983178	0.0609464366832534	15.7392333692702	8.14241633925348e-56	2.02139893149775e-55	ANK2
ANK3	3945.02168803382	0.980378990643956	0.0597267420932748	16.4144059475554	1.50850015566619e-60	3.92803577349154e-60	ANK3
ANKAR	179.334772115404	-0.316476898695539	0.0320774508607712	-9.86602395773822	5.8435146407376e-23	1.00141952635108e-22	ANKAR
ANKDD1A	299.802323456664	-0.0709832730309487	0.0486463081804275	-1.45917081246277	0.144518100067174	0.156989337958433	ANKDD1A
ANKDD1B	34.4080398108078	-1.08956408758017	0.0760406578184677	-14.3287041280113	1.44797266029338e-46	3.27655007642251e-46	ANKDD1B
ANKEF1	174.702500996946	-1.26594719481821	0.0465642642190318	-27.1870975747275	9.22899952272903e-163	5.38512870044231e-162	ANKEF1
ANKFN1	125.714265654731	-4.59186324657618	0.113770093448465	-40.3608989620472	0	0	ANKFN1
ANKFY1	3283.6366672104	-0.247264094704452	0.0207216226593657	-11.9326608137367	7.99756095555076e-33	1.55368114354489e-32	ANKFY1
ANKH	6323.69761653337	0.510284647754626	0.0345284046867076	14.7786916999114	2.0103329213341e-49	4.68938744550151e-49	ANKH
ANKHD1	7516.83956898449	-0.586742957162897	0.0155837426418045	-37.6509655382088	0	0	ANKHD1
ANKIB1	2075.21377939127	-0.442067113475844	0.0201179742855398	-21.9737388666208	5.13615740914522e-107	2.00511753463507e-106	ANKIB1
ANKK1	112.489539585955	-2.90662307923109	0.0816222425408553	-35.6106741097711	9.57711861467568e-278	1.10938038727656e-276	ANKK1
ANKLE1	61.2017210942761	-0.408033982962471	0.036764083019988	-11.0987123693696	1.27264120931014e-28	2.35227584031131e-28	ANKLE1
ANKLE2	4418.85935754644	-0.54395325697791	0.0155224203368636	-35.043069648494	4.97210321071078e-269	5.49771682407892e-268	ANKLE2
ANKMY1	648.977085545215	-0.752068011967911	0.0353902444984041	-21.2507153490229	3.24681238035391e-100	1.20258991067388e-99	ANKMY1
ANKMY2	1115.46839337508	0.721825476803731	0.0307515139238393	23.4728436002026	7.72719316577494e-122	3.37860588236859e-121	ANKMY2
ANKRA2	674.78000233485	-0.384233969087225	0.0220399549393279	-17.4335188136706	4.59306479962797e-68	1.28724520408069e-67	ANKRA2
ANKRD1	43668.9184794529	3.50001336994202	0.164987025957344	21.2138703006073	7.11145086279381e-100	2.62860835690249e-99	ANKRD1
ANKRD10	7373.04391567353	-0.482789262567131	0.0436792655988534	-11.0530535701087	2.1188292504366e-28	3.90309510203738e-28	ANKRD10
ANKRD11	6856.5023016553	-0.259562178640163	0.0171035916908912	-15.1758872248101	5.10823163644516e-52	1.22310824271946e-51	ANKRD11
ANKRD12	3573.15300802119	-0.817926540154119	0.0226759659859395	-36.0701961125398	6.65389426419186e-285	8.02793234917679e-284	ANKRD12
ANKRD13A	2853.95253814206	-0.495209043661239	0.04700991568638	-10.5341402219258	6.01302206504495e-26	1.07285568632049e-25	ANKRD13A
ANKRD13B	801.55318482207	0.0972017876038346	0.0307707137660577	3.15890584608587	0.00158362643233377	0.00187928402718967	ANKRD13B
ANKRD13C	1266.51207558121	-0.639168796035635	0.0168554131636574	-37.920683986185	0	0	ANKRD13C
ANKRD13D	1538.76204412604	-0.282286153815137	0.0521790483780806	-5.40995212809822	6.30415986428291e-08	8.37437692546356e-08	ANKRD13D
ANKRD16	325.239680629123	-0.769794859186758	0.0254075114775067	-30.29792429173	1.22083924063689e-201	9.25708810897415e-201	ANKRD16
ANKRD17	6162.50309186942	-0.351175372161309	0.0202871987233689	-17.3101953083739	3.94075964801152e-67	1.09269276684928e-66	ANKRD17
ANKRD18A	62.8037925904752	-0.355739014936972	0.132411252653371	-2.68662223042502	0.0072178534139805	0.00835499834769873	ANKRD18A
ANKRD18B	43.3435555209302	-4.11648443937681	0.133039679676562	-30.9417795456555	3.27745858944293e-210	2.61745927544642e-209	ANKRD18B
ANKRD18CP	2.56869701256829	0.25145310439013	0.110142953567026	2.28297041478112	0.0224321111253475	0.0254362477081815	ANKRD18CP
ANKRD19P	21.6944435718437	0.0938317857154514	0.0475502751805091	1.97331740687619	0.0484594109444512	0.054020179366551	ANKRD19P
ANKRD2	17653.6258789752	0.236916818792718	0.15694614051905	1.5095421780312	0.131160285117965	0.142875418602632	ANKRD2
ANKRD20A1	9.3183770158429	0.503856603564567	0.0742618502716612	6.78486466094478	1.16195385174851e-11	1.66717131239638e-11	ANKRD20A1
ANKRD20A11P	23.3849401822878	-2.85005612099461	0.130873723960231	-21.7771454402922	3.82153809862131e-105	1.4721058701751e-104	ANKRD20A11P
ANKRD20A17P	5.70698587728328	1.33669748672904	0.100125125718351	13.3502702457437	1.18019985311058e-40	2.4929332968603e-40	ANKRD20A17P
ANKRD20A18P	0.495660381163291	0.146018457826452	0.159921051793153	0.913065892133556	0.36120788754135	0.381287936646446	ANKRD20A18P
ANKRD20A5P	89.4274917083698	-4.72683413224143	0.0986607572339349	-47.9099721587745	0	0	ANKRD20A5P
ANKRD20A7P	43.8548852218021	0.84338839524704	0.0941744300877192	8.95559861059379	3.37897212877127e-19	5.48762877030058e-19	ANKRD20A7P
ANKRD20A8P	2.849553388332	-1.64760208145253	0.193748249312288	-8.50382951743161	1.83436863023117e-17	2.89831209626888e-17	ANKRD20A8P
ANKRD20A9P	2.40341571047298	-2.31729947214277	0.213120304210562	-10.8731989695983	1.54680383788468e-27	2.81508602626248e-27	ANKRD20A9P
ANKRD22	905.78460595216	-6.27842088561256	0.155146085893508	-40.4678007147537	0	0	ANKRD22
ANKRD23	262.555895956912	-2.52674301811145	0.0873490839215131	-28.926954979652	5.47141998851642e-184	3.69433725481186e-183	ANKRD23
ANKRD24	106.975044006686	-0.870150834938158	0.0520343555398819	-16.7226215432077	8.96857634838083e-63	2.39033673152507e-62	ANKRD24
ANKRD26	883.612936979847	0.108522921823498	0.0374740751397432	2.895946635609	0.00378016676412562	0.00442264278701581	ANKRD26
ANKRD26P1	8.23748414911402	1.19391566778854	0.127783584779486	9.34326321998916	9.34098695696399e-21	1.55203162462903e-20	ANKRD26P1
ANKRD27	2169.23871294034	-0.674902045256741	0.0368516398395465	-18.3140302085685	6.39561346235661e-75	1.90576788505018e-74	ANKRD27
ANKRD28	3986.48212506393	-1.62516590214125	0.0394643082040963	-41.1806509754696	0	0	ANKRD28
ANKRD29	600.228842322589	0.202783393386726	0.0638112429133001	3.17786308695235	0.00148364793223587	0.00176331351037752	ANKRD29
ANKRD30A	291.430916068823	-9.27990439521123	0.261189362017849	-35.529411778176	1.72804755536504e-276	1.98383826812029e-275	ANKRD30A
ANKRD30B	25.5656693889995	-4.05651078543792	0.204690294128117	-19.8177974325393	2.09060528049363e-87	6.95233431630625e-87	ANKRD30B
ANKRD31	12.2389576737495	-1.35876000914596	0.0803920590734636	-16.9016694535005	4.37346924931362e-64	1.17766372411211e-63	ANKRD31
ANKRD33	3.42783895656592	-0.0637091193405364	0.115916511629014	-0.549612116903886	0.582585446198963	0.601498171323633	ANKRD33
ANKRD33B	1116.52622935248	-0.811062760961602	0.0591908095619989	-13.7025117068565	9.80721259302333e-43	2.12493541029144e-42	ANKRD33B
ANKRD34A	288.567714259428	-1.28068866641682	0.0809349191832657	-15.8236849970392	2.13615582556888e-56	5.336980016109e-56	ANKRD34A
ANKRD35	2715.81677840736	-3.99610188653321	0.0794815524982738	-50.2770990365343	0	0	ANKRD35
ANKRD36	323.318759284541	-0.448678714694403	0.0448554275216656	-10.0027742345714	1.48186418215978e-23	2.5614592993142e-23	ANKRD36
ANKRD36B	116.495238899818	-0.559358511003571	0.0542767759948623	-10.3056694276852	6.64275647109882e-25	1.16944996808068e-24	ANKRD36B
ANKRD36BP2	40.9092169050274	-1.48042053381779	0.085270144205454	-17.3615343050294	1.61353198641654e-67	4.49824830222769e-67	ANKRD36BP2
ANKRD36C	286.747754109748	-0.778316665847468	0.0568157546754584	-13.6989585070787	1.02990967182535e-42	2.23070677445892e-42	ANKRD36C
ANKRD37	380.554628619247	-0.0512482136781797	0.0459060777994768	-1.11637099344531	0.264263364384295	0.281929995986587	ANKRD37
ANKRD39	1576.63247096603	-2.25302527437758	0.0863318144874587	-26.0972769743519	3.91472838334904e-150	2.08426576837226e-149	ANKRD39
ANKRD40	4861.69238551034	-0.786358443242432	0.0569899625484407	-13.7981919636118	2.61324885420465e-43	5.69160225342262e-43	ANKRD40
ANKRD42	386.571540398662	-0.180936442838254	0.029659096891365	-6.10053783839022	1.05712152988854e-09	1.4592979033377e-09	ANKRD42
ANKRD44	629.844414621228	0.487484373117773	0.0317605240636913	15.348750925526	3.61071694771984e-53	8.72436453367851e-53	ANKRD44
ANKRD45	6.47593555532407	-0.065421835732095	0.0821935688412843	-0.795948352825809	0.426062055189908	0.446630739312458	ANKRD45
ANKRD46	1427.13862883921	-0.470984776688985	0.0469628344533483	-10.0288830981198	1.13796521357089e-23	1.9706120066849e-23	ANKRD46
ANKRD49	561.188830517942	-0.307493552576295	0.0280678016025106	-10.9553842844888	6.26120519448493e-28	1.14528965253453e-27	ANKRD49
ANKRD50	1203.96801787775	-0.484726620709968	0.0501331273584988	-9.66878880792173	4.09192002432124e-22	6.92540921002318e-22	ANKRD50
ANKRD52	4459.30614646583	-0.124595426500688	0.0325817754035397	-3.82408340115044	0.000131259481401574	0.000161041570659061	ANKRD52
ANKRD53	126.256758876053	-1.77222255893392	0.0814949513533063	-21.7464091885984	7.47029839147658e-105	2.86967224381071e-104	ANKRD53
ANKRD54	1165.42641846105	0.0105975354684842	0.0196856796371852	0.538337292072252	0.590344210078883	0.60924058985386	ANKRD54
ANKRD55	4.4909439324866	-0.256238478910688	0.094797230602915	-2.70301650460672	0.0068713334341203	0.00796002787486965	ANKRD55
ANKRD6	398.606957832143	0.694766695325442	0.032210419201931	21.5696259949263	3.46483968777051e-103	1.31334131858406e-102	ANKRD6
ANKRD61	31.4218155959111	-0.960232084294641	0.0419077901904073	-22.9129734574847	3.44975793990398e-116	1.45125245796241e-115	ANKRD61
ANKRD62	0.947568830655859	-1.02962068606222	0.142354697832859	-7.23278333442227	4.73194027238794e-13	6.96367371184233e-13	ANKRD62
ANKRD65	278.472010117253	-0.465448772788945	0.0563824108000536	-8.25521232924121	1.516324257131e-16	2.36466715347962e-16	ANKRD65
ANKRD7	7.83263907417391	0.525167806404935	0.0932192497528453	5.63368411349938	1.76400002856339e-08	2.37092246055175e-08	ANKRD7
ANKRD9	6128.71404512432	0.668679050024261	0.0733249011786969	9.11939926648728	7.55418914877879e-20	1.23688338063641e-19	ANKRD9
ANKS1A	3858.30990300911	0.507574746098453	0.0227316240856706	22.3290137205117	1.93142755803457e-110	7.77103877339746e-110	ANKS1A
ANKS1B	162.739109546486	-1.40975597745794	0.0621282366951642	-22.6910669358764	5.48899809478983e-114	2.27091369120459e-113	ANKS1B
ANKS3	964.863199300494	0.00839693302241486	0.0208255121360305	0.403204154959879	0.686798043328704	0.702286501815497	ANKS3
ANKS6	1016.27166215771	-0.480361385331937	0.0217613391450236	-22.0740728376445	5.61031729457554e-108	2.21132738383302e-107	ANKS6
ANKUB1	2.02553919176546	-1.15081271201116	0.105263959315303	-10.9326375285207	8.04747647190082e-28	1.46979123346882e-27	ANKUB1
ANKZF1	2785.00925120827	-0.245203887380035	0.0269343369334668	-9.10376550147633	8.72530452056763e-20	1.4278564243158e-19	ANKZF1
ANLN	284.681754469506	-1.91343466722864	0.101054772840159	-18.934629344575	5.91303559558787e-80	1.84025853658674e-79	ANLN
ANO1	2291.62385621395	-0.444521000841578	0.0576457645260195	-7.71125171981951	1.24589646437673e-14	1.88133396990567e-14	ANO1
ANO10	1654.79948322558	-0.831908075502175	0.0343631178540097	-24.2093304523909	1.77430367828966e-129	8.18325403866054e-129	ANO10
ANO2	302.726437819308	1.39681504911638	0.0621384596629279	22.4790742592181	6.65118578413834e-112	2.71061796016016e-111	ANO2
ANO3	41.8446415261954	-2.38401503976985	0.110407133393322	-21.5929439203613	2.09250035446827e-103	7.94496917966323e-103	ANO3
ANO4	17.9301357670187	-0.479651817610053	0.0767803557337622	-6.24706427869724	4.18238974148804e-10	5.81952521732443e-10	ANO4
ANO5	3484.88483670847	0.0740490638165269	0.130696271610911	0.566573651289569	0.571003880649503	0.590488932933401	ANO5
ANO6	6284.43504239857	-0.812848334071769	0.0458210513462539	-17.7396264422078	2.0730858660827e-70	5.93662403362308e-70	ANO6
ANO7	49.302954898735	0.559160228332383	0.0456540419919657	12.2477704916201	1.7267796076642e-34	3.41692422969806e-34	ANO7
ANO8	2031.50588242954	-0.908149762034488	0.038646477924422	-23.4989010851258	4.18563076766621e-122	1.83456390184464e-121	ANO8
ANO9	2148.6951443807	-5.96806426849467	0.124787801002182	-47.8257026773821	0	0	ANO9
ANP32A	3887.06888796384	0.575445956790225	0.0225877550648731	25.4760136692432	3.63630647454975e-143	1.84282524910952e-142	ANP32A
ANP32AP1	3.4174809231507	0.154443397213827	0.0764543722535171	2.02007279193535	0.0433758375901433	0.0484763427367089	ANP32AP1
ANP32B	6008.64704334142	-0.643984975542339	0.0209032576716979	-30.8078762486035	2.05539346130484e-208	1.62348125041459e-207	ANP32B
ANP32BP1	5.61383203313991	-0.565250850838871	0.0656888546101917	-8.60497346457267	7.63344177320303e-18	1.21332967204793e-17	ANP32BP1
ANP32BP3	0.541852856562457	-0.213440292748692	0.189509743789092	-1.12627608734585	0.260048676168595	0.277499331300663	ANP32BP3
ANP32C	0.909120472675449	0.842895772095685	0.123307169279112	6.83574018464206	8.1582685646501e-12	1.17419838836065e-11	ANP32C
ANP32D	1.62236799088954	0.12113244673606	0.109391505226214	1.10732955438877	0.268151470912749	0.285942457668407	ANP32D
ANP32E	2208.29566700415	-0.0481530731559904	0.0289626833126469	-1.66259019014871	0.0963944961077341	0.105856352149544	ANP32E
ANPEP	3262.61554421189	-2.11727321451582	0.0840535547513123	-25.1895737280851	5.2111958084532e-140	2.58065297793579e-139	ANPEP
ANTXR1	5337.19123346557	-0.564426733222353	0.0529919785075702	-10.6511730476665	1.72181510619713e-26	3.09294418986673e-26	ANTXR1
ANTXR2	2997.74074525715	-0.0701525674358556	0.0494616313344834	-1.41832296151839	0.156096495918873	0.169209503976613	ANTXR2
ANTXRL	13.7858692163565	0.987527799405689	0.127475733848472	7.74679046428983	9.42442808784242e-15	1.42502419159388e-14	ANTXRL
ANTXRLP1	0.628282761591884	-1.02775363313641	0.157855771494211	-6.5107130604604	7.47948976972043e-11	1.05590381416938e-10	ANTXRLP1
ANXA1	10089.2948314982	-0.967628302477392	0.0642276118419294	-15.0656123546805	2.72627838058353e-51	6.47950054513917e-51	ANXA1
ANXA10	1.45152430640359	0.358103077293116	0.164483676623764	2.17713444059396	0.0294705380459039	0.0332268041691292	ANXA10
ANXA11	14944.3959346167	0.819504935908393	0.0319533037981743	25.6469547275802	4.57206210803417e-145	2.35013392366428e-144	ANXA11
ANXA2	27449.5717170456	-1.08487032549601	0.0480354626483159	-22.5847793626703	6.11636237316839e-113	2.513139444862e-112	ANXA2
ANXA2P1	5.41373865731569	-0.0368511600437743	0.0696277717106213	-0.529259505774947	0.59662544239444	0.61539391408104	ANXA2P1
ANXA2P2	121.828366909573	-1.0844521943183	0.0587676024291282	-18.4532318742476	4.91178525931749e-76	1.47731071767709e-75	ANXA2P2
ANXA2R	120.128142390552	0.246814031269964	0.0406548877522428	6.07095591492189	1.27151093212935e-09	1.75363685942848e-09	ANXA2R
ANXA3	1553.7578153459	1.52274695057127	0.054237721204849	28.0754227269256	1.95539039205173e-173	1.23375332798188e-172	ANXA3
ANXA4	2439.44966465491	-1.14658515121353	0.0376991609700467	-30.4140761149706	3.57865085813181e-203	2.74008056559893e-202	ANXA4
ANXA5	10297.5859853918	0.238807743834061	0.0442853201326739	5.39248091960539	6.94914805485037e-08	9.22164497864811e-08	ANXA5
ANXA6	13267.3215561115	0.103402137237791	0.0448589336062698	2.3050511665159	0.021163707973218	0.0240312816013308	ANXA6
ANXA7	7792.28427969623	-0.410217353015953	0.0350355614062382	-11.7085993930416	1.15166319444494e-31	2.20520042157253e-31	ANXA7
ANXA8	1013.01183137272	-6.29362858950566	0.155303731434818	-40.524645038211	0	0	ANXA8
ANXA8L1	1301.81840244559	-7.0737675035386	0.163455903119124	-43.276304914992	0	0	ANXA8L1
ANXA9	651.005758715127	-2.28752182192958	0.0894834485065678	-25.5636305943404	3.87351506995354e-144	1.97695335339477e-143	ANXA9
AOAH	75.0698497185928	0.444267590569785	0.0616752703084007	7.20333430803418	5.875767222818e-13	8.63285061850693e-13	AOAH
AOC1	48.2522415991114	-1.16228382012664	0.133040915655258	-8.73628848991395	2.40894307197831e-18	3.85932575993961e-18	AOC1
AOC2	157.026521604165	-1.77388139688031	0.0476552064276923	-37.2232444228699	2.87161703778879e-303	3.77865338430088e-302	AOC2
AOC3	5582.92927372588	-1.3917821945102	0.0789500340201926	-17.628645912353	1.48480609277025e-69	4.22109830637355e-69	AOC3
AOC4P	132.631489031241	-2.24340676748153	0.0863865887418234	-25.9693871485795	1.09841938567561e-148	5.80353606150473e-148	AOC4P
AOX1	3969.97343633069	-2.83873020574375	0.0740676847023784	-38.3261636589619	0	0	AOX1
AP1AR	923.583213566813	-0.632315998418243	0.0236301352709316	-26.7588818755549	9.73293546505946e-158	5.47508035332923e-157	AP1AR
AP1B1	5033.2083143148	-0.446313433039456	0.0281113558179485	-15.8766242343421	9.19982035085757e-57	2.30392273422074e-56	AP1B1
AP1G1	5348.48981470466	-0.827082900709368	0.0171224605153375	-48.3039747686092	0	0	AP1G1
AP1G2	938.64655056503	-1.31747562150229	0.0688095073163219	-19.1467091232868	1.03099645037497e-81	3.26972641000702e-81	AP1G2
AP1M1	2980.74291345828	0.10064576877052	0.0209104620557664	4.81317765729455	1.48549120671647e-06	1.91714419358353e-06	AP1M1
AP1M2	742.423309636067	-7.31388856309848	0.151889142516927	-48.1528069873947	0	0	AP1M2
AP1S1	1031.00343669358	-0.855625545592641	0.054160057032751	-15.7980916651406	3.20677962090702e-56	7.99518558946637e-56	AP1S1
AP1S2	2389.84253822971	0.921536902214825	0.0663893711747619	13.880789739505	8.28263056478998e-44	1.81580359026653e-43	AP1S2
AP1S3	72.2927198988228	-1.24301214719378	0.0630725043570223	-19.7076707174604	1.85302197095785e-86	6.11032212845068e-86	AP1S3
AP2A1	7639.0423486879	-0.328789468009192	0.0263308951146464	-12.4868321634195	8.80918396043879e-36	1.76585880258194e-35	AP2A1
AP2A2	4261.52667848713	-0.0164055816356669	0.0175464750576719	-0.934978768199588	0.349799241399688	0.369613532779748	AP2A2
AP2B1	8523.3154792135	0.258183969717368	0.0199681644272089	12.9297798332211	3.05692974116333e-38	6.2888905452207e-38	AP2B1
AP2M1	13146.6579229447	0.786560490133119	0.0131042191999206	60.0234533727795	0	0	AP2M1
AP2S1	2863.51310734374	-0.0757244245018766	0.0242504054966354	-3.12260446582565	0.00179258476298112	0.00212235716380052	AP2S1
AP3B1	1950.52603168173	-0.246183554014846	0.0187222895759849	-13.1492226426529	1.71932933116748e-39	3.583379331984e-39	AP3B1
AP3B2	165.205067537131	-1.66837112585696	0.0612625549363899	-27.2331300512893	2.63297535313793e-163	1.54284470481236e-162	AP3B2
AP3D1	8272.98164343624	0.110477809451489	0.0240291914008071	4.59764990043642	4.27283195066409e-06	5.45653007547562e-06	AP3D1
AP3M1	1930.06921477024	0.0175393733610198	0.0150221578778376	1.16756683717829	0.242981533571856	0.259810548608672	AP3M1
AP3M2	1024.15937379819	0.455582916951221	0.020547986870327	22.1716570010623	6.44921186460496e-109	2.5587891288242e-108	AP3M2
AP3S1	1876.35234498102	0.0561949736887911	0.0289293044360757	1.94249308043211	0.0520774368112217	0.0579564723362475	AP3S1
AP3S2	4377.13289520391	0.00664027685873042	0.0398042041035137	0.166823505413195	0.867508923207867	0.875485122311196	AP3S2
AP4B1	774.325047895748	0.441715422513001	0.0198551104014363	22.2469386259895	1.20759389455002e-109	4.81886448587783e-109	AP4B1
AP4B1-AS1	32.0716958878447	0.455006069325376	0.0419082027857041	10.8572078753182	1.8429823213732e-27	3.35072465074629e-27	AP4B1-AS1
AP4E1	1368.69990992757	-0.801194265319166	0.0309359622281865	-25.898475677255	6.9282807957372e-148	3.6370948557616e-147	AP4E1
AP4M1	645.639831005584	-0.0449428897198235	0.0190774902048687	-2.35580724912933	0.0184825052549125	0.0210332265200203	AP4M1
AP4S1	504.595313997591	0.0795818806989454	0.0235359445121337	3.38129114206222	0.000721460561281061	0.000865916226404879	AP4S1
AP5B1	2138.2133265374	-0.815773062366739	0.0329071572136604	-24.7901408520361	1.14520974626377e-135	5.50612196647814e-135	AP5B1
AP5M1	1766.54677566572	0.190580579726333	0.0298198685160016	6.39106036379957	1.64739327525746e-10	2.31272786346174e-10	AP5M1
AP5S1	714.462976131525	0.289118906574718	0.0358018336407827	8.07553349014437	6.71822649460904e-16	1.03708768655739e-15	AP5S1
AP5Z1	2739.17725179077	-0.807912963728377	0.044975283189911	-17.9634880855983	3.76394140701044e-72	1.09582256619109e-71	AP5Z1
APAF1	652.158667777081	-0.694067486295153	0.026176150789602	-26.5152616163435	6.46375849941493e-155	3.56149729868283e-154	APAF1
APBA1	465.641786575892	-0.372398309268428	0.0446573923240866	-8.33900704649004	7.49169489735179e-17	1.17288223906096e-16	APBA1
APBA2	90.484504784087	-0.980602599693156	0.0739815000119747	-13.2547001552339	4.23807398439964e-40	8.89778047506158e-40	APBA2
APBA3	844.972002393518	-0.213004645508035	0.0249408737984064	-8.54038423953075	1.33776247341394e-17	2.1179474304243e-17	APBA3
APBB1	3237.63708667146	1.10841590127976	0.0335272525347577	33.0601471185468	1.1119783525376e-239	1.04308089234129e-238	APBB1
APBB1IP	484.310978049673	-0.922079812212151	0.0753319260356627	-12.2402261662025	1.89503837610401e-34	3.74740039638012e-34	APBB1IP
APBB2	2742.21536651357	-0.22191992399273	0.0378579548215964	-5.86191000117453	4.57573025169569e-09	6.23053859763798e-09	APBB2
APBB3	1823.17184602609	-0.153236831830066	0.0302852485449896	-5.0597845219077	4.1973053318013e-07	5.48220093438943e-07	APBB3
APC	2082.15825325601	-0.358711138559448	0.0329592057781394	-10.8834885456302	1.38171666917323e-27	2.51641863231357e-27	APC
APC2	50.4391870693004	0.591723019212093	0.0379591151527476	15.5884302579498	8.72512750593741e-55	2.14242286501677e-54	APC2
APCDD1	5186.63022707332	-0.909537664167749	0.0878046767767948	-10.3586471422229	3.82331274180649e-25	6.75667118253079e-25	APCDD1
APCDD1L	106.522038808386	0.2900338365927	0.100746338597831	2.87885237944464	0.00399125111243805	0.00466475206304359	APCDD1L
APEH	5129.35483810562	-0.192316851083467	0.0428419710742332	-4.48898232880638	7.15642329527535e-06	9.08802650710769e-06	APEH
APEX1	4691.28176322468	-0.513474673536871	0.0176847128968375	-29.0349454091897	2.38390660436028e-185	1.62671352483281e-184	APEX1
APEX2	1091.01109787163	-0.0303338400033078	0.0289843582356379	-1.04655896662258	0.29530303537071	0.313854279961513	APEX2
APH1A	5576.46030528736	-0.249997205678619	0.0274505143409308	-9.10719568215355	8.45388241477874e-20	1.38369101062404e-19	APH1A
APH1B	740.613828001129	-0.259980905633162	0.0313042779183506	-8.30496414296019	9.9849596696087e-17	1.56118526025038e-16	APH1B
API5	3374.24718580236	-0.649110855543218	0.0140391112121859	-46.2358938349169	0	0	API5
API5P1	2.17209663032707	-0.580800653760748	0.0996822049196519	-5.82652294086892	5.65940906181336e-09	7.69332597203612e-09	API5P1
API5P2	0.615653429694687	0.410405213352462	0.157858113458671	2.59983604491708	0.00932683099057796	0.0107492339241561	API5P2
APIP	961.828261133081	-0.209035588976677	0.0390766079018206	-5.34937908382108	8.82565036904546e-08	1.16833749296358e-07	APIP
APLF	243.527096292947	-1.07403258172945	0.0314859651913285	-34.1114707839811	4.98631198088368e-255	5.09702452969263e-254	APLF
APLN	540.430854212513	2.20549031072149	0.0944291306230158	23.3560374449103	1.19661518224765e-120	5.18917607700312e-120	APLN
APLNR	1287.88958174981	2.05197063465516	0.0810497415358209	25.3174235447533	2.05380127982212e-141	1.02953151874347e-140	APLNR
APLP1	201.663816975125	3.55687331244941	0.0504735588058123	70.4700321634507	0	0	APLP1
APLP2	15750.023571693	0.681477495671983	0.03128405995846	21.7835375771838	3.32389671252871e-105	1.28123050797065e-104	APLP2
APMAP	3763.63544284479	-0.642323672987525	0.0448682903912928	-14.3157599138695	1.74446798794476e-46	3.94350976403286e-46	APMAP
APOA1	299.957317417093	5.92391461642896	0.0945221496784994	62.6722375292788	0	0	APOA1
APOA2	7.73678286338406	0.939339591357607	0.136775429160103	6.86775100707643	6.52219285899337e-12	9.4037640091902e-12	APOA2
APOA4	1.79859833592143	0.657808506960222	0.191157869034263	3.44117932619513	0.000579184541032309	0.000697617994186859	APOA4
APOB	537.347802787847	2.74560724230119	0.0950037210807926	28.8999968745043	1.19403193881226e-183	8.03505380581664e-183	APOB
APOBEC2	8079.31192932015	-0.0173528896960986	0.155299698187332	-0.111738077399007	0.911031086969003	0.916427527048283	APOBEC2
APOBEC3A	32.1233475381719	1.66963779953744	0.0788106234893418	21.1854408151363	1.30102396803127e-99	4.79519501403171e-99	APOBEC3A
APOBEC3B	16.1327270570865	0.285800709601616	0.0875447816505724	3.26462302164812	0.00109609852302002	0.00130893389365022	APOBEC3B
APOBEC3C	850.607352234365	1.15893026244115	0.0539502968876765	21.4814436490317	2.32177639303745e-102	8.74540632999939e-102	APOBEC3C
APOBEC3D	86.2191163988488	0.543429570290551	0.0557570669148101	9.74638015161099	1.91163359028066e-22	3.24788261053725e-22	APOBEC3D
APOBEC3F	139.570148311151	0.43066024956136	0.0552711804506016	7.79176862246069	6.60776544082417e-15	1.00140078885566e-14	APOBEC3F
APOBEC3G	127.026122102664	0.565258137190407	0.0570811520322551	9.90271073840615	4.05142058027526e-23	6.96291978857504e-23	APOBEC3G
APOBEC3H	9.592035780975	0.806018776432812	0.0724979638689969	11.1178126035275	1.02760552167803e-28	1.90151387702777e-28	APOBEC3H
APOBEC4	1.31916983860848	1.96335166120148	0.177837201977081	11.0401627970648	2.44589613346416e-28	4.50051888975655e-28	APOBEC4
APOBR	152.784694277252	0.13421253738475	0.0540149661971278	2.48472871194515	0.0129650195313604	0.014848156036647	APOBR
APOC1	384.964875600252	-2.2522947538402	0.0728929969479973	-30.8986438772303	1.24562743848476e-209	9.91270535816278e-209	APOC1
APOC1P1	2.83500004817773	-1.72681894546536	0.118997558891112	-14.5113812548497	1.0263287508601e-47	2.35259694947571e-47	APOC1P1
APOC2	21.4243699704313	-0.574857408888025	0.0865005570137758	-6.6457075969635	3.01763805149602e-11	4.29445035694362e-11	APOC2
APOC3	11.3341791862145	0.80437767728711	0.165152251280021	4.87052202469381	1.11303793079856e-06	1.44142415771978e-06	APOC3
APOD	44057.1534633903	-0.26579028064849	0.0491159697182374	-5.41148392616993	6.25046058249899e-08	8.30426901952649e-08	APOD
APOE	6335.11683417572	-1.31141993890238	0.0825650399006525	-15.8834773226097	8.24765048833697e-57	2.06661966092085e-56	APOE
APOF	1.48667680616521	0.463084319703408	0.129356809125941	3.57989906238759	0.000343726954780516	0.000416774142058741	APOF
APOH	6.72497230606036	0.912714446313277	0.187181170070044	4.8761018321006	1.08202766197976e-06	1.40197077256875e-06	APOH
APOL1	1599.23115045491	1.28479279922245	0.0557297619550481	23.0539796717375	1.34173562557944e-117	5.69905214630853e-117	APOL1
APOL2	2436.4559840224	0.702940714476899	0.0390671455822512	17.9931424218578	2.2049222564004e-72	6.4318271815692e-72	APOL2
APOL3	3223.32887537311	0.321891786930334	0.0453070437486517	7.10467424703499	1.20606668786744e-12	1.76206529082882e-12	APOL3
APOL4	851.759966067799	-0.630258974089018	0.0864684582704711	-7.2888887658617	3.12521937512028e-13	4.61123557143771e-13	APOL4
APOL5	12.6549465093391	-1.09933661806613	0.127017288854727	-8.65501561227202	4.92844197077175e-18	7.85174651879478e-18	APOL5
APOL6	1540.75218929978	-0.427592662053551	0.0680725208243993	-6.28142834840176	3.3547640896716e-10	4.67878735400779e-10	APOL6
APOLD1	7929.53344956638	0.373069168193501	0.0661833784124229	5.63690124533555	1.73137332463087e-08	2.32759157704856e-08	APOLD1
APOM	115.782285022513	-0.837847244139995	0.0334758883169279	-25.0283797164037	3.002530533993e-138	1.4695093024037e-137	APOM
APOO	803.625311588122	1.61781318335502	0.0587554861910387	27.5346744318452	6.75315889705363e-167	4.0440323787712e-166	APOO
APOOL	1600.63222989219	0.145323282347176	0.0399986988373777	3.63320024328831	0.000279927607464223	0.000340310451945937	APOOL
APP	23108.185688951	0.47094800654195	0.0427917589837786	11.0055771888338	3.5920828648031e-28	6.59336021712252e-28	APP
APPBP2	1905.97945615925	-0.628920654221125	0.0136849152873201	-45.9572193920601	0	0	APPBP2
APPL1	3539.28352266083	-0.301599121736405	0.0293096977449129	-10.2900795621051	7.81118036766162e-25	1.37326943840489e-24	APPL1
APPL2	3123.64872922513	-1.07313867730394	0.0421511095880752	-25.4593221338956	5.56622082466019e-143	2.81611976010984e-142	APPL2
APRT	3140.74242912202	-0.905456433720958	0.0434797645233572	-20.8247777706926	2.58120594241063e-96	9.22459562623263e-96	APRT
APTX	1196.26211703164	-0.288069787820373	0.0228942902599427	-12.5826039833346	2.63208363281495e-36	5.30632069372851e-36	APTX
AQP1	21175.2587706699	0.971952354239178	0.0511673705405784	18.9955501713415	1.85631946211282e-80	5.81039934576471e-80	AQP1
AQP10	4.79405422677308	2.07778134029652	0.0868084937299783	23.9352308860416	1.31679683050388e-126	5.95719018494605e-126	AQP10
AQP11	63.381607620216	-0.0120809834644626	0.036980609672535	-0.326684269714326	0.743906698991342	0.757413149804477	AQP11
AQP3	10336.9988457843	-2.36333408740746	0.119791082849321	-19.7287980974359	1.22037373403458e-86	4.02712146404335e-86	AQP3
AQP4	827.974162449289	-0.86395981542235	0.133863938577918	-6.45401461065982	1.08925302080656e-10	1.5337643638563e-10	AQP4
AQP5	1748.43516986702	-6.08133745577622	0.157213692908321	-38.6819833773803	0	0	AQP5
AQP7	4641.64605766739	1.48552564099579	0.0908823180075846	16.345595860262	4.67577673033002e-60	1.21036319992336e-59	AQP7
AQP7P1	98.0138676334124	0.371723458690663	0.106394025018846	3.49383772843275	0.000476130328919686	0.000575145755662546	AQP7P1
AQP7P2	88.2896341443242	0.628025954134917	0.125680474751733	4.99700494747101	5.82275752383184e-07	7.58542901914148e-07	AQP7P2
AQP9	668.257892020189	-2.23282359608137	0.108804099227413	-20.5215025163208	1.38369253301417e-93	4.8430583874758e-93	AQP9
AQR	1925.31572167456	-0.459103900250249	0.0228642982904735	-20.079509741243	1.11489616368795e-89	3.78094307508418e-89	AQR
AR	2028.78271087106	0.00886432840901092	0.0446313119681758	0.198612319873805	0.84256601573994	0.852080384794082	AR
ARAF	5757.78553661023	-0.265257931315586	0.0370458919793474	-7.16025224776511	8.05287437308307e-13	1.18006994130469e-12	ARAF
ARAP1	3175.07931985517	0.449752765960963	0.0281678268374065	15.9668961527304	2.17335109412699e-57	5.47627282270155e-57	ARAP1
ARAP2	1486.20005000981	-2.80640841823992	0.0875540742057261	-32.0534303366134	1.96655098247402e-225	1.7035555455012e-224	ARAP2
ARAP3	2315.59510301165	1.84885253265368	0.0496360452009114	37.2481837577932	1.1337974201733e-303	1.49410595611564e-302	ARAP3
ARC	343.278059456501	-2.06278837145303	0.104002173313786	-19.8340890937861	1.51231028975279e-87	5.03571911317795e-87	ARC
ARCN1	5917.10875138948	0.179974612718301	0.0173665116376296	10.3633139731029	3.64123137628225e-25	6.43741956437407e-25	ARCN1
AREG	767.364101855809	-0.599271526507587	0.0913782349098417	-6.55814294398286	5.44819730070345e-11	7.71742206562502e-11	AREG
AREL1	2051.58706445234	0.027929346191024	0.0196330491430449	1.4225679357054	0.154861444610886	0.167951612509974	AREL1
ARF1	18849.9591493772	0.216936224197697	0.0174475565381275	12.4336163475747	1.71687924877328e-35	3.43204257158999e-35	ARF1
ARF1P2	1.29420029187309	-1.40206119975889	0.15922635236811	-8.80545951663521	1.30317566010587e-18	2.09637757440266e-18	ARF1P2
ARF3	4837.59893051358	-0.376433969419772	0.0520318042036367	-7.23468992054405	4.66593965446677e-13	6.8676680065459e-13	ARF3
ARF4	4307.52033478574	0.252473886516881	0.0225622386585229	11.1901079648189	4.55878206598901e-29	8.46704869684979e-29	ARF4
ARF5	4140.0020576939	-0.385616906676893	0.0257999380300055	-14.9464276320516	1.64331272784993e-50	3.87189429502965e-50	ARF5
ARF6	5018.59493417629	-1.11382135814955	0.0351115578108357	-31.7223566140324	7.64113889391792e-221	6.48506087833176e-220	ARF6
ARFGAP1	4221.67296084645	0.0790455208124821	0.0211050055627093	3.74534470401413	0.000180146255556474	0.000220150220385071	ARFGAP1
ARFGAP2	6986.9343213773	-0.326415884592385	0.026949625038118	-12.1120751821481	9.1158276878228e-34	1.78927068158868e-33	ARFGAP2
ARFGAP3	2372.19573047818	-0.299055255170162	0.0227222152779963	-13.1613599955529	1.46426238345833e-39	3.054251119888e-39	ARFGAP3
ARFGEF1	3100.69799310301	-0.452042083677557	0.0174393680343908	-25.920783527598	3.88360995047059e-148	2.04292410047987e-147	ARFGEF1
ARFGEF2	3700.17655917411	-0.12226025715164	0.0211135414383786	-5.79060871945457	7.01317845010337e-09	9.50920648390409e-09	ARFGEF2
ARFIP1	1156.03675295657	-0.45736882491542	0.0294871169886439	-15.5108017203432	2.93195018794152e-54	7.16411501739314e-54	ARFIP1
ARFIP2	2056.18585334691	-0.570171064927019	0.0304881721471331	-18.7013856447486	4.82348486622273e-78	1.47640794213357e-77	ARFIP2
ARFRP1	1972.35431080923	0.683839620755301	0.021371173379055	31.9982253021963	1.15419541805421e-224	9.9743983295218e-224	ARFRP1
ARG1	1574.13531142433	-5.51811769428589	0.139763215911788	-39.4819027187288	0	0	ARG1
ARG2	414.735152897521	-2.16048109706194	0.103741974183984	-20.8255251941743	2.54124921041556e-96	9.08360346240876e-96	ARG2
ARGFX	2.40446785300008	1.55572516138959	0.13460024575066	11.5581153118508	6.71667685907754e-31	1.27485133003221e-30	ARGFX
ARGFXP2	6.58805247798851	-0.693934693490575	0.0728837522984052	-9.52111645747085	1.71328366282466e-21	2.87318979080555e-21	ARGFXP2
ARGLU1	6658.27897984799	0.0435718525133381	0.023507981798462	1.85349184319127	0.0638118941995965	0.0706965723465618	ARGLU1
ARHGAP1	6721.14094210077	0.457259251083883	0.0316815986807817	14.4329601448194	3.21002915753822e-47	7.31624903328e-47	ARHGAP1
ARHGAP10	3385.73486406177	0.355275277868917	0.0266055389933253	13.3534328305864	1.13113680454231e-40	2.389858405935e-40	ARHGAP10
ARHGAP11A	140.644192086941	-0.929835231498575	0.0525778584605474	-17.6849202064076	5.47985850293002e-70	1.56451915798959e-69	ARHGAP11A
ARHGAP11B	41.1829110447666	-0.936752207135162	0.060170660961104	-15.568255228918	1.19626011069747e-54	2.93457048959733e-54	ARHGAP11B
ARHGAP12	1990.3788674607	-0.349152362335804	0.0223264534711014	-15.6385053626065	3.97959342231149e-55	9.8011576405841e-55	ARHGAP12
ARHGAP15	157.310688311542	0.778240467954292	0.0561771022355158	13.8533394743576	1.21432647775816e-43	2.65699415657283e-43	ARHGAP15
ARHGAP17	3936.82494366257	0.18681209533905	0.0155907903547488	11.98220815548	4.40433774225076e-33	8.5794268691977e-33	ARHGAP17
ARHGAP18	798.67384298935	-0.516582135509795	0.0375898211042337	-13.7426069168393	5.64075311605688e-43	1.22513509703354e-42	ARHGAP18
ARHGAP19	775.120956828327	-0.27355186950331	0.0383255149514416	-7.13759149354938	9.49804010107634e-13	1.38958241108156e-12	ARHGAP19
ARHGAP20	357.807023311367	-3.15639272970163	0.0694981480305377	-45.4169329564682	0	0	ARHGAP20
ARHGAP21	5224.19908340467	0.256372567873171	0.0304981755164729	8.40616081229834	4.23650163507684e-17	6.65746538044681e-17	ARHGAP21
ARHGAP22	220.16063216919	1.33678688899591	0.040944064484959	32.6491008113515	8.25216235656164e-234	7.49103250531851e-233	ARHGAP22
ARHGAP23	5246.12908283598	-0.117035633185393	0.0564483227508303	-2.07332348388813	0.038142184592106	0.0427413760484624	ARHGAP23
ARHGAP23P1	3.69408668833348	-0.684082491463829	0.103683712764482	-6.59778159196252	4.1735548197736e-11	5.92586845801739e-11	ARHGAP23P1
ARHGAP24	652.679786345533	0.24407872570325	0.038721507857922	6.30344062526774	2.91109762061811e-10	4.06474311733995e-10	ARHGAP24
ARHGAP25	403.893703213787	0.674114359851801	0.0476480966240369	14.1477710048072	1.92771129523459e-45	4.30369974271584e-45	ARHGAP25
ARHGAP26	2530.41671966012	0.857610877689207	0.0382563146808308	22.4174985187199	2.65703846132874e-111	1.07796595317509e-110	ARHGAP26
ARHGAP27	2305.24107427372	0.51754790749091	0.0546719086491268	9.46643203573571	2.89565734595246e-21	4.8416057852954e-21	ARHGAP27
ARHGAP28	444.190040222911	-2.39220979504309	0.057086904815658	-41.9047030622502	0	0	ARHGAP28
ARHGAP29	4965.03872517288	0.0854879125871366	0.0398536825222411	2.14504425129167	0.0319493090898617	0.0359539580474244	ARHGAP29
ARHGAP30	1347.74934808777	-1.79495155845085	0.0819142681533888	-21.9125629626539	1.97168534349078e-106	7.66241534287079e-106	ARHGAP30
ARHGAP31	2395.2268926147	1.28303944817222	0.0447173769778968	28.6921893653648	4.77507274782957e-181	3.16830388992555e-180	ARHGAP31
ARHGAP32	3382.52547746016	-2.2761492111493	0.0426406538898592	-53.3797914316368	0	0	ARHGAP32
ARHGAP33	1062.85099638747	-0.209653658392688	0.0479179233541642	-4.37526594888358	1.21284515717612e-05	1.53124040358588e-05	ARHGAP33
ARHGAP35	5088.09873804975	0.589650210882511	0.0288161365573913	20.4625005752642	4.64917255013568e-93	1.62126608049191e-92	ARHGAP35
ARHGAP36	218.145780995415	-5.76375769585777	0.184574106290163	-31.2273363350152	4.53504275433872e-214	3.70396118969379e-213	ARHGAP36
ARHGAP39	497.595715272547	-1.0667073598183	0.0642307095672287	-16.6074353997569	6.15697256714823e-62	1.62820131014008e-61	ARHGAP39
ARHGAP4	1149.8968905063	0.861767124739852	0.049067658007183	17.5628338449269	4.74462622971254e-69	1.34289334529961e-68	ARHGAP4
ARHGAP40	1401.3586465803	-9.08802226700879	0.177397964305014	-51.2295747170077	0	0	ARHGAP40
ARHGAP42	946.103051003955	-0.160404373964061	0.0265239250203497	-6.04753534180915	1.47078410744827e-09	2.02536602801227e-09	ARHGAP42
ARHGAP42P1	0.091958486091096	0.526637782336035	0.403387740006251	1.30553740261881	0.191709919714621	0.20648418983922	ARHGAP42P1
ARHGAP44	419.231795635824	0.831449849272055	0.0294787622308378	28.2050461536093	5.07096760284833e-175	3.23811592120868e-174	ARHGAP44
ARHGAP5	1564.38711031051	0.239636554524491	0.0304680056446175	7.86518675753316	3.68547203259895e-15	5.608909541665e-15	ARHGAP5
ARHGAP6	1082.6848252326	-0.605710436586728	0.0470333245681117	-12.8783249355372	5.96153943898714e-38	1.22364505634216e-37	ARHGAP6
ARHGAP8	226.84208417053	-4.35311812604909	0.114283575734964	-38.0904963644509	0	0	ARHGAP8
ARHGAP9	241.960124578326	0.741341785812573	0.0520716622647009	14.2369525682518	5.40323922197711e-46	1.21488520153397e-45	ARHGAP9
ARHGDIA	5623.95320843565	-0.0620736287663554	0.0278321279794056	-2.23028684016856	0.0257284062669514	0.0290896954469815	ARHGDIA
ARHGDIB	3472.98165861583	0.508774130569862	0.0401492976035339	12.6720555760129	8.44714333554879e-37	1.71177560715089e-36	ARHGDIB
ARHGDIG	91.4311197678005	3.10886641571133	0.0848659955200469	36.6326512363477	8.64493786932906e-294	1.08293337916348e-292	ARHGDIG
ARHGEF1	4622.46676383386	0.000408169514167369	0.0340774884586353	0.0119776876944093	0.99044341642094	0.991324544842554	ARHGEF1
ARHGEF10	1690.24090685907	0.595658703693481	0.0442367616644432	13.4652420584453	2.50495966985588e-41	5.3407294820651e-41	ARHGEF10
ARHGEF10L	6599.1897450581	-0.380256109462261	0.0360851921691483	-10.5377326987708	5.78774217948682e-26	1.03276315397445e-25	ARHGEF10L
ARHGEF11	3472.00177063125	0.199966679710545	0.0133051055823824	15.0293192693882	4.71829482399777e-51	1.11828867843033e-50	ARHGEF11
ARHGEF12	10187.0536782263	-0.193335415326688	0.022272166156569	-8.68058427579868	3.93740847184709e-18	6.28400477894489e-18	ARHGEF12
ARHGEF15	3010.92553916077	1.18635879228701	0.0649042273237856	18.2786058967879	1.22517842619365e-74	3.63874556177395e-74	ARHGEF15
ARHGEF16	464.898865932562	-2.4397014006147	0.0668166462509828	-36.513377092446	6.80239738199889e-292	8.44482450161118e-291	ARHGEF16
ARHGEF17	5277.38795187324	1.3081282239425	0.0350996456113968	37.2689866565991	5.22008416806457e-304	6.89411115989217e-303	ARHGEF17
ARHGEF18	1641.8371013151	-0.382830418578357	0.0341504428352011	-11.2101157933961	3.63717248967617e-29	6.76231584245619e-29	ARHGEF18
ARHGEF19	999.91956432467	-1.89981576910465	0.0822512615545604	-23.0977097882496	4.88198414387453e-118	2.08297218710323e-117	ARHGEF19
ARHGEF2	2925.76618835591	0.771167917236113	0.0358044989859573	21.5382965570491	6.81677986838999e-103	2.57791710947244e-102	ARHGEF2
ARHGEF25	906.109256995717	0.853852265436346	0.0488334383051795	17.4849917407061	1.86440020939945e-68	5.24719639921819e-68	ARHGEF25
ARHGEF26	941.928459511132	-1.63611482157123	0.0745253893071714	-21.9537910070843	7.96725328676282e-107	3.1049691798012e-106	ARHGEF26
ARHGEF28	1067.49408061664	-1.8124637792688	0.0716620558364737	-25.2918194728418	3.92985451321645e-141	1.96503641923359e-140	ARHGEF28
ARHGEF3	1330.25937123114	-0.200518419432853	0.0319849095083074	-6.26915700295394	3.63007972240521e-10	5.05884222985339e-10	ARHGEF3
ARHGEF33	32.6077900427679	-0.0863097479465281	0.0387386447959985	-2.22800122206245	0.0258804335089213	0.0292579089112663	ARHGEF33
ARHGEF34P	234.220473438455	-3.43297476973915	0.10440909419544	-32.8800359412475	4.24060275149538e-237	3.92266650203845e-236	ARHGEF34P
ARHGEF35	190.265893704857	-3.56501804120753	0.117866454821132	-30.2462481510759	5.84499921540633e-201	4.41526776653501e-200	ARHGEF35
ARHGEF37	3563.61513099813	-0.783322083515562	0.0485279502264277	-16.1416684582935	1.29979669432188e-58	3.31599210522792e-58	ARHGEF37
ARHGEF38	143.195188248612	-5.84803802479228	0.152639070671118	-38.3128513497878	0	0	ARHGEF38
ARHGEF39	205.741321969349	-0.0387325756833691	0.044231355370042	-0.875681411056257	0.381203253674875	0.401664702025371	ARHGEF39
ARHGEF4	2962.43706603662	-4.20957117522501	0.0875758315672855	-48.0677271330361	0	0	ARHGEF4
ARHGEF40	3248.23106691215	0.261964136343566	0.0348349120512923	7.52016069275099	5.47089583835345e-14	8.18429286015129e-14	ARHGEF40
ARHGEF5	1099.8547062585	-3.60615547969519	0.103022936180138	-35.0034236394674	1.99555048492615e-268	2.19571542048629e-267	ARHGEF5
ARHGEF6	4034.6446586845	0.332003725090001	0.056618497968001	5.86387376926953	4.52191298580618e-09	6.1577241589755e-09	ARHGEF6
ARHGEF7	7227.69663998868	-0.12631437842849	0.0211306406376712	-5.9777827182059	2.26195150880605e-09	3.10038750552179e-09	ARHGEF7
ARHGEF9	1431.20561319235	1.27799010711546	0.0377322542340186	33.8699643861525	1.84489948897585e-251	1.84602755425537e-250	ARHGEF9
ARID1A	5674.81218701383	-0.211329149883142	0.0169994148895753	-12.431554336187	1.76175092942526e-35	3.52135004225895e-35	ARID1A
ARID1B	5572.12107512849	-0.884367192921591	0.0204287549950854	-43.2903127544653	0	0	ARID1B
ARID2	1659.52514822007	-0.525966900222119	0.0208734623263488	-25.197875273341	4.22633010421049e-140	2.09466322152789e-139	ARID2
ARID3A	466.579819813995	-0.192557124260611	0.0378008262537495	-5.09399246905381	3.50600698778927e-07	4.5872759531845e-07	ARID3A
ARID3B	394.329885016112	-0.401230431817296	0.0231012990174788	-17.3683060642485	1.43397036367064e-67	3.9995197577371e-67	ARID3B
ARID4A	1531.88837847957	-0.449125639653067	0.0246303583625196	-18.2346368267426	2.74068339303273e-74	8.11298170662427e-74	ARID4A
ARID4B	2097.03963708962	-0.512985985907588	0.0182884152162303	-28.0497779519097	4.01951187102682e-173	2.53255978965186e-172	ARID4B
ARID5A	3550.07185512705	0.249596130850379	0.0586431746527905	4.25618381556193	2.07945763957039e-05	2.61070700027246e-05	ARID5A
ARID5B	10478.6995519702	-1.95604764506794	0.0589543126081276	-33.1790425251821	2.15967954409746e-241	2.03968475725595e-240	ARID5B
ARIH1	5346.29105600067	-0.611545440282975	0.022252762748175	-27.4817759576001	2.89934945545529e-166	1.72761302706556e-165	ARIH1
ARIH2	6647.83036945575	0.146602614522809	0.0489789836076454	2.99317388243893	0.00276092399093749	0.00324641666737643	ARIH2
ARIH2OS	79.9286180407496	-0.329212449220407	0.037075424861674	-8.87953274840886	6.71417965004873e-19	1.0846446009201e-18	ARIH2OS
ARL1	3054.40550832206	0.281018137640987	0.0225509572869803	12.4614726578916	1.21113227936405e-35	2.42455428834878e-35	ARL1
ARL10	1037.0748056018	-0.0118800579767159	0.0329515913003957	-0.360530630172426	0.718450354983527	0.732630804471126	ARL10
ARL11	28.6446534751751	0.125422086161144	0.0648793190064289	1.93315971995199	0.0532165251037446	0.0591948753872895	ARL11
ARL13A	5.49171528721333	-1.38079713524398	0.0800099982876938	-17.2578073340162	9.7752959141095e-67	2.69843738306832e-66	ARL13A
ARL13B	339.317753373657	-0.000558224440932704	0.0429408811008433	-0.0129998366736295	0.989627923165465	0.990618486620783	ARL13B
ARL14EP	1157.38887990974	0.381499969451143	0.0314287234138637	12.1385766907369	6.59634636409754e-34	1.29672197117091e-33	ARL14EP
ARL15	857.909539679031	0.424089392741822	0.0482467192981722	8.79001513286083	1.49539823134108e-18	2.40280849436497e-18	ARL15
ARL16	929.696867287635	-0.168963100899893	0.0213269184106262	-7.92252765480208	2.32730306139163e-15	3.55604638045249e-15	ARL16
ARL17A	179.559807455268	-0.775007561418392	0.037933745536474	-20.4305572902947	8.94749366896962e-93	3.11114223556349e-92	ARL17A
ARL17B	115.269863940899	-0.666304822220363	0.0505201470166787	-13.1888931756353	1.01666952890597e-39	2.12580650363995e-39	ARL17B
ARL2	4504.37897936125	0.231727345713583	0.0303902196465112	7.62506320812938	2.43914841186188e-14	3.66503427061149e-14	ARL2
ARL2BP	34.0260290264577	0.151955014866836	0.0332568823606497	4.56912987871145	4.89753229255652e-06	6.24410218842056e-06	ARL2BP
ARL3	1116.05453896162	0.951042480523988	0.0218025907819731	43.6206178446616	0	0	ARL3
ARL4A	1542.7258821649	-1.32044283416162	0.0659095667483618	-20.0341604308063	2.77478939786661e-89	9.3660198670536e-89	ARL4A
ARL4C	1685.51443382863	-2.32830440805409	0.0829727269989217	-28.061080939094	2.92603553578143e-173	1.84424249578437e-172	ARL4C
ARL4D	837.214196140985	-1.00233587386197	0.0851990752662326	-11.7646332513568	5.93838371421925e-32	1.14157246091052e-31	ARL4D
ARL5A	2884.23209505535	-0.310718388415515	0.0349717861904005	-8.88483038080579	6.40183668584552e-19	1.03465130348272e-18	ARL5A
ARL5B	1405.71160782494	-0.21725010400702	0.0404684914280821	-5.36837663922073	7.94485044385493e-08	1.05289886505067e-07	ARL5B
ARL6	194.416445166447	0.154275119719282	0.0316670635869716	4.87178482133572	1.10594582930819e-06	1.43254881437553e-06	ARL6
ARL6IP1	3448.39637733566	-0.608281409984587	0.0430002982382917	-14.1459811886354	1.97739244997752e-45	4.4135203337936e-45	ARL6IP1
ARL6IP4	4984.29787021643	0.317177754261967	0.0250302218224195	12.6717915850778	8.47562308879505e-37	1.71735357070463e-36	ARL6IP4
ARL6IP5	7451.9961657173	0.490528146461567	0.0460888750512665	10.6430921977578	1.87791673686792e-26	3.37167157194887e-26	ARL6IP5
ARL6IP6	749.608019914519	-0.753710233093285	0.0318795964394759	-23.6424019521144	1.41307356499248e-123	6.25749993688307e-123	ARL6IP6
ARL8A	2402.40098559187	0.0845027685250568	0.0176095695655317	4.79868449995845	1.59711145343851e-06	2.06031268979122e-06	ARL8A
ARL8B	7026.4094459795	-0.805131194125467	0.0367379482571997	-21.9155187570303	1.84777268050309e-106	7.1855165309432e-106	ARL8B
ARL9	30.8531552277481	-3.07160359683167	0.0945616173336117	-32.4825619891325	1.88005216118056e-231	1.68121306276261e-230	ARL9
ARMC1	1384.72218795516	0.0668785201756618	0.0291895018086802	2.29118402273566	0.0219527726380609	0.0249131168993655	ARMC1
ARMC10	1184.8324959305	-0.325624377268202	0.0208844388914128	-15.5917225720674	8.28685211344238e-55	2.03591681307597e-54	ARMC10
ARMC12	61.4253957962654	-1.23119478833571	0.0585862998791261	-21.0150630928372	4.77607101396901e-98	1.73895740943479e-97	ARMC12
ARMC2	170.229767471357	0.964210872029247	0.0316697033741063	30.4458447444002	1.3596481983078e-203	1.04415645126872e-202	ARMC2
ARMC3	1.96054130963158	0.0238679060586915	0.156707317688128	0.152308816274888	0.878943371666072	0.886329036656823	ARMC3
ARMC5	1210.26747438001	-0.63194443346975	0.0375660757142708	-16.8222105038692	1.67779976910256e-63	4.49837260107466e-63	ARMC5
ARMC6	1126.02950056049	0.102058250196654	0.0286551350152062	3.56160423402283	0.000368595718231012	0.000446506832023987	ARMC6
ARMC7	543.280265074347	-0.0206061676597936	0.0357915710825679	-0.575726827197862	0.564799839300215	0.584543316693105	ARMC7
ARMC8	3437.13558194047	-0.662762672306466	0.0375702503548575	-17.640624325006	1.20126395097298e-69	3.41718590099e-69	ARMC8
ARMC9	306.796714263311	-0.364854361730728	0.0472472721328188	-7.72223125824219	1.14310751961778e-14	1.72727931340885e-14	ARMC9
ARMCX1	1543.2855049984	0.455454086550732	0.0356802529846372	12.7648782856679	2.57552920371123e-37	5.24517492883876e-37	ARMCX1
ARMCX2	968.838530877097	1.31886669207479	0.042897055636103	30.7449234572827	1.42958425738629e-207	1.12473541159137e-206	ARMCX2
ARMCX3	2676.28230547185	0.695556591296084	0.0345020916942082	20.159838350115	2.20601535416783e-90	7.51950054731586e-90	ARMCX3
ARMCX4	1119.10372625614	-0.240029966933606	0.0389084007647628	-6.16910390084673	6.86780900849283e-10	9.51785587511583e-10	ARMCX4
ARMCX5	462.475485171143	-0.675500951016322	0.0291378648052463	-23.1829255688872	6.77031515886629e-119	2.89965365631102e-118	ARMCX5
ARMCX6	365.517703556963	0.300954503902532	0.036014062123591	8.35658312771644	6.45609442715753e-17	1.01207137318874e-16	ARMCX6
ARNT	4261.76802429342	-0.480831044314437	0.0134350451551496	-35.7893136019821	1.61950750004139e-280	1.90416423959798e-279	ARNT
ARNT2	737.745680019519	-0.962105797142717	0.0670597610765386	-14.3469911269833	1.11260586431535e-46	2.52115032270149e-46	ARNT2
ARNTL	1956.19429729042	-1.03935662948219	0.041534409240128	-25.0239897111147	3.35179287232795e-138	1.63955498627107e-137	ARNTL
ARNTL2	425.961221551028	-1.84434325816492	0.089755003280649	-20.5486400841407	7.91495136596811e-94	2.77841340754274e-93	ARNTL2
ARPC1A	3905.0702702188	0.753311678279802	0.0238600401816133	31.5721043445816	8.91899234920952e-219	7.48837599244965e-218	ARPC1A
ARPC1B	2290.80209480525	0.67511023836879	0.0515182765973165	13.1042861477233	3.11176246396656e-39	6.46449349265575e-39	ARPC1B
ARPC2	12986.8500504234	-0.656909961587092	0.0234806517392239	-27.9766494083185	3.12597047486843e-172	1.95451873977446e-171	ARPC2
ARPC3	4339.81942516884	-0.01331526784539	0.0227717033531799	-0.584728671319644	0.558730172285993	0.578494296061207	ARPC3
ARPC3P1	4.31564622097293	-0.0383335389297516	0.0617447550140582	-0.620838788995499	0.534705698804067	0.555056645186092	ARPC3P1
ARPC4	4942.50276802335	-0.190514361988242	0.0220081119024205	-8.65655185837585	4.86249879488e-18	7.74737482799034e-18	ARPC4
ARPC5	3292.3157882245	0.032941294616419	0.0477567284081193	0.68977284907185	0.490337045427934	0.511062309926944	ARPC5
ARPC5L	2844.09960886289	0.0478731338400465	0.0295703473387305	1.61895744042694	0.105456420561585	0.115462625541578	ARPC5L
ARPP19	8740.46430013335	-0.5458085176154	0.0392019940387355	-13.9229784351298	4.59355455138421e-44	1.01036871309222e-43	ARPP19
ARPP21	3381.78407475337	-8.22533990095506	0.164804401484584	-49.9097100979094	0	0	ARPP21
ARR3	6.20074443146029	-0.953433597028642	0.0748857554289824	-12.7318418778966	3.93446740697314e-37	7.99913573446166e-37	ARR3
ARRB1	1324.57258830918	0.241822549750123	0.0447684745859074	5.40162585361455	6.60395810646118e-08	8.76809631762854e-08	ARRB1
ARRB2	1156.60745801691	0.561568017282849	0.0325204676469541	17.2681408945067	8.17332453087405e-67	2.25933683784189e-66	ARRB2
ARRDC1	2368.76404145996	0.208718451110763	0.0333660733808972	6.25540946122414	3.96474300042194e-10	5.52095140021623e-10	ARRDC1
ARRDC2	7480.73730839694	-1.5073163489419	0.0650335514239509	-23.1775186182863	7.67612107112458e-119	3.28525571567555e-118	ARRDC2
ARRDC3	5142.9183713669	-1.81076140894	0.0443526585957014	-40.8264457255217	0	0	ARRDC3
ARRDC4	2203.59502328129	-0.341547983828951	0.0425949092156378	-8.01851653444912	1.07029878130508e-15	1.64543926571635e-15	ARRDC4
ARRDC5	5.05126355214407	-0.152819605487966	0.091049923842798	-1.67841552236569	0.0932660094353731	0.102470790762094	ARRDC5
ARSA	2107.71387312726	0.599192942285711	0.031089817066057	19.2729645533969	9.05948635286534e-83	2.89662191541615e-82	ARSA
ARSB	487.778456894578	1.04570776916899	0.0320793653390667	32.5975204969381	4.446818640508e-233	4.00035893792026e-232	ARSB
ARSD	938.953168857425	-0.463958512921581	0.0636636357825246	-7.28765341813759	3.15400058972209e-13	4.65332059794995e-13	ARSD
ARSF	74.4367677627398	-6.63057491890795	0.221868332067574	-29.8851794535891	3.06617897254855e-196	2.24732441713544e-195	ARSF
ARSG	406.084890901189	0.278979429315321	0.0302473623316108	9.22326470178744	2.88189279305606e-20	4.75150688475932e-20	ARSG
ARSI	74.2550528332003	0.00954197437675518	0.0806056916338455	0.118378419480599	0.905767824295288	0.911438683276845	ARSI
ARSJ	147.714388497716	0.779592891357548	0.056336160155073	13.8382326593011	1.49845607274249e-43	3.27549578208106e-43	ARSJ
ARSK	285.427295583052	-0.257932096670829	0.027540882134617	-9.36542611126556	7.57440366643336e-21	1.25943876223413e-20	ARSK
ART1	424.754946620929	-5.71287422377778	0.204474643375928	-27.9392795578795	8.898324354403e-172	5.54443533068911e-171	ART1
ART3	4419.76635635986	-0.196201518167772	0.135176930095477	-1.4514423284298	0.146656730311075	0.159264466839386	ART3
ART4	89.3925258416952	2.6153167999367	0.0614942840473678	42.5294292055206	0	0	ART4
ARV1	728.158787907625	0.420381442498287	0.023060847307705	18.2292279589324	3.02562089918062e-74	8.95498221081066e-74	ARV1
ARVCF	1537.20280521718	0.568175638717444	0.035044846043123	16.2128159449837	4.09373523107242e-59	1.04928560294083e-58	ARVCF
ARX	303.985376625569	-7.95412577035981	0.183700686677347	-43.2993796279623	0	0	ARX
AS3MT	788.900945685227	2.21092464196134	0.0426533594899229	51.8347128667248	0	0	AS3MT
ASAH1	11276.948289523	2.09530119087467	0.0320566521465029	65.3624458754731	0	0	ASAH1
ASAH2B	189.07023084778	0.21877551536373	0.0331076531807275	6.60800432363727	3.89535315049943e-11	5.53347948722698e-11	ASAH2B
ASAP1	3377.93059515546	0.471155318889376	0.0271894802455581	17.328588653928	2.86267615034486e-67	7.94864004046859e-67	ASAP1
ASAP2	742.311007192354	-0.133937996394513	0.0482554267678917	-2.7756048462436	0.0055099130556551	0.00640516273263464	ASAP2
ASAP3	4743.60840808621	-0.582274392610457	0.032776137697623	-17.7651924086432	1.31488552303752e-70	3.77319532922022e-70	ASAP3
ASB1	2914.66917409059	0.490733997910362	0.043240149039149	11.3490357645636	7.49850408213277e-30	1.40502312878601e-29	ASB1
ASB11	1581.92446769082	0.604865742635086	0.14910689804593	4.05659128157012	4.97941069629872e-05	6.18979158511658e-05	ASB11
ASB13	1517.3289585341	-0.534363822050349	0.0276635729280477	-19.3165150228503	3.90115357405371e-83	1.25088467200821e-82	ASB13
ASB14	333.712208568028	-0.111533570971064	0.0850217189748806	-1.31182446457024	0.189579368374567	0.204336160116794	ASB14
ASB15	1857.29279352799	0.931587824065221	0.17893711289529	5.20623032858682	1.9271541859265e-07	2.53549937880887e-07	ASB15
ASB16	735.887013672286	-1.63603286282648	0.102263555533719	-15.9982004760927	1.31521978069152e-57	3.32331152052613e-57	ASB16
ASB16-AS1	1193.39032380209	-0.767916016265509	0.062571327004907	-12.2726503180169	1.27026189796232e-34	2.51606342707083e-34	ASB16-AS1
ASB17	0.472304220514523	-0.216019994876796	0.320533389953742	-0.673939132855928	0.500350011555374	0.52107610980667	ASB17
ASB18	169.0485613631	2.02278676107708	0.200680736590487	10.0796259543576	6.79844288460154e-24	1.18114825176829e-23	ASB18
ASB2	15988.8286909991	-0.98019085593326	0.136824514592658	-7.16385407140963	7.84399026368576e-13	1.14974080886416e-12	ASB2
ASB5	6094.98017104204	-5.58094192727987	0.177544439315099	-31.4340564469892	6.93319031305429e-217	5.74870376901383e-216	ASB5
ASB6	1438.44719578915	-0.296008274982598	0.0307834601506391	-9.6158220529492	6.85594965123376e-22	1.15675273851213e-21	ASB6
ASB7	557.718662737405	-0.345450086902631	0.0162842131387563	-21.2138028383123	7.12165813680069e-100	2.63184085650892e-99	ASB7
ASB8	6423.92217241274	-1.09648941372937	0.0776324837673633	-14.1241057933321	2.69802811706117e-45	6.01302514983509e-45	ASB8
ASB9	56.7631201971579	0.642455845196534	0.0640755256372355	10.0265403803912	1.16528193080023e-23	2.01733410620648e-23	ASB9
ASB9P1	3.82406121005826	-1.02956316481546	0.0921705243667888	-11.1701997128535	5.70524587249823e-29	1.05854597970357e-28	ASB9P1
ASCC1	1379.97534575005	0.287043267486956	0.0281935612406159	10.1811638848036	2.40665432965623e-24	4.20808009598268e-24	ASCC1
ASCC2	3700.39184410536	-0.35556634597812	0.0206000639719141	-17.2604486307855	9.33825937067776e-67	2.57898138894707e-66	ASCC2
ASCC3	1683.08202201218	-0.340674854031708	0.0199675809791069	-17.061398393134	2.87587589605414e-65	7.8247645110143e-65	ASCC3
ASCL3	0.682484563222895	-0.38770932102111	0.150587694053289	-2.57464146362391	0.0100344043182005	0.0115477120657158	ASCL3
ASF1A	668.568542103761	0.371911588041624	0.0289848624214692	12.8312352369887	1.09602667452692e-37	2.2430168449476e-37	ASF1A
ASF1B	78.7850310715458	-0.814453041528866	0.0702870288761105	-11.5875297981999	4.76682187844706e-31	9.06290247506607e-31	ASF1B
ASGR1	80.6865025575383	-1.1581139995224	0.0790987034959313	-14.6413777765899	1.52937362300761e-48	3.53450437639749e-48	ASGR1
ASGR2	89.7078073437861	-2.02713822767687	0.102926663792788	-19.6949765296767	2.38107284065622e-86	7.84150973374546e-86	ASGR2
ASH1L	6264.01967487466	-0.686631545747233	0.0259562869566104	-26.4533809051747	3.3361731629283e-154	1.82536331628791e-153	ASH1L
ASH1L-AS1	119.04384856161	-0.528505383757025	0.0387914517382717	-13.6242744232127	2.8725095711001e-42	6.19406382239732e-42	ASH1L-AS1
ASH2L	2303.13595716308	-0.331506746604606	0.0228247571720631	-14.5239988362444	8.53806168482913e-48	1.9596283104502e-47	ASH2L
ASIC1	128.444830185267	0.376119552859915	0.0652048897099597	5.76827220370967	8.00883737168961e-09	1.08428912099718e-08	ASIC1
ASIC2	7.06882199566273	-2.29915171821992	0.133506065806557	-17.2213277676182	1.83724518225215e-66	5.05923979282867e-66	ASIC2
ASIC3	452.009077164222	1.30212005557632	0.0420011072040825	31.002041190232	5.05963065897828e-211	4.05694483261773e-210	ASIC3
ASIC4	16.3128098474861	-0.726202188572065	0.067816388183811	-10.7083583779742	9.2996210683284e-27	1.67603603174789e-26	ASIC4
ASIP	138.633169219406	3.16295653649146	0.0822522278709098	38.4543570230771	0	0	ASIP
ASL	993.724576087273	0.27399735092524	0.0340939433791102	8.03654032854182	9.24105436851199e-16	1.42250914731986e-15	ASL
ASLP1	24.9183608018359	0.139151176912791	0.0424479093593375	3.27816325969847	0.00104484945939072	0.0012485618108399	ASLP1
ASMT	10.459465675185	0.0498964354524107	0.070394655266531	0.708809997910934	0.478442392612205	0.499069450623648	ASMT
ASMTL	1608.09167032672	0.334358988966625	0.0189802739215297	17.6161308497954	1.85249829430041e-69	5.26224109132108e-69	ASMTL
ASMTL-AS1	169.515385891857	0.174049810293303	0.0423668589011555	4.10815941534329	3.98824793016275e-05	4.97074368142765e-05	ASMTL-AS1
ASNS	1077.14108721601	0.229884732197371	0.047968188690386	4.79244137570375	1.64763925561477e-06	2.1245812493067e-06	ASNS
ASNSD1	1880.50359137488	-0.519149737937092	0.0422385850856524	-12.290888458606	1.01385566322643e-34	2.00973634993271e-34	ASNSD1
ASPA	598.001319323962	-1.41694938375934	0.0582906234983258	-24.3083586813931	1.59937724528497e-130	7.4221164713521e-130	ASPA
ASPDH	6.99340150278764	-0.766755289168308	0.0723187674957568	-10.6024385608244	2.90309996285949e-26	5.2019413131031e-26	ASPDH
ASPG	541.443276558878	1.16026952626841	0.114839241555041	10.1034237997149	5.33464871774739e-24	9.28175251963761e-24	ASPG
ASPH	8009.27999273025	-0.703212973737671	0.0383064088813564	-18.3575802136838	2.87119045386009e-75	8.57830694770714e-75	ASPH
ASPHD1	26.4330617559683	0.0872614923886322	0.0670558584340886	1.3013254087919	0.193147093560316	0.207969902570836	ASPHD1
ASPHD2	332.188031782848	-3.40357700197441	0.0973218983690456	-34.9723655108742	5.92075936205482e-268	6.48688918297923e-267	ASPHD2
ASPM	138.798975952741	-1.71783922480851	0.0963333126492125	-17.8322449168113	3.97149309350308e-71	1.14660540779709e-70	ASPM
ASPN	1008.98266126812	2.36914729905647	0.0688837577104568	34.3934096774286	3.16364407092949e-259	3.31482869154841e-258	ASPN
ASPRV1	0.000264757727813164	0.58686801373951	3.77224799904793	0.155575140841119	0.876367921053772	0.883880487835553	ASPRV1
ASPSCR1	1699.76975070524	-0.143530684815255	0.0314366448374553	-4.5657125802511	4.97800441671565e-06	6.34625053153672e-06	ASPSCR1
ASRGL1	317.948551877311	-0.052452702732573	0.059607475325247	-0.879968534925625	0.378876355299449	0.399306397643172	ASRGL1
ASS1	5058.76468699731	-0.415561357707823	0.0456887245487476	-9.09549044785525	9.41605223708958e-20	1.54047401908434e-19	ASS1
ASS1P1	1.23467948183217	-0.426654621624861	0.123300903836692	-3.46027164723748	0.000539630708014956	0.000650585518383044	ASS1P1
ASS1P2	6.56265906938818	-0.156127717933273	0.060485963522758	-2.58122230084885	0.00984511631262263	0.011337125047564	ASS1P2
ASTE1	237.076472484775	0.0652438041599955	0.0271761474065711	2.40077459044911	0.0163604109017311	0.0186595550048826	ASTE1
ASTL	35.926313164424	-2.17599099360564	0.107140520860054	-20.3096921327077	1.05563957134792e-91	3.63755128710448e-91	ASTL
ASTN1	84.3278840533971	1.03269177205702	0.0949625061793876	10.8747316557361	1.52102693986906e-27	2.76845358388099e-27	ASTN1
ASTN2	291.829951861081	0.311349454700475	0.047895768431923	6.50056288674049	8.00200292058979e-11	1.12931442237191e-10	ASTN2
ASXL1	6280.9322424969	-0.530934976661271	0.0207565021277008	-25.5792124026863	2.5989457906672e-144	1.32832547353209e-143	ASXL1
ASXL2	2027.06069136734	-0.341916808538799	0.0255807977282757	-13.3661511329986	9.53484291056753e-41	2.01711960551329e-40	ASXL2
ASXL3	85.6137485222042	1.84723519070313	0.0763642804697861	24.1897806060518	2.84997655561807e-129	1.31208255697393e-128	ASXL3
ATAD1	3225.00401333917	0.445132644150824	0.033073476050141	13.4589011289887	2.72945141579669e-41	5.81591559372115e-41	ATAD1
ATAD2	1184.64340240926	-0.138884348790324	0.0626672556811054	-2.21621877774677	0.0266765224636093	0.0301427456448076	ATAD2
ATAD2B	1307.23634050078	-0.857856900500273	0.0274347789728293	-31.2689561432177	1.23363298114035e-214	1.01077047307726e-213	ATAD2B
ATAD3A	1490.74606109857	-0.0504003914054181	0.0308908513799592	-1.63156368808003	0.102771432982214	0.112605062092204	ATAD3A
ATAD3B	1237.27714080664	-0.151611163393536	0.033433231572347	-4.5347445120721	5.76732545127518e-06	7.33900929226668e-06	ATAD3B
ATAD3C	100.810975684278	-0.198686577218522	0.0761207745352684	-2.61014917979409	0.00905027463269065	0.0104371832701047	ATAD3C
ATAD5	184.982440415302	-0.910869805845115	0.0476947798263438	-19.0978930851884	2.62883241754756e-81	8.29621534857532e-81	ATAD5
ATAT1	600.985563686985	-0.214101572693323	0.0307797758016813	-6.95591722541486	3.50275491639803e-12	5.07510393191251e-12	ATAT1
ATE1	2021.03352098156	-0.203830563079095	0.0361963892682065	-5.63124022036452	1.78918315844711e-08	2.40441105152717e-08	ATE1
ATF1	1125.63560665752	-0.829482119813185	0.0376982749569092	-22.0031850465656	2.68450223785187e-107	1.05074417881217e-106	ATF1
ATF2	1632.50951585282	-0.142692104391297	0.0218850603818812	-6.52006902889025	7.02750427551202e-11	9.92718390202401e-11	ATF2
ATF3	4244.4856045254	0.507424665924909	0.0801697336878077	6.32937946258986	2.46149092615131e-10	3.44310343940086e-10	ATF3
ATF4	24829.3245924803	-0.504342678523176	0.0295174338842782	-17.086264358224	1.87827431552169e-65	5.1220748301327e-65	ATF4
ATF4P3	14.775815946777	-0.522118805318188	0.0580247958934869	-8.99820149779785	2.29445406329586e-19	3.73676536627058e-19	ATF4P3
ATF4P4	14.2738404566025	0.262959618995663	0.054317594976159	4.84114989095302	1.29089951894808e-06	1.66875994546387e-06	ATF4P4
ATF5	1252.49584824893	-0.658133469030307	0.0379202222943773	-17.355738685316	1.78489806568718e-67	4.97136779830342e-67	ATF5
ATF6	2749.21990867229	-0.395459969723936	0.0183001221328379	-21.6096901896802	1.45622324334267e-103	5.53844804635777e-103	ATF6
ATF6B	3575.02798453737	-0.291998378822346	0.032117548396501	-9.0915525437227	9.76347602611862e-20	1.59687744817519e-19	ATF6B
ATF7	3183.06764419186	-0.476567168241869	0.0165111161254558	-28.8634132678123	3.43905372893167e-183	2.30649799457895e-182	ATF7
ATF7IP	3874.07137280874	-0.281062009985645	0.021044806982036	-13.3554092572843	1.10151084353622e-40	2.32753805546373e-40	ATF7IP
ATF7IP2	327.727837843314	2.46855499129914	0.0386349413839047	63.8943635702665	0	0	ATF7IP2
ATG10	358.849360025648	-0.357720033393911	0.0208884678288249	-17.1252404113756	9.62111916753884e-66	2.63206331511956e-65	ATG10
ATG12	1855.33974045713	-0.204805457502705	0.0150800979341247	-13.5811755598252	5.17885036350002e-42	1.11326111050112e-41	ATG12
ATG13	3999.03814408457	0.046309271575004	0.0185502594273857	2.49642177546249	0.0125453335160413	0.0143714467099184	ATG13
ATG14	1590.67873415098	-0.254940097793398	0.0211366326654887	-12.061528523872	1.68623991940512e-33	3.30042457205736e-33	ATG14
ATG16L1	2325.04262671113	-0.627002387546073	0.0203815896535204	-30.7631739331861	8.15067345408705e-208	6.41820966084956e-207	ATG16L1
ATG16L2	2901.28882630507	0.0027069815866179	0.0607052635555128	0.0445922054871314	0.964432355601542	0.967010908103568	ATG16L2
ATG2A	3749.13998154297	-0.825070239041845	0.0323434625855783	-25.5096447035864	1.54080197148437e-143	7.83723545879916e-143	ATG2A
ATG2B	4425.32482049657	-0.973585250782999	0.0236784094466306	-41.1170037825973	0	0	ATG2B
ATG3	1643.51272905642	0.0483674418429541	0.0161190193690719	3.00064419152931	0.00269409165911125	0.00316928139822648	ATG3
ATG4A	1040.9863792017	0.264615489646125	0.0418410789571097	6.32429890054642	2.54384899480839e-10	3.55581812048034e-10	ATG4A
ATG4B	3267.23369283447	0.135464343440177	0.0145716964150188	9.29640170794094	1.45279138494837e-20	2.40541737678952e-20	ATG4B
ATG4C	338.576871178361	0.25671569838059	0.0277879537205586	9.23838080925914	2.50255441970336e-20	4.12985717905026e-20	ATG4C
ATG4D	2054.69040907279	0.116501220850561	0.0451835401313586	2.57839957895876	0.00992591455315839	0.011426513261585	ATG4D
ATG5	1294.99305950513	-0.277674283913354	0.0243396828331886	-11.4082950799477	3.80106460091783e-30	7.15048216962293e-30	ATG5
ATG7	1050.86361055043	-0.730713349283263	0.0210312214496411	-34.7442183057671	1.69465723372341e-264	1.83106391742227e-263	ATG7
ATG9A	9558.96655593887	-0.377735214935995	0.0510920379281019	-7.39323053559841	1.43303699347158e-13	2.12733786240161e-13	ATG9A
ATG9B	1216.82851123363	-3.5145240497032	0.119617859589121	-29.3812651536764	9.53046017825491e-190	6.67021048478875e-189	ATG9B
ATIC	2496.62556808935	-0.452508354478941	0.0321928504819611	-14.056175445927	7.05998603508502e-45	1.56549407018435e-44	ATIC
ATL1	317.456201511035	-1.96225471785282	0.060791653625789	-32.2783573207556	1.40787254732547e-228	1.24048525327488e-227	ATL1
ATL2	4537.92645481561	-1.46741721883465	0.0295111230569688	-49.724207919906	0	0	ATL2
ATL3	3917.01045401384	-0.848193507834991	0.0455985670273996	-18.6013193643853	3.13496415615811e-77	9.52607862508478e-77	ATL3
ATM	2204.57551404002	0.205344712327718	0.0219382341681695	9.36012947777062	7.96390384110254e-21	1.32383630107754e-20	ATM
ATMIN	3159.80160030957	-0.333177017620945	0.0203537539375869	-16.3693153922664	3.16756979966853e-60	8.22079353573144e-60	ATMIN
ATN1	14743.2692852302	0.0578998125717797	0.0221359945489669	2.61564089400635	0.00890601690702148	0.010273451479865	ATN1
ATOH8	4856.70958461549	-0.662575585882086	0.0613941374505403	-10.7921637699669	3.74858161659914e-27	6.79060256419454e-27	ATOH8
ATOX1	1201.32286623582	0.268682802779614	0.030711993776789	8.74846500466129	2.16274417302477e-18	3.46736354280539e-18	ATOX1
ATP10A	597.274475933821	-0.665380721310911	0.0695102078379939	-9.57241737590112	1.04434736716586e-21	1.75677945578475e-21	ATP10A
ATP10B	666.40228437956	-6.3647979108969	0.155254224375501	-40.9959724864095	0	0	ATP10B
ATP10D	1536.47208714422	-0.265339380362881	0.0593426497783731	-4.47130994914861	7.77419291611444e-06	9.86279841306477e-06	ATP10D
ATP11A	3411.73753445461	1.07798813126991	0.026187310171848	41.1645229768111	0	0	ATP11A
ATP11B	2732.58120483712	-0.603263401456534	0.0304044601930239	-19.8412797868041	1.31079145453834e-87	4.36792983582832e-87	ATP11B
ATP11C	911.890705212065	-0.690720344100263	0.037443149410321	-18.4471753839667	5.49427868555744e-76	1.65195441153699e-75	ATP11C
ATP12A	122.189644427209	-6.96371987177117	0.237085780946454	-29.3721531673969	1.24594906929403e-189	8.71003075586867e-189	ATP12A
ATP13A1	3335.73026564693	-0.397791217855727	0.0217294453743404	-18.3065518241651	7.33714482091891e-75	2.18560224923649e-74	ATP13A1
ATP13A2	1768.53388025715	-0.445615473612399	0.025700447975571	-17.3388212546322	2.3960021047706e-67	6.66004229276955e-67	ATP13A2
ATP13A3	3763.81218355727	1.05460419605479	0.0396823638567943	26.5761434943907	1.28116743730358e-155	7.10046029522839e-155	ATP13A3
ATP13A4	1084.77051736851	-5.63955663189278	0.11450771528045	-49.2504510991289	0	0	ATP13A4
ATP13A5	129.772238559916	-5.07790051764968	0.112594022585568	-45.0992015476723	0	0	ATP13A5
ATP1A1	9814.25127415617	-0.13821217861489	0.0543749652751931	-2.54183479318827	0.0110272281581789	0.0126659733330385	ATP1A1
ATP1A2	54140.0071041737	-1.19715348610067	0.12179278819275	-9.82942835831992	8.40947517944033e-23	1.43718753161592e-22	ATP1A2
ATP1A3	3661.68219512003	9.45661129751684	0.0693407816442339	136.378781335864	0	0	ATP1A3
ATP1A4	88.407415455926	-2.01668431177156	0.10558591475935	-19.0999369221545	2.52792370799774e-81	7.98196012413039e-81	ATP1A4
ATP1B1	12786.9537483511	-0.0311345565817202	0.076517156135642	-0.406896415838141	0.684084068517722	0.69978958443982	ATP1B1
ATP1B1P1	7.19397863232732	1.06536894645336	0.0740612936705878	14.3849626930896	6.43127748843584e-47	1.46155063842108e-46	ATP1B1P1
ATP1B2	505.559811064535	1.43973403218492	0.0518332879573007	27.7762435863793	8.40097267242814e-170	5.15953289240461e-169	ATP1B2
ATP1B3	5695.09813152198	-0.506493429418104	0.0587417258239857	-8.62237910639136	6.55771808094853e-18	1.04326542797308e-17	ATP1B3
ATP1B4	1258.56382121639	-5.76510320549461	0.197578327399368	-29.1788238182699	3.60069539492092e-187	2.4843280108843e-186	ATP1B4
ATP2A1	97282.0396115283	-10.2275840927046	0.161705102972208	-63.2483694374345	0	0	ATP2A1
ATP2A2	135759.215620158	0.0629046576206344	0.101173769190589	0.621748681737218	0.534107135434707	0.55449925283812	ATP2A2
ATP2A3	2165.28428447118	-0.615118746449328	0.0846154035533573	-7.26958355828727	3.60597416169869e-13	5.31579239085563e-13	ATP2A3
ATP2B1	2224.88141053846	-1.19252002768112	0.0284043185766544	-41.9837576621625	0	0	ATP2B1
ATP2B2	714.089478045145	-5.00410519593393	0.116420094888675	-42.98317400204	0	0	ATP2B2
ATP2B3	10.0251000327723	-0.0135335781054936	0.0689206910183277	-0.196364515583495	0.844324868008591	0.853763169813653	ATP2B3
ATP2B4	9849.66272170625	0.666401221884059	0.0527631495451293	12.6300500942248	1.44186420081054e-36	2.91367281980136e-36	ATP2B4
ATP2C1	3891.991770176	0.0459515019058545	0.0209871139634949	2.18951028644447	0.0285597717291236	0.0322282128194555	ATP2C1
ATP2C2	747.85518744008	-5.87936633128201	0.131755664748123	-44.6232527650448	0	0	ATP2C2
ATP4A	8.61655113233058	-0.152912836938196	0.100142500582551	-1.52695245324081	0.126772834930593	0.138229923168309	ATP4A
ATP6AP1	5667.82256832615	0.467295376004498	0.0222220991957245	21.0284083375168	3.60544804927429e-98	1.3148636615678e-97	ATP6AP1
ATP6AP1L	296.75862509145	-0.165777250422309	0.0348688221602195	-4.75431173615718	1.99123592754897e-06	2.56341542814911e-06	ATP6AP1L
ATP6AP2	3594.68786200739	-0.341604323931442	0.0378382612274411	-9.028013255633	1.74816660770136e-19	2.85120477532229e-19	ATP6AP2
ATP6V0A1	6335.86560694026	-1.04370063195054	0.0382763770290035	-27.26748749391	1.0310793470495e-163	6.06550958373792e-163	ATP6V0A1
ATP6V0A2	1476.68801037426	-0.594751262460935	0.0231759851580184	-25.6623939999014	3.07490753285474e-145	1.58282557903683e-144	ATP6V0A2
ATP6V0A4	374.01924936388	-8.83020858369854	0.201269983296166	-43.8724564840104	0	0	ATP6V0A4
ATP6V0B	3797.38040018853	-0.0447625993126389	0.0245378303163039	-1.82422808926578	0.0681175967124678	0.0753647731051711	ATP6V0B
ATP6V0C	8761.7327295641	-0.33730757311972	0.0255979845258611	-13.1771145020791	1.18850223928766e-39	2.48279317737232e-39	ATP6V0C
ATP6V0D1	5297.34315743247	-0.375885666872023	0.0282231803922549	-13.3183313024203	1.8111034510338e-40	3.81797320787673e-40	ATP6V0D1
ATP6V0D2	1.58975524090733	-1.30641063175131	0.196319078085325	-6.65452713252616	2.84212323141168e-11	4.04755223802545e-11	ATP6V0D2
ATP6V0E1	5719.95116066936	0.281887289666163	0.020341372846013	13.8578301376258	1.14070672541935e-43	2.49651814763206e-43	ATP6V0E1
ATP6V0E2	1423.30076659317	2.67491434280827	0.0364742562513445	73.3370496817098	0	0	ATP6V0E2
ATP6V1A	2060.70630614096	-0.940490330419091	0.0366380510222719	-25.6697696568897	2.54386381067881e-145	1.31059222827788e-144	ATP6V1A
ATP6V1B1	27.0428385148731	-6.82033706320525	0.206952025168442	-32.956126221302	3.45643338497391e-238	3.22212622283353e-237	ATP6V1B1
ATP6V1B2	5697.60264771747	-0.632511882584396	0.0241891556557286	-26.1485721778222	1.02306939663394e-150	5.47126328247401e-150	ATP6V1B2
ATP6V1C1	2095.0314804017	0.0839393402044284	0.0166649671659152	5.03687402253689	4.7319598679172e-07	6.1769405063363e-07	ATP6V1C1
ATP6V1C2	1572.38584310197	-3.64351912465996	0.1142911723152	-31.8792698583196	5.17491813675578e-223	4.44647739282772e-222	ATP6V1C2
ATP6V1D	2877.11593493556	1.25689519023116	0.0331823617056858	37.8784126753638	0	0	ATP6V1D
ATP6V1E1	7802.33515179093	0.421888512000575	0.029629110904988	14.2389865613399	5.24826327365217e-46	1.18048215905301e-45	ATP6V1E1
ATP6V1E2	264.659437228315	-0.471119123141761	0.0295918759203312	-15.9205561827217	4.56302642959417e-57	1.14607281650795e-56	ATP6V1E2
ATP6V1F	2446.64638582946	0.385651567672196	0.0252681820228502	15.2623393057501	1.36273919495198e-52	3.27818632210753e-52	ATP6V1F
ATP6V1G1	3501.7585640321	-0.290934740922336	0.0196542867261416	-14.8026099840791	1.40907109034021e-49	3.29155057062212e-49	ATP6V1G1
ATP6V1G2	73.0161555781363	1.02746540989918	0.0424417228046293	24.2088525630517	1.79498558643013e-129	8.27652037431576e-129	ATP6V1G2
ATP6V1H	2437.81668936893	-0.150780445570006	0.0202135691998015	-7.4593677187642	8.69386623863977e-14	1.29530116008736e-13	ATP6V1H
ATP7A	1158.45974145429	-1.40942823618502	0.0458719649012053	-30.7252640958483	2.61759061471135e-207	2.05671098452288e-206	ATP7A
ATP7B	433.593561568278	0.889961042496816	0.0278923614151455	31.9069808845073	2.13649175340346e-223	1.83926293892949e-222	ATP7B
ATP8A1	2620.43049641144	-0.450317086051977	0.0645901987377767	-6.97191051973961	3.12665410483367e-12	4.53309443791164e-12	ATP8A1
ATP8A2	34.6516502577292	-0.612471566303975	0.0731322248588815	-8.37485209134307	5.5293271814703e-17	8.67771740136415e-17	ATP8A2
ATP8B1	1108.61966936676	-0.306862810138185	0.05677265797372	-5.40511614376469	6.47664117526651e-08	8.60096036857045e-08	ATP8B1
ATP8B2	1857.73184636194	0.235842875943272	0.0486158122958111	4.85115572086396	1.227441256483e-06	1.58798117420946e-06	ATP8B2
ATP8B3	80.1136655922477	0.174024601199221	0.0549886825650878	3.16473487054787	0.00155224324449797	0.00184313526676834	ATP8B3
ATP8B4	235.731672471783	-0.151235841510213	0.05857181451463	-2.58205832896704	0.00982129840541927	0.0113111447598178	ATP8B4
ATP8B5P	38.1583791700134	-0.347947671820954	0.0711107355823295	-4.89303997450726	9.92902292978301e-07	1.28759971275501e-06	ATP8B5P
ATP9A	3402.42780972844	-0.531482626247191	0.0389734551188914	-13.637041535729	2.41146655933484e-42	5.20614170479568e-42	ATP9A
ATP9B	1358.40201549284	-0.946792959352938	0.0188682199414584	-50.1792411944799	0	0	ATP9B
ATPAF1	6158.60387959248	0.91581980325896	0.0647275133913542	14.1488488476569	1.89839415689309e-45	4.23929949364006e-45	ATPAF1
ATPAF2	802.808545536336	0.640633494011781	0.0275874183868535	23.2219443308646	2.73338802524259e-119	1.17431307499742e-118	ATPAF2
ATR	1140.69608808566	-0.2824868280648	0.0183531476492421	-15.3917373446547	1.85971091886211e-53	4.50500016827303e-53	ATR
ATRAID	3901.37558231179	0.350120039436825	0.0202512859235917	17.2887806116526	5.71484136790555e-67	1.5821725540398e-66	ATRAID
ATRIP	613.108103070554	-0.562955398520772	0.0195402046205869	-28.8101076448125	1.60258324346071e-182	1.07281892768822e-181	ATRIP
ATRN	3136.42032091042	0.153121967360597	0.0178674956865662	8.56986172246412	1.03609375078268e-17	1.64323556016203e-17	ATRN
ATRNL1	167.651498789964	-1.05864928575342	0.10676640127684	-9.91556588114638	3.56232015639614e-23	6.127599152918e-23	ATRNL1
ATRX	4085.95841673364	-0.226266077618897	0.0213618551216916	-10.5920612385924	3.24369376779851e-26	5.80818974576156e-26	ATRX
ATXN1	3091.77867772251	-0.409752413132935	0.039395970424197	-10.4008711733946	2.45676707459429e-25	4.35321036615531e-25	ATXN1
ATXN10	3951.1198567941	0.304403367465188	0.0282802649368711	10.7638089015324	5.10169721790049e-27	9.22415142822686e-27	ATXN10
ATXN1L	2950.0661261354	-0.55784563500252	0.0224227514570676	-24.8785540913931	1.26990122245265e-136	6.14172270429076e-136	ATXN1L
ATXN2	2720.71664754472	0.200607999085036	0.0178377727093832	11.2462470709424	2.41657022804196e-29	4.50224391171427e-29	ATXN2
ATXN2L	6793.60767413686	-0.162981706903511	0.017579691090293	-9.27102223050468	1.84370342584357e-20	3.04817279285545e-20	ATXN2L
ATXN3	1235.60237536028	-0.388003585117007	0.0387262243489909	-10.0191431423941	1.25586983844418e-23	2.17269706504889e-23	ATXN3
ATXN7	2272.06458150174	-0.615731039571117	0.0206041667821344	-29.8838116620668	3.1942540265934e-196	2.34024284626405e-195	ATXN7
ATXN7L1	577.981503932132	-0.891957377307836	0.0404439253118056	-22.0541742778729	8.7106789806726e-108	3.42136007704751e-107	ATXN7L1
ATXN7L2	1232.16992545509	-1.44855468077113	0.0688155842455682	-21.0498057475174	2.29618985125792e-98	8.38242009987707e-98	ATXN7L2
ATXN7L3	3050.5706775436	-0.113325865238286	0.0214951297070327	-5.27216475466108	1.34823961809088e-07	1.77812743536185e-07	ATXN7L3
ATXN7L3B	3958.23873431978	-0.119076053893068	0.0165961584533708	-7.17491666686774	7.23512427277514e-13	1.06144638984699e-12	ATXN7L3B
AUH	986.814093161273	1.06511884378215	0.0303101521034297	35.1406631067888	1.61432165236421e-270	1.79711837131776e-269	AUH
AUNIP	29.2669383990589	0.872001773416174	0.0477918549614925	18.2458239823245	2.233436245923e-74	6.61904607554493e-74	AUNIP
AUP1	6006.80438666223	-0.137460622056015	0.0222554950432764	-6.17648009126372	6.55464705574442e-10	9.08805373568939e-10	AUP1
AURKA	304.431294535659	0.0593385234505002	0.0672802602397429	0.881960373504152	0.377798236633077	0.398193457323732	AURKA
AURKAIP1	5104.59565556992	0.641287654633424	0.0413407086849143	15.5122559586754	2.86628666312476e-54	7.0046193623281e-54	AURKAIP1
AURKB	87.2876806623691	-1.69601780576987	0.105945087591684	-16.0084610275314	1.11534586291183e-57	2.82024734910462e-57	AURKB
AURKC	102.792181678018	0.129692132574781	0.034637373437104	3.74428311691364	0.000180909569386851	0.000221068030583986	AURKC
AUTS2	3267.23742826621	-2.00918880542402	0.0333524999564433	-60.2410256516879	0	0	AUTS2
AVEN	1113.03339163328	0.578716818899713	0.0408477286995954	14.1676621276973	1.45256255518637e-45	3.24935734508634e-45	AVEN
AVIL	500.05584267869	-0.625154728681298	0.0621836860310092	-10.0533559295528	8.87910783424697e-24	1.54011196882135e-23	AVIL
AVL9	1811.6220394551	-0.535031025903769	0.0174432128244954	-30.6727339330761	1.31521497104855e-206	1.02890850473033e-205	AVL9
AVPI1	2174.51782705455	-1.98349801311768	0.0734164014031101	-27.0170966597343	9.30747124932458e-161	5.34089225244156e-160	AVPI1
AVPR1A	763.686073364328	-0.845887188791268	0.0721577402270347	-11.7227505480326	9.74555246440533e-32	1.86865881883e-31	AVPR1A
AVPR2	293.042095405392	1.20647989374283	0.0580364488728851	20.7883135025256	5.52176029332026e-96	1.9682615255457e-95	AVPR2
AWAT1	6.38564899168923	-3.72009244620459	0.196648165508501	-18.9175039420532	8.18395656207745e-80	2.54437654704588e-79	AWAT1
AWAT2	69.4634420865005	-6.72407122727398	0.247644907531843	-27.1520674270654	2.39361766246242e-162	1.39081702846953e-161	AWAT2
AXDND1	5.89837930269091	-1.38105425708249	0.108487751036837	-12.7300478061671	4.02592616611098e-37	8.18323135909709e-37	AXDND1
AXIN1	2210.33673792142	-0.603846435541676	0.0250690539808667	-24.0873243961477	3.3943094649195e-128	1.5507859055334e-127	AXIN1
AXIN2	1494.0438063681	-0.641134369277105	0.0427095120576765	-15.011512386545	6.17241074205691e-51	1.46100678195617e-50	AXIN2
AXL	2997.01277964557	-0.11050142985677	0.0436454570839973	-2.53179682925776	0.0113479723239298	0.0130285636713477	AXL
AZGP1	10928.0076130265	-1.20533867842988	0.128424627458848	-9.38557270735411	6.25754347399581e-21	1.04201702197409e-20	AZGP1
AZGP1P1	97.7422258937229	-4.28831062879484	0.148443306463649	-28.8885415648227	1.66316776821924e-183	1.11753202671574e-182	AZGP1P1
AZI2	697.937167618813	-0.34128385847622	0.0303378164368716	-11.249453604757	2.33031143068513e-29	4.3437854472158e-29	AZI2
AZIN1	4018.69398388702	-0.260850958615917	0.0241243254848057	-10.8127772849115	2.99463935379227e-27	5.43138569346243e-27	AZIN1
AZU1	38.1702470194546	1.08328433532942	0.0972277995565191	11.1417139981627	7.85920469901438e-29	1.45593849734443e-28	AZU1
B2M	58635.5441412171	0.10294634307414	0.0395644311736846	2.60199224455457	0.00926839481786122	0.0106846221656305	B2M
B3GALNT1	627.3010427078	3.31116924806561	0.0559548793498194	59.1757016821501	0	0	B3GALNT1
B3GALNT2	1593.36983799028	-0.743539693243074	0.0426505067339456	-17.4333144007241	4.60951561618618e-68	1.29165458603623e-67	B3GALNT2
B3GALT1	238.12218376943	-4.44091229847841	0.102367681066988	-43.3819761490187	0	0	B3GALT1
B3GALT2	371.792802548061	6.98945099134829	0.0611665627154714	114.269147734541	0	0	B3GALT2
B3GALT4	512.762416121645	-0.0130952989691853	0.0556800841922981	-0.23518820345097	0.81406266152157	0.825062888916715	B3GALT4
B3GALT5	196.34774595651	-3.36651009766026	0.110608958600716	-30.4361431501488	1.82735611794538e-203	1.4021414100228e-202	B3GALT5
B3GALT6	890.224170189493	0.227491953089683	0.0231095858832319	9.84405147886053	7.27219303566508e-23	1.2436514044747e-22	B3GALT6
B3GAT1	47.6457232075091	-0.517562482676625	0.0705412593515029	-7.33701790178769	2.18405406489494e-13	3.23102870004716e-13	B3GAT1
B3GAT3	1420.44749921538	-0.0817832028800023	0.0377860783786032	-2.16437392789385	0.0304356631213474	0.0342934634356143	B3GAT3
B3GNT2	855.095460990239	0.441974639903762	0.0479154986214507	9.22404342268286	2.8610311352654e-20	4.71754341539914e-20	B3GNT2
B3GNT3	107.310329314466	-6.14930019216803	0.15147596566048	-40.5958804444999	0	0	B3GNT3
B3GNT4	70.1503312855738	-3.37544498510685	0.104731488008609	-32.2295142491376	6.81395326617309e-228	5.97457246684763e-227	B3GNT4
B3GNT5	1361.21841249402	-2.28537058381923	0.0709909338681218	-32.1924287975238	2.25262209849804e-227	1.96651068841238e-226	B3GNT5
B3GNT7	172.191629384762	2.71205836142884	0.0722730221649794	37.5251827056292	0	0	B3GNT7
B3GNT8	163.004806761775	1.29125810589852	0.0553673540397914	23.3216509672923	2.67381296730003e-120	1.15755909630514e-119	B3GNT8
B3GNT9	401.868986363373	0.800872826843627	0.0464712241840689	17.2337363799893	1.4825773035002e-66	4.08446189781254e-66	B3GNT9
B3GNTL1	165.112254457493	-0.119412918063461	0.0272396340322877	-4.38379303928673	1.16630581151552e-05	1.47362047540471e-05	B3GNTL1
B4GALNT1	602.230386914248	0.529225824002162	0.067829568708737	7.80228791184976	6.07947486263955e-15	9.22115158429176e-15	B4GALNT1
B4GALNT2	20.266609154906	-4.5470106565847	0.177309838346445	-25.6444351818781	4.87771941998475e-145	2.50653232312719e-144	B4GALNT2
B4GALNT3	2273.53536815487	0.985279800298308	0.0974890046703748	10.1065735939113	5.16594728853874e-24	8.98909783866466e-24	B4GALNT3
B4GALNT4	228.187933878467	-1.30526459434849	0.0990398355852564	-13.1791878150371	1.15628917764348e-39	2.41578011684776e-39	B4GALNT4
B4GALT1	5490.30033285554	0.248726220088619	0.0308567729680379	8.06066857173479	7.58782969311372e-16	1.17012355269203e-15	B4GALT1
B4GALT2	3098.82764283699	-0.0681786475499622	0.0315897502335069	-2.15825218768732	0.030908229866083	0.0348150332156536	B4GALT2
B4GALT3	1956.63662141653	0.0298909789642751	0.0221953502881768	1.34672256018405	0.178069603572899	0.192368177033893	B4GALT3
B4GALT4	1050.00014652187	-0.084512390779938	0.036111633461863	-2.34030927648815	0.0192677767483908	0.0219074816351556	B4GALT4
B4GALT5	5454.13273258252	-0.685988708696924	0.0629106943327282	-10.9041668665871	1.10097172233609e-27	2.00735257508072e-27	B4GALT5
B4GALT6	215.312496268652	0.293547304352859	0.0342266142208659	8.57658027342655	9.77354689631875e-18	1.55075908048157e-17	B4GALT6
B4GALT7	980.557023684368	0.180055858298508	0.0208251018229003	8.646097379486	5.32906421505922e-18	8.48774419883923e-18	B4GALT7
B9D1	348.835718854709	0.175263046286581	0.0310508251140402	5.64439256099939	1.65765457695733e-08	2.22965254724717e-08	B9D1
B9D2	111.394168888444	0.239969249381928	0.0358173256226956	6.69980924622333	2.08691779242943e-11	2.97863996047591e-11	B9D2
BAALC	202.076481004705	0.210141540405549	0.0621538760059653	3.38098850641881	0.000722255639338697	0.000866812705096065	BAALC
BAAT	47.7808109886794	-1.65460733567055	0.11604553743285	-14.2582590616894	3.98266442724374e-46	8.97720289942582e-46	BAAT
BABAM1	3501.92178928706	0.010576774033803	0.0336139725695065	0.314654092488845	0.75302430378406	0.766262888208981	BABAM1
BACE1	1943.29089013122	-0.354901804754086	0.0134692179445451	-26.3491025399748	5.25540004625032e-153	2.84947157326964e-152	BACE1
BACE2	1861.32354096016	-0.457930572300525	0.0447768407309508	-10.2269513620239	1.5017252490021e-24	2.63167408560035e-24	BACE2
BACH1	3229.10974266366	-1.54904336562523	0.040975231002046	-37.80438395937	0	0	BACH1
BACH1-IT1	23.6606929732205	-1.71265550347963	0.0696491765590812	-24.5897451784924	1.62623170224118e-133	7.69755373969062e-133	BACH1-IT1
BACH2	699.265164830814	-1.43718451824535	0.0423029142708481	-33.9736527144123	5.4589036097909e-253	5.50508257029949e-252	BACH2
BAD	845.153582296447	0.557126541829817	0.0263886125429331	21.1123847804956	6.12051607358387e-99	2.24389836742532e-98	BAD
BAG1	6689.59369353203	-0.367188316504559	0.0369289696648088	-9.94309670259954	2.70291366359063e-23	4.65465884036114e-23	BAG1
BAG2	928.377673691064	0.711559961717125	0.068523876642481	10.384117136712	2.92866324121579e-25	5.18121543047915e-25	BAG2
BAG3	19089.9190692465	-0.583125557215275	0.0745408966087758	-7.82289432706693	5.16224377200081e-15	7.8391724430392e-15	BAG3
BAG4	704.375036465016	-0.482494198261929	0.0230498164015194	-20.9326699118577	2.69944837978873e-97	9.74779744926318e-97	BAG4
BAG5	2560.09797358609	-0.718649362023801	0.0234212981280146	-30.683583723492	9.42514115923665e-207	7.37660721771387e-206	BAG5
BAG6	15872.6882288774	-0.121902920947769	0.0319185412361499	-3.81918835343596	0.000133891500168109	0.000164226008076187	BAG6
BAGE2	0.55692663479905	-0.0990051077434533	0.267497136838515	-0.370116513819816	0.711295678214852	0.725728816161965	BAGE2
BAHD1	1697.11415531523	0.369596396892825	0.023565573351428	15.6837430340064	1.95392744521035e-55	4.82544216507498e-55	BAHD1
BAIAP2	2821.94459964732	-1.40416721980836	0.0727513646530644	-19.3009055775727	5.27761710261263e-83	1.69043390505569e-82	BAIAP2
BAIAP2L1	886.504250176974	-0.736604032308579	0.0573669826595922	-12.8402087430585	9.76109245386312e-38	1.9989695706711e-37	BAIAP2L1
BAIAP2L2	380.693903257906	-0.729073327384029	0.038928159949888	-18.7286871078047	2.88954256868242e-78	8.8580817062078e-78	BAIAP2L2
BAIAP3	521.172348082043	0.691730078068131	0.052984890064047	13.0552328641615	5.93283476294561e-39	1.2295298016093e-38	BAIAP3
BAK1	920.626920401556	0.575615047803233	0.0349044077745426	16.4911850537987	4.24540517596953e-61	1.1127189658216e-60	BAK1
BAK1P1	8.97062610445645	0.11594220137882	0.052512410580168	2.20790095327688	0.0272511783848258	0.0307804770098042	BAK1P1
BAMBI	438.931544790086	1.86181382519211	0.0635863689937259	29.2800777062112	1.8601562818768e-188	1.29284452625731e-187	BAMBI
BANF1	5047.17932015196	0.0497480587472725	0.046188861882893	1.07705747055218	0.281454591510932	0.299578057106687	BANF1
BANF1P1	1.40277170659628	1.54705838449723	0.123901109143211	12.4862351531419	8.87551725462036e-36	1.77895764503308e-35	BANF1P1
BANF1P3	3.14998341521817	0.0809625325683738	0.0797234777007546	1.0155419068931	0.309847580813575	0.328846548094167	BANF1P3
BANF1P4	0.23470596153652	0.630974536687585	0.237495598349398	2.65678413020232	0.00788899409133496	0.00912014531103466	BANF1P4
BANK1	84.3815385754282	-2.66613580490706	0.0885671662088853	-30.1029819404968	4.42892357689046e-199	3.31084108420287e-198	BANK1
BANP	697.982203030095	-0.174271157973412	0.021804799771173	-7.99233012007784	1.3241190122013e-15	2.03200906552733e-15	BANP
BAP1	5993.73182523577	-0.323710939585084	0.019991358386598	-16.1925434642848	5.6926060579876e-59	1.45681833451571e-58	BAP1
BARD1	775.415078600658	-1.946052076159	0.0488012429605266	-39.8771006249387	0	0	BARD1
BARHL1	0.947433980414346	-0.0918728610193401	0.119529659644141	-0.76861978267871	0.442119058075784	0.462816071436508	BARHL1
BARX2	681.125944032586	-7.65003603392755	0.135495654771688	-56.4596410624233	0	0	BARX2
BASP1	748.454809540482	-1.33047342392201	0.0738203336152288	-18.0231293840636	1.28277780214347e-72	3.74858493772478e-72	BASP1
BATF	84.2388548011376	-1.1904031730033	0.0862214748547192	-13.8063420396032	2.33385229641856e-43	5.08615922370828e-43	BATF
BATF2	156.564730449441	0.738186391235762	0.0716329781901906	10.3051193721951	6.68086828516607e-25	1.17592950035469e-24	BATF2
BATF3	105.603753344254	0.822244141764687	0.0656485678269396	12.5249364758765	5.45349968322096e-36	1.09599696100994e-35	BATF3
BAX	976.535598720438	0.0441491069032589	0.0266360661395344	1.65749351544562	0.097419738822246	0.106949607766009	BAX
BAZ1A	2187.07231093921	-1.14095772467106	0.0314727660309683	-36.2522227486581	9.16716575385695e-288	1.11725220538374e-286	BAZ1A
BAZ1B	4411.31663365867	-0.191699648421237	0.0233732158604639	-8.20168048614566	2.37049652363365e-16	3.68459614212325e-16	BAZ1B
BAZ2A	7879.91928556765	-0.411643156729229	0.0172936760726399	-23.8031032268775	3.10157629950216e-125	1.3898798846736e-124	BAZ2A
BAZ2B	2070.19014324286	-0.219505809385839	0.0199341095883672	-11.0115683077178	3.36101482685376e-28	6.17237583127877e-28	BAZ2B
BBC3	524.249351488438	-0.906277406879961	0.0523347552022223	-17.3169321873789	3.50555049704597e-67	9.72317634781578e-67	BBC3
BBIP1	664.895814437684	0.288709138154438	0.0212643554992103	13.5771403071756	5.4721547113039e-42	1.17574906849107e-41	BBIP1
BBOX1	668.314595294029	-7.79130583840485	0.140943886461042	-55.2794877027774	0	0	BBOX1
BBS1	1180.20105482312	-0.0301611391431785	0.0221117620398539	-1.36403146383434	0.172557663261594	0.186570394400382	BBS1
BBS10	662.766170773045	0.0115239043086471	0.029560778882449	0.389837641101168	0.696656607887916	0.711639745692337	BBS10
BBS12	192.041766633455	1.47890211253681	0.0479482192170654	30.8437338588468	6.79747953454353e-209	5.38562628086787e-208	BBS12
BBS2	3751.03030756891	-0.518186633038819	0.0291711213770554	-17.7636857473159	1.35066745937416e-70	3.87463983046921e-70	BBS2
BBS4	1134.39251136522	-0.359306942839169	0.0273027865308287	-13.1600832183726	1.489217564005e-39	3.10522476191985e-39	BBS4
BBS5	864.167405716353	-0.0774223043703082	0.0212036737396055	-3.65136274596105	0.000260852495475896	0.000317399335613195	BBS5
BBS7	566.722918854281	-0.479778646672369	0.0237735440055892	-20.181200016269	1.43226638368855e-90	4.89040727859969e-90	BBS7
BBS9	653.795615989669	0.426934005269977	0.0284334078695027	15.0152245988037	5.83638476089917e-51	1.38201476033867e-50	BBS9
BBX	2042.5055541867	0.287788646803697	0.0204540254240643	14.070024889336	5.80489700468346e-45	1.28845808854879e-44	BBX
BCAM	7688.21734331519	0.964655335640141	0.0462630007371842	20.8515513535375	1.47560105336384e-96	5.28708092388586e-96	BCAM
BCAN	259.505227283563	-2.32958519625511	0.10442751956013	-22.3081540772758	3.07944076349825e-110	1.23624025833479e-109	BCAN
BCAP29	30.3003688257842	0.819246466391012	0.0274953415402922	29.7958279656381	4.42437083123279e-195	3.21660336563091e-194	BCAP29
BCAP31	7606.13804272018	-0.338325005892577	0.034977066672223	-9.6727667034828	3.93590950740952e-22	6.66199408019547e-22	BCAP31
BCAR1	5832.89270000464	0.233232619812408	0.0516656535912707	4.51426825367432	6.3535755085295e-06	8.07645736381891e-06	BCAR1
BCAR3	1826.8703864429	-0.655825786314204	0.0287061784402318	-22.8461544499794	1.59586856794377e-115	6.67919788224967e-115	BCAR3
BCAS1	156.565135377113	-2.20015574102223	0.0811214676907824	-27.1217447569952	5.45636992509195e-162	3.16125249506212e-161	BCAS1
BCAS2	1502.03684891714	0.0108771408935791	0.0307294677223266	0.35396450702842	0.723365482714619	0.737333072160014	BCAS2
BCAS2P2	1.30800625654393	-1.06050063727788	0.135834926436814	-7.80727508820191	5.84376305859495e-15	8.86587263529436e-15	BCAS2P2
BCAS3	1579.91691853069	-0.579355817604301	0.0250482258505797	-23.1296148901058	2.33201508152325e-118	9.9616999246559e-118	BCAS3
BCAS4	93.0146547546746	0.173680810065363	0.0587328787139529	2.9571308927533	0.00310516271294811	0.00364404680851287	BCAS4
BCAT1	353.077933037805	0.155673971735084	0.0611582677799877	2.54542807352081	0.0109143846515551	0.0125395607679756	BCAT1
BCAT2	2202.29164336969	0.674281358954317	0.0413956717636245	16.2886922769261	1.18741159070731e-59	3.06533716396419e-59	BCAT2
BCCIP	2031.69687305095	-0.0785586010782069	0.0345908883889694	-2.27107786868111	0.0231422644820639	0.0262233351971316	BCCIP
BCDIN3D	157.821656143588	-0.573473332153211	0.0260410415623539	-22.0219045686041	1.77639153422065e-107	6.97118465391451e-107	BCDIN3D
BCHE	196.246069640119	0.0755608602714986	0.0662726154239988	1.14015207922723	0.2542229480423	0.271443578368197	BCHE
BCKDHA	4311.24082587397	0.295970408176957	0.043347354180042	6.82787712827067	8.61803473976815e-12	1.2397765791622e-11	BCKDHA
BCKDHB	945.423289145507	0.887281592748066	0.0347938185842538	25.5011271786538	1.91530855197021e-143	9.72840554289383e-143	BCKDHB
BCKDK	4518.263380144	0.385206467888329	0.0352551354620653	10.9262512493481	8.63420780516225e-28	1.57679187075911e-27	BCKDK
BCL10	589.711800631789	-0.375575733868544	0.0464010304834929	-8.09412484927797	5.76775092628512e-16	8.91204158146424e-16	BCL10
BCL11A	1195.89281385837	-1.02256773926708	0.127783105252963	-8.00237040133576	1.2204659896786e-15	1.87422012286338e-15	BCL11A
BCL11B	1116.13998261706	-6.01537269192939	0.128942464864002	-46.6516030872677	0	0	BCL11B
BCL2	1869.51732385843	-1.00016129537196	0.0434399973143565	-23.0239723113753	2.6821010805633e-117	1.13654664668597e-116	BCL2
BCL2A1	51.8118505418798	1.11117597890196	0.0810885100691421	13.7032481908286	9.70822004097897e-43	2.10399312494176e-42	BCL2A1
BCL2L1	3889.65879461725	0.44777816642287	0.0275426746926539	16.2576137364865	1.97272787762819e-59	5.0780887351902e-59	BCL2L1
BCL2L10	73.5973769686726	-6.36029987250179	0.174234807515092	-36.5041862944111	9.5169204188723e-292	1.17822616547538e-290	BCL2L10
BCL2L11	1107.51147448331	-1.00093256271364	0.033890277192756	-29.5345050446383	1.03848706263117e-191	7.37428229365827e-191	BCL2L11
BCL2L12	426.455771608973	-0.219064868211437	0.0275190189833657	-7.96048973780111	1.71359668062718e-15	2.62344394012331e-15	BCL2L12
BCL2L13	6412.45069716182	-0.428962698802885	0.0532571914440858	-8.05454976448108	7.977189662545e-16	1.2295349868608e-15	BCL2L13
BCL2L14	7.12377179008777	-1.76675772730702	0.0947444172258202	-18.6476182875875	1.32029223129697e-77	4.02346037846228e-77	BCL2L14
BCL2L15	27.3371462482501	-0.127277254901776	0.0428121922014428	-2.97292075824808	0.00294980596060554	0.00346466508527081	BCL2L15
BCL2L2	3816.02631559193	0.185233133639766	0.0247759220189842	7.47633664239955	7.64230366062442e-14	1.13994712047684e-13	BCL2L2
BCL2L2-PABPN1	4.07889665428256	-1.3118548614603	0.0796415107550548	-16.4719986979534	5.83115235696269e-61	1.52501196538843e-60	BCL2L2-PABPN1
BCL3	2436.29799710153	0.528791866777412	0.0549330160887639	9.62612112764681	6.20267854204326e-22	1.04761133829349e-21	BCL3
BCL6	34248.5966804783	-2.29635394393777	0.0566729946537732	-40.5193683158383	0	0	BCL6
BCL6B	1227.09185749093	1.67177644849984	0.059922646052825	27.8989089871979	2.75062994914224e-171	1.70915049066308e-170	BCL6B
BCL7A	1272.72417432766	0.152967022016581	0.0371933621610285	4.11275058582525	3.90972718056352e-05	4.87422944645224e-05	BCL7A
BCL7B	3502.03171869471	0.265730728000892	0.042646238883307	6.23104721445686	4.63327428653861e-10	6.44142496385399e-10	BCL7B
BCL7C	1068.1082796987	0.461174472471231	0.0274750764891908	16.7851933971018	3.13207361999474e-63	8.37499364728541e-63	BCL7C
BCL9	1074.5382300124	0.333679359537395	0.0243702737994686	13.6920644504482	1.13245391436907e-42	2.45162993536472e-42	BCL9
BCL9L	3989.39729497695	-0.350921374788658	0.0344944273596273	-10.1732772986799	2.60976897395217e-24	4.55747490299893e-24	BCL9L
BCLAF1	6627.87017449636	-0.56148406287062	0.0163279743451273	-34.3878579793445	3.82979824714089e-259	4.00582209452546e-258	BCLAF1
BCO2	1080.88634661321	3.23697816603314	0.0736398458912901	43.9568840327516	0	0	BCO2
BCOR	2531.20190691951	-0.49750822351367	0.0329751924521796	-15.0873485950129	1.96168172641331e-51	4.66722611117712e-51	BCOR
BCORL1	873.024579455455	0.163103182561748	0.0272310492058034	5.98960331381532	2.10353472209491e-09	2.88522771505871e-09	BCORL1
BCR	3529.06625820331	-0.208111245912951	0.0488728732323457	-4.25821590074258	2.06064885188108e-05	2.58727348697156e-05	BCR
BCRP4	0.0981116788766356	0.491702019076378	0.315261565424506	1.55966369834614	0.118839375026202	0.129791747958176	BCRP4
BCS1L	1589.40827751016	0.506111623182845	0.0194669993134561	25.9984404906722	5.15735030068099e-149	2.73212074051084e-148	BCS1L
BCYRN1	15.8111546726588	1.30903258407226	0.0812302759780312	16.1150823176605	1.99897608235884e-58	5.09177422648104e-58	BCYRN1
BDH1	2168.71577899649	0.990612028681212	0.0640701591779862	15.4613636268532	6.32453513976001e-54	1.54015093412906e-53	BDH1
BDH2	1038.30490708038	-0.00577299016031063	0.0287060768564432	-0.201106901133892	0.840614985912207	0.85029840196705	BDH2
BDKRB1	53.3330126991767	-1.8832995933137	0.100883397814048	-18.6680825004038	9.0027435416252e-78	2.74954846441797e-77	BDKRB1
BDKRB2	503.62875307489	-1.83328957294865	0.0737571338742125	-24.8557593910197	2.24048469648188e-136	1.08067966295204e-135	BDKRB2
BDNF	137.782936700576	2.87076104581668	0.0830795683849387	34.5543567645341	1.22600730863924e-261	1.298197503695e-260	BDNF
BDP1	2016.85850117955	-0.481255862129939	0.0180678512704012	-26.6360318627557	2.5979353227674e-156	1.4473981351017e-155	BDP1
BEAN1	96.944893906715	1.01740113464653	0.0585182877539303	17.3860373175084	1.05265370668279e-67	2.93916850845308e-67	BEAN1
BECN1	2451.52991717336	-0.39092481805199	0.0364987430849911	-10.7106378195458	9.07345116611978e-27	1.6356017869149e-26	BECN1
BEGAIN	115.196462761467	0.0958783529627635	0.056431606158972	1.69901867922503	0.0893156641662906	0.0982505054178316	BEGAIN
BEND3	178.111031768454	-0.548365188014515	0.0398892050838684	-13.7472077185183	5.29333626330189e-43	1.15023353543816e-42	BEND3
BEND3P3	59.7361903210014	-0.0113106544342322	0.0401247113608791	-0.28188749652315	0.778029777257765	0.790546061211167	BEND3P3
BEND5	220.381850649455	-0.170424455460454	0.0368521198527049	-4.62454958199494	3.75413279921247e-06	4.80163027700893e-06	BEND5
BEND6	43.9670564602595	0.0546036794285068	0.0566988487794647	0.963047409320298	0.335523731963799	0.355050420262204	BEND6
BEND7	1118.89933912299	-0.174540204662669	0.044858404315364	-3.89091425177799	9.98672231577631e-05	0.000122996023813827	BEND7
BEST1	417.97985613751	0.300431375346595	0.0510861855441134	5.88087311954754	4.08107923741708e-09	5.56373124452778e-09	BEST1
BEST2	364.760939059365	-6.68081400813012	0.159039761810813	-42.0071932456573	0	0	BEST2
BEST3	1926.47416800646	-6.17847321151044	0.148118108739036	-41.7131521871919	0	0	BEST3
BEST4	37.3965297587535	-0.987809660452373	0.0727117796246176	-13.5852769049533	4.8967652847549e-42	1.05287472397125e-41	BEST4
BET1	615.645178850132	0.161060243627579	0.025997425003193	6.19523832101825	5.81969050979237e-10	8.07400761978978e-10	BET1
BET1L	2124.01067225624	-0.00994620995775266	0.0233810234936768	-0.425396688063827	0.670547519975137	0.686644627514218	BET1L
BEX2	304.892446352569	-2.11022708725347	0.0654764267664912	-32.2288064799134	6.9713241623716e-228	6.1095816089022e-227	BEX2
BEX4	1083.02383816217	1.26496082022941	0.0581900334641055	21.73844462574	8.88592576362448e-105	3.41202111072961e-104	BEX4
BEX5	64.9390350546593	-0.264470294652495	0.0718554886323877	-3.68058584926649	0.000232698695759948	0.000283544928069777	BEX5
BFAR	2627.32611934665	-0.358501849320756	0.0266343768462474	-13.4601177789998	2.68487912470797e-41	5.72161822231185e-41	BFAR
BFSP1	58.0166048132523	-0.517577762154106	0.0554775759045582	-9.32949491240443	1.06376618244395e-20	1.76584793896843e-20	BFSP1
BFSP2	3.06955118477124	-2.42389925045255	0.194519285173178	-12.4609714059692	1.2187693552129e-35	2.43957157380044e-35	BFSP2
BGLAP	100.686269698807	1.50685020283311	0.0398997031056035	37.7659502589506	0	0	BGLAP
BGN	9929.25144173772	2.0509856482004	0.061295645992058	33.4605438119724	1.8081463460382e-245	1.75368762796517e-244	BGN
BHLHA15	49.2440861756068	-2.46123422266552	0.0943778338424201	-26.0785199496629	6.39038297404602e-150	3.3973208480745e-149	BHLHA15
BHLHB9	0.785558917866513	-0.560762744014791	0.093564372924057	-5.99333620789553	2.05579214391967e-09	2.82060323038856e-09	BHLHB9
BHLHE22	62.6058359823577	-0.797137190238991	0.0890992412067468	-8.94662153619587	3.66528333236065e-19	5.94671160575251e-19	BHLHE22
BHLHE40	24181.6026391775	-1.3938454400919	0.0562985968582701	-24.7580848879922	2.53713533490748e-135	1.21594710233412e-134	BHLHE40
BHLHE40-AS1	378.514255116161	-1.10227292262681	0.0657231350361849	-16.7714598827328	3.946911941283e-63	1.05444288891415e-62	BHLHE40-AS1
BHLHE41	2168.57455745762	-1.26642093708835	0.0642702774033204	-19.7046128981377	1.96841767079308e-86	6.48727325008169e-86	BHLHE41
BHMT	16.2240611188895	-0.904591159958087	0.0854948124674445	-10.5806555257671	3.66385793032043e-26	6.55402033227646e-26	BHMT
BHMT2	706.594554139785	-0.245519631032341	0.0637407871082665	-3.85184498295127	0.000117231229036993	0.000144036540433752	BHMT2
BICC1	1434.28894138265	-0.478242718796245	0.0447126928827544	-10.6959050766701	1.06375975921166e-26	1.9162152932622e-26	BICC1
BICD1	525.698467946903	0.206394056888442	0.0454826637135926	4.53786212232685	5.68273934662147e-06	7.23392906997617e-06	BICD1
BICD2	5770.12735605864	-0.833255283384207	0.0514079216405878	-16.2086942399619	4.37771159768342e-59	1.12191324700881e-58	BICD2
BID	1159.51834584023	0.308039160213772	0.0364189848434167	8.45820281751907	2.71529571188474e-17	4.28078806355204e-17	BID
BIK	60.7292382174069	-2.8452369897485	0.128023539354793	-22.2243269018166	1.99856355356309e-109	7.96460981352427e-109	BIK
BIN1	41653.2762998652	-5.30175158610077	0.113640867107987	-46.653565051231	0	0	BIN1
BIN2	152.645194898959	0.669360535389843	0.0494196893962801	13.5444100027109	8.54980770240965e-42	1.8324215793675e-41	BIN2
BIN3	1234.61333676286	-0.312846322796238	0.0297175103346501	-10.5273395810505	6.46354466729439e-26	1.15289603206467e-25	BIN3
BIRC2	2548.81344949465	0.00152921321307028	0.0230034282957667	0.0664776220921686	0.946997573275661	0.950482482103996	BIRC2
BIRC3	900.129035642582	-0.0778688533931805	0.0575470607317071	-1.3531334598689	0.1760129979725	0.190203504412473	BIRC3
BIRC5	121.270639342378	-1.28504638396716	0.10094152071217	-12.7306025796006	3.9974213255002e-37	8.12620906610153e-37	BIRC5
BIRC6	5138.28205988206	-0.507850025266559	0.0192436053410623	-26.3905861851625	1.75728535436421e-153	9.55099446374099e-153	BIRC6
BIRC7	22.6468646799321	-0.200715374049646	0.104102299097889	-1.92805899378755	0.0538477887215985	0.0598859535881314	BIRC7
BIVM	1618.99108769024	0.582230253973003	0.0307083383526464	18.9600051714562	3.65108202870595e-80	1.13865432430242e-79	BIVM
BLCAP	14011.9216922983	-1.4566121248445	0.0550477060404409	-26.4609050879322	2.73319820401481e-154	1.49727026386094e-153	BLCAP
BLID	0.412709268555166	0.638387125865064	0.220384725805976	2.89669405867579	0.00377117324319052	0.00441269432856686	BLID
BLK	8.70853525690776	-1.03707568975269	0.111587557598823	-9.29382909769531	1.48835311014237e-20	2.46361786994692e-20	BLK
BLM	176.074516289756	1.93167871685584	0.0728293894027389	26.5233408201991	5.21559056505455e-155	2.87816817172124e-154	BLM
BLMH	4934.02131475559	-2.00498423498059	0.0633265734739082	-31.6610251430496	5.34729597767743e-220	4.51909271803622e-219	BLMH
BLNK	170.950163781033	-2.42553010494703	0.0866236917742775	-28.0007704043305	1.59005658169692e-172	9.97303433000915e-172	BLNK
BLOC1S1	3008.90357669071	0.071742368950838	0.0381327601139547	1.8813841100525	0.0599196868079773	0.0664662485968942	BLOC1S1
BLOC1S2	1841.4178500349	-0.90915149665872	0.0369895034384472	-24.5786348057255	2.13796718193751e-133	1.01144670806983e-132	BLOC1S2
BLOC1S3	679.104044230545	-0.613787752389028	0.0418983691363323	-14.6494425687987	1.35825449207423e-48	3.14024391366919e-48	BLOC1S3
BLOC1S4	498.855627224052	-0.248010754309578	0.0198324228307399	-12.5053180050783	6.98198583199881e-36	1.40177032078754e-35	BLOC1S4
BLOC1S5	586.556913960334	-0.301953277305186	0.0160704628004322	-18.7893330176568	9.23325175374283e-79	2.84358879074636e-78	BLOC1S5
BLOC1S6	2141.16513069866	-0.263271574430933	0.0221846663599667	-11.8672767108195	1.75074217612695e-32	3.38945041003024e-32	BLOC1S6
BLVRA	1555.07255282934	0.0430425991600267	0.0229404694520167	1.87627368524679	0.060617708513565	0.067215681344874	BLVRA
BLVRB	3481.82342853022	-0.0876777287541024	0.0369230453733947	-2.37460718278887	0.0175676349290933	0.0200072754877014	BLVRB
BLZF1	846.489480062003	0.130865013566624	0.0171589532204691	7.62663152496471	2.40967069130888e-14	3.62104366927549e-14	BLZF1
BLZF2P	0.483033935981727	-0.0482095285165952	0.176334230247993	-0.273398582049522	0.784546842643168	0.796538506171443	BLZF2P
BMF	558.937204164555	-0.821565102892852	0.0427200431309853	-19.231373441591	2.02201649128291e-82	6.44788642330979e-82	BMF
BMI1	2320.85506644423	-0.426635305498285	0.0352854700923682	-12.0909627782049	1.17896959245802e-33	2.31132995358711e-33	BMI1
BMP1	2833.309142364	0.260891677641271	0.0421510369950861	6.18944861716416	6.03750289180027e-10	8.37335056989312e-10	BMP1
BMP2	666.256425966142	-0.677191476391592	0.0568207423659098	-11.9180328907121	9.53328750129259e-33	1.85102694758675e-32	BMP2
BMP2K	372.350713376447	-0.331517907070061	0.0326568207159748	-10.1515671091611	3.26084588173484e-24	5.68894036800823e-24	BMP2K
BMP2KL	1.13030117959557	-0.886403679067426	0.162181058980539	-5.46551912189568	4.61554030112766e-08	6.15211706483517e-08	BMP2KL
BMP3	79.5855567741158	-4.85297602423631	0.133800627202782	-36.2702038524928	4.77367473596324e-288	5.82582501166605e-287	BMP3
BMP4	773.607877871067	0.368939268501456	0.0433768707774265	8.50543761892233	1.80911875702185e-17	2.85917003908255e-17	BMP4
BMP5	281.199430491946	1.43756959013346	0.0902945119995106	15.9208966115377	4.53826600914987e-57	1.14001292814271e-56	BMP5
BMP6	632.612332182306	-0.605602743318867	0.0613071035518244	-9.87818226980722	5.17633259199963e-23	8.8792798731261e-23	BMP6
BMP7	1049.82499168756	-1.19607495367519	0.128410022761755	-9.31449841648512	1.22530104132164e-20	2.0315597351783e-20	BMP7
BMP8A	340.331450673758	-0.156908050362846	0.0394270965711436	-3.97970086586811	6.90020373955579e-05	8.54738284583979e-05	BMP8A
BMP8B	160.172238152918	-0.298857033461805	0.0450715125342385	-6.63073007001439	3.3403058806528e-11	4.74951391450482e-11	BMP8B
BMPER	230.711476665084	-0.921154226534829	0.0724744378985169	-12.7100568592844	5.19966206126062e-37	1.0557085130245e-36	BMPER
BMPR1A	1675.39249916284	0.000112237913239113	0.0217302836027098	0.00516504594652951	0.995878907906978	0.995934234512972	BMPR1A
BMPR1B	125.846966368142	-0.0266619707078009	0.0584123064719399	-0.456444409032345	0.648070437508733	0.665027701835293	BMPR1B
BMPR2	4167.15114690812	0.466894265956437	0.0201805494004538	23.13585505982	2.01800981859973e-118	8.62854982057333e-118	BMPR2
BMS1	3425.10952746474	-0.479448276472475	0.0251649186707469	-19.0522482009772	6.29401463445438e-81	1.97935984337549e-80	BMS1
BMS1P1	224.220558996366	-0.702483366840039	0.0402702941167623	-17.4442075044998	3.8096599737503e-68	1.06868769187282e-67	BMS1P1
BMS1P10	197.326248020272	1.99768459957313	0.0688584895946745	29.0114495878753	4.71841093777674e-185	3.20876899474571e-184	BMS1P10
BMS1P11	0.651493589888337	-0.142746701047572	0.147643995836403	-0.966830383036655	0.333628833099415	0.353086755518994	BMS1P11
BMS1P15	0.233040543045043	0.402911180540997	0.231275585781904	1.74212586762594	0.081486422132749	0.0898521950880009	BMS1P15
BMS1P2	52.7212267469805	-0.573793981144135	0.0445736052057873	-12.8729542628433	6.39100684052316e-38	1.31149696917758e-37	BMS1P2
BMS1P3	250.628663718499	-0.775237286712157	0.0629340183255498	-12.3182550127651	7.22405386354803e-35	1.43389782332923e-34	BMS1P3
BMS1P4	198.031615580116	-0.739283185293291	0.0268125788146031	-27.5722522031581	2.39468666356974e-167	1.44025240998726e-166	BMS1P4
BMS1P7	8.87898529690505	-0.177470150183643	0.0813152472068885	-2.18249536562448	0.0290729929194238	0.0327929660719687	BMS1P7
BMS1P8	2.98945641751365	0.926672556772827	0.15421698940638	6.00888760920455	1.86800559059261e-09	2.56588848807765e-09	BMS1P8
BMS1P9	0.829733269555734	0.161719766234174	0.149688688593945	1.0803739932071	0.279975672018921	0.298074406908718	BMS1P9
BMX	229.986342272835	0.150474101728286	0.0593419856297875	2.53571059564872	0.0112219431235055	0.0128871577777494	BMX
BNC1	439.49603146336	-3.46479124765899	0.123029039265161	-28.1623856315045	1.69010128874699e-174	1.07427659953159e-173	BNC1
BNC2	860.252703686831	-1.06547236352343	0.0403699206260954	-26.3927287197761	1.66054226651298e-153	9.02791342177594e-153	BNC2
BNIP1	390.48584992543	0.207974759426546	0.0252320226226234	8.24249258718056	1.68659570131054e-16	2.62815176759791e-16	BNIP1
BNIP2	3877.08195515594	-0.0644836687745236	0.0191134278399636	-3.37373648067966	0.000741553203257395	0.000889616741875133	BNIP2
BNIP3	7797.79883255514	-0.110440013576876	0.0637546904388197	-1.73226491755703	0.0832264052781441	0.0917314793908812	BNIP3
BNIP3L	5550.33766928037	-0.706811741026596	0.0402418155128117	-17.5641116589675	4.63899392233021e-69	1.31320222670021e-68	BNIP3L
BNIP3P1	21.0511624773196	0.00432139524478668	0.0841838076498884	0.0513328556336974	0.959060287597571	0.961892368901486	BNIP3P1
BNIPL	3722.48604613218	-5.92484897471019	0.124897628548695	-47.4376418796473	0	0	BNIPL
BOC	2773.71634418433	-1.60433341625775	0.0609575019330949	-26.3188839007644	1.16601587657956e-152	6.31261708099511e-152	BOC
BOD1	3100.46907381998	-0.546205041400522	0.0362608316803163	-15.0632243136613	2.82658438666423e-51	6.7152363130979e-51	BOD1
BOD1L1	3217.36177559744	-0.410000182348501	0.0169423003342893	-24.1997942580859	2.23584696477248e-129	1.02987413543678e-128	BOD1L1
BOK	1477.45083564513	-1.40385839585882	0.0800240227468596	-17.5429620715226	6.73248786970497e-69	1.90253554383923e-68	BOK
BOLA1	597.995443416538	0.083620766720793	0.022530075189024	3.71151742811451	0.000206020479881972	0.000251479938859116	BOLA1
BOLA2	0.27505517131493	0.395457862451376	0.149240701721618	2.64979900181006	0.00805396703985065	0.0093048880485432	BOLA2
BOLA2B	1.03728405026443	0.48394783947023	0.0739220124181469	6.54673518265078	5.88085078740054e-11	8.32503892922281e-11	BOLA2B
BOLA3	422.546060101496	0.982352549513293	0.0633654691470816	15.5029634079264	3.31254553863831e-54	8.08749928672565e-54	BOLA3
BOLL	68.4392256242194	-4.93439464282687	0.176384978912684	-27.9751409289198	3.2608882651049e-172	2.03816839097755e-171	BOLL
BOP1	3176.63298118361	-0.682969836672992	0.0492639108651799	-13.8634920508457	1.05418272925912e-43	2.30827676795929e-43	BOP1
BORA	79.7024370017065	-0.638227812004581	0.0345446726367751	-18.4754337872968	3.2559968836157e-76	9.80940584133327e-76	BORA
BPGM	814.254793408514	-0.0618428506758926	0.035007132624321	-1.76657858098688	0.0772988306977239	0.0853444707672796	BPGM
BPHL	407.416651304889	-0.121671051573394	0.0300322472265901	-4.05134689573506	5.09236431199681e-05	6.32845357129821e-05	BPHL
BPI	13.6531172152869	1.65109990810813	0.105366805190704	15.6700196529618	2.42504394165201e-55	5.98235110232669e-55	BPI
BPIFA1	0.263690529438171	0.464226179925488	0.374647104925943	1.23910254162314	0.215307525900454	0.231084591803844	BPIFA1
BPIFB1	8.26896217362353	-1.8442722712074	0.171928479241272	-10.7269736773469	7.60459914730008e-27	1.37205962965369e-26	BPIFB1
BPIFB2	11.318936422572	-0.82632448828704	0.180672442923448	-4.57360555332259	4.79401988279415e-06	6.11342816025627e-06	BPIFB2
BPIFB4	1.08029136554357	1.09460356971259	0.204767165792626	5.34560101701623	9.01175207591027e-08	1.19271045598457e-07	BPIFB4
BPIFC	692.539593055817	-9.39734024072251	0.229288289726295	-40.984824178942	0	0	BPIFC
BPNT1	694.458750717638	0.24968027035335	0.0255724102261954	9.76365810437325	1.61232239528925e-22	2.7432339733083e-22	BPNT1
BPTF	4030.37258380423	-0.606500089378187	0.0173280342235238	-35.0010902306985	2.16552120533812e-268	2.37837383876092e-267	BPTF
BRAF	2055.29813202542	-0.376206309687632	0.0182809756293751	-20.5791155414659	4.22316524802629e-94	1.48624042286845e-93	BRAF
BRAFP1	2.00244584660232	-0.186315777903939	0.115856806976839	-1.6081556428634	0.107801095206285	0.117965198468592	BRAFP1
BRAP	1530.72609475667	-0.801924608671383	0.0238778228324434	-33.584494461605	2.82538143717226e-247	2.75961428380564e-246	BRAP
BRAT1	2460.35390774398	-0.393753405531581	0.0232785675102129	-16.9148469019338	3.49724278296641e-64	9.42564266150298e-64	BRAT1
BRCA1	306.78866138322	0.395771147075033	0.0326506817966983	12.1213746634551	8.13825331696029e-34	1.59895981181622e-33	BRCA1
BRCA2	85.6732168864974	-1.26067764381227	0.0647334288630925	-19.4749091150189	1.79242157859047e-84	5.80625892319724e-84	BRCA2
BRCC3	868.929958339598	-0.255055628810555	0.0288993452699496	-8.8256542294669	1.0882176135313e-18	1.75199045355307e-18	BRCC3
BRD1	3466.32764464461	-0.925891337740234	0.0267012499070547	-34.6759549071	1.81536637666342e-263	1.94862314527837e-262	BRD1
BRD2	11961.1136448572	-0.351413958988265	0.0140629780294737	-24.9885876413772	8.13504277397316e-138	3.97391872386136e-137	BRD2
BRD3	1877.1194933303	-0.573648584334385	0.0219473939346704	-26.1374350887369	1.36942240722902e-150	7.3126587815276e-150	BRD3
BRD4	8411.9114626072	-0.4839784883844	0.0270320839553967	-17.9038541454285	1.10036497603092e-71	3.19272565015032e-71	BRD4
BRD7	2981.303090979	-0.503667801314034	0.0173025960394642	-29.1093775850315	2.73154448394112e-186	1.87387699144147e-185	BRD7
BRD7P2	10.6914311744699	-0.443507504717491	0.0553254479940648	-8.01633824573947	1.08944233712207e-15	1.67444087350874e-15	BRD7P2
BRD7P3	4.16174855738067	0.48630538323479	0.087756607872674	5.54152439370002	2.99849794369313e-08	4.01069709350721e-08	BRD7P3
BRD7P4	3.70625438737512	-1.42130198459749	0.104117779159066	-13.6509056961933	1.99384981528265e-42	4.30919564472362e-42	BRD7P4
BRD7P5	1.06764326435213	-1.1648241786977	0.154291929402751	-7.54948222636542	4.36992020063375e-14	6.5476055877816e-14	BRD7P5
BRD8	2908.94917835433	-0.2667685458935	0.017903029365618	-14.9007489428475	3.25905756398649e-50	7.65478799704081e-50	BRD8
BRD9	2167.66168866138	-0.199615413644073	0.012253946082856	-16.2898883587669	1.16441590906972e-59	3.00640429993746e-59	BRD9
BRDT	2.46760884681615	-1.02270764703485	0.168661746685875	-6.06366094938883	1.33057498772515e-09	1.83383204609451e-09	BRDT
BRF1	2044.05531871049	-0.259606324488322	0.0159532879047825	-16.2729041209428	1.53692265922235e-59	3.96192822406724e-59	BRF1
BRF2	513.761579168935	-1.0456609716131	0.0486282061791047	-21.5031779655162	1.45383510661187e-102	5.48417555618613e-102	BRF2
BRI3	5685.39466637137	-0.0110826879571015	0.0374513814957404	-0.295922006464889	0.767289644607857	0.780073471850561	BRI3
BRI3BP	409.588220941814	-0.274620828717652	0.0511951384245327	-5.36419740562814	8.13099420706406e-08	1.07732980068718e-07	BRI3BP
BRI3P1	0.674439069126569	-1.11119607364106	0.10050370180816	-11.0562701039817	2.04422677586251e-28	3.76759764434329e-28	BRI3P1
BRICD5	205.985614841588	1.13233740966454	0.0488197776776605	23.1942352777794	5.20596776061197e-119	2.23178436910636e-118	BRICD5
BRINP1	53.7990651300557	-0.437719001618947	0.0999580935071753	-4.37902511203384	1.1921139600465e-05	1.50559484984194e-05	BRINP1
BRINP3	15.1236400628909	2.44389847862063	0.110762313343496	22.0643502726564	6.95607499888043e-108	2.73756681361711e-107	BRINP3
BRIP1	68.7840494705031	-2.61973307803008	0.089010651855247	-29.4316806295319	2.16028722453608e-190	1.52022401598413e-189	BRIP1
BRIX1	711.47845362071	-0.170141828112766	0.0237890469819444	-7.15210778480962	8.54554247140942e-13	1.25145061851481e-12	BRIX1
BRK1	6480.78261208673	-0.08305638311104	0.0141832180244741	-5.85596181118564	4.74257197663885e-09	6.4562533578973e-09	BRK1
BRMS1	1742.05345148513	-0.46432766678799	0.0268538109900033	-17.2909411986568	5.5046112533626e-67	1.52443857187354e-66	BRMS1
BRMS1L	650.549794554995	-0.0124937870110772	0.0351662793558694	-0.355277477171948	0.72238172691468	0.736455426527222	BRMS1L
BROX	1829.67235167395	-0.55300378163587	0.0194201895185734	-28.4757149824402	2.34175870878672e-178	1.52621283551303e-177	BROX
BRPF1	1593.68248076156	-0.389017264892699	0.019462568791877	-19.987971220688	7.00880330111349e-89	2.35515154421027e-88	BRPF1
BRPF3	2854.6001548522	-0.667054408242762	0.0321179720633411	-20.7688831326971	8.27603000325913e-96	2.9436241076599e-95	BRPF3
BRSK1	175.332635122948	1.8074005523303	0.0580115500709024	31.1558741340522	4.22304556962175e-213	3.42428122967392e-212	BRSK1
BRSK2	75.1770534921778	1.05387597956716	0.0508907403839161	20.7085998674178	2.89756515295522e-95	1.02655127570059e-94	BRSK2
BRWD1	5020.28263168973	-0.464621719565215	0.0185011579885094	-25.1131156143729	3.57612215701843e-139	1.76221666981902e-138	BRWD1
BRWD3	1262.5273961473	-0.822924289464718	0.0394304412556803	-20.8702784766876	9.97509948935258e-97	3.58049383664678e-96	BRWD3
BSCL2	2331.05240680236	-0.511879899320014	0.0228610916933281	-22.3908773118392	4.82988279041247e-111	1.95552676811099e-110	BSCL2
BSDC1	4875.37609754354	-0.170485869265259	0.0145028446853987	-11.7553399325101	6.6293417303667e-32	1.27344766287836e-31	BSDC1
BSG	31993.3160247718	2.24295489583632	0.0322033103523032	69.6498239248842	0	0	BSG
BSN	114.369902015313	0.271181152283512	0.0429205670809454	6.31820991022979	2.64610437439706e-10	3.69789029139985e-10	BSN
BSPRY	953.616459699253	-3.1327761940047	0.136256945301132	-22.991680806297	5.64604933985119e-117	2.38915219009547e-116	BSPRY
BST1	248.183870514187	0.269761164114572	0.0510822775052765	5.28091497264794	1.28540337189972e-07	1.69624998882537e-07	BST1
BST2	2293.25404253924	0.93343125307501	0.0645333212761327	14.4643299711933	2.03577732859145e-47	4.6493310951503e-47	BST2
BTAF1	6062.1670371204	-1.00837048787714	0.0355783058536808	-28.342285099919	1.04187999831405e-176	6.71015450792529e-176	BTAF1
BTBD1	10159.2331033474	-0.665730388238438	0.0775481450049428	-8.58473646527593	9.10448941888316e-18	1.44587484807513e-17	BTBD1
BTBD10	1083.29178859226	0.0947969780259411	0.0144097067464106	6.57868891395411	4.74614582833503e-11	6.73408773199802e-11	BTBD10
BTBD11	569.030939701916	-3.10469589979986	0.0977835141850012	-31.7507089582191	3.10449158147663e-221	2.63977104195374e-220	BTBD11
BTBD16	186.446031646636	-5.02797397894976	0.116570350614047	-43.1325285757861	0	0	BTBD16
BTBD18	9.18851595575178	-0.570088582740099	0.0623758627033349	-9.13957030865432	6.2700961647771e-20	1.02822265702972e-19	BTBD18
BTBD19	133.386963214622	1.14920893152971	0.0467953874887076	24.5581668023805	3.53796582913101e-133	1.67113416137988e-132	BTBD19
BTBD2	5006.33131970625	-0.12771520164984	0.0214932426276243	-5.94210952077065	2.81377316002608e-09	3.84737794558522e-09	BTBD2
BTBD3	1657.63043571782	0.414913181442543	0.0182256327325314	22.7653649961877	1.01088575905347e-114	4.20933484818911e-114	BTBD3
BTBD6	4583.66385609519	-0.513709875191916	0.037029573771697	-13.8729621453154	9.23814894786711e-44	2.02454247882342e-43	BTBD6
BTBD7	1882.77676834606	-0.261180919075753	0.016615784371543	-15.7188437954855	1.12355336589231e-55	2.78390697032724e-55	BTBD7
BTBD7P1	7.83405569051709	-2.48263791480105	0.0962815318410027	-25.7851933525613	1.2998323027892e-146	6.76250904118742e-146	BTBD7P1
BTBD8	288.987022107228	0.0480381719293261	0.0428511170895191	1.12104829913701	0.262267303905333	0.279833663540982	BTBD8
BTBD9	1267.63164324043	0.516851564687975	0.0297804080911043	17.3554225014923	1.79475219658298e-67	4.99804057714886e-67	BTBD9
BTC	403.441499836014	-4.75576968306564	0.108121794831091	-43.9853009330374	0	0	BTC
BTD	1244.55274299331	-0.747179142869621	0.0290569827748334	-25.7142714596218	8.09463143278896e-146	4.18350446229211e-145	BTD
BTF3	20481.392293485	-0.719346801193718	0.0173323599301507	-41.5031077183188	0	0	BTF3
BTF3L4	2533.04778015035	-0.738680173642617	0.0262982467487184	-28.088571101365	1.35106101180239e-173	8.53948359320748e-173	BTF3L4
BTF3L4P1	1.11544861946827	-0.174135371365371	0.137134005352089	-1.26981904246348	0.204149096020575	0.219566701169049	BTF3L4P1
BTF3L4P2	4.77673448251513	-0.23577721552988	0.0635981348167406	-3.70729764653126	0.000209482681260942	0.000255636753127125	BTF3L4P2
BTF3P12	0.889174425777605	-0.35564916687348	0.137896475237899	-2.57910266567665	0.00990573418362649	0.0114040113225544	BTF3P12
BTF3P5	2.7042689736049	-0.504606385232631	0.0802952342874043	-6.28438773123783	3.29148293032685e-10	4.59159828183614e-10	BTF3P5
BTF3P6	0.827013076339834	-0.134921500056027	0.144346408043868	-0.93470632130329	0.349939668300486	0.369696811378429	BTF3P6
BTG1	11417.8524184488	-1.45443220596777	0.0578438498198421	-25.1441114396376	1.63913275129581e-139	8.09493241593304e-139	BTG1
BTG2	14713.9404293613	-0.194707408256401	0.0547134441380304	-3.55867577565024	0.000372729306263608	0.00045142301298871	BTG2
BTG3	1060.39791931527	-0.802694291134315	0.0643452867199046	-12.4747954675911	1.02468975518179e-35	2.05245802637448e-35	BTG3
BTK	161.046316195392	-0.442158426213356	0.0585829050733098	-7.54756742875836	4.43462962762171e-14	6.64345605249821e-14	BTK
BTLA	7.67959712194047	-1.00109846268508	0.0844343284241922	-11.8565337270835	1.99045904129046e-32	3.85064515876084e-32	BTLA
BTN1A1	4.94695320404207	-1.0290992833846	0.107693136319815	-9.55584839063924	1.22575451782272e-21	2.06001373124142e-21	BTN1A1
BTN2A1	1742.96109842765	0.382879305873155	0.0226378748180767	16.9132177357664	3.59529594635431e-64	9.6884614266952e-64	BTN2A1
BTN2A2	517.369035474921	-0.109518803851331	0.0478125401259751	-2.29058743925284	0.0219872860907241	0.0249491387367073	BTN2A2
BTN2A3P	189.047784287386	0.261898550549662	0.046440601101866	5.63943067780702	1.70613320311622e-08	2.29400237446184e-08	BTN2A3P
BTN3A1	1250.89812420087	0.568155793443967	0.0517323407856515	10.9826036250336	4.63372953310325e-28	8.4923401878835e-28	BTN3A1
BTN3A2	1196.79990732165	0.610281066181351	0.0498735453817514	12.2365687361912	1.98237408039878e-34	3.9196744091892e-34	BTN3A2
BTN3A3	738.985900469491	0.88087498214302	0.0483733026998976	18.2099408760214	4.30411382336707e-74	1.27138747841206e-73	BTN3A3
BTNL2	1.50366771850819	-0.347907640191327	0.110336820343452	-3.15314179897857	0.0016152332547728	0.00191590760537461	BTNL2
BTNL3	7.62533556352156	1.27197395475708	0.103828262706676	12.25074870366	1.66452082079521e-34	3.29408963227073e-34	BTNL3
BTNL8	16.9419086415489	0.472758331629518	0.0882835941337633	5.35499643244266	8.55581052384987e-08	1.13294942798162e-07	BTNL8
BTNL9	11370.7774293537	0.73100921957481	0.0873514838376689	8.36859532842388	5.83091218797851e-17	9.14863159555488e-17	BTNL9
BTRC	1830.02554381486	0.656463272038537	0.0265047465731742	24.7677626430487	1.99570338280722e-135	9.57225062454376e-135	BTRC
BUB1	83.8919002330144	-0.858380922146096	0.0815036239189167	-10.5318129534958	6.16357928486752e-26	1.09950045294718e-25	BUB1
BUB1B	102.49902083238	-1.5412074579774	0.100570945108113	-15.3245796419694	5.2392384806141e-53	1.26406020492607e-52	BUB1B
BUB3	2885.51465412354	-0.52766725782909	0.013509762591243	-39.0582184006049	0	0	BUB3
BUD13	886.476185351813	-0.482339514301458	0.0150682216177773	-32.0103809551354	7.81915357363714e-225	6.76369935026632e-224	BUD13
BUD31	867.064178382309	-0.128577350504394	0.0193215004640181	-6.65462554235063	2.84022231339791e-11	4.04516511302126e-11	BUD31
BVES	3407.36094229727	0.440494053618583	0.105583067669533	4.17201416232093	3.01918866074623e-05	3.77471975844512e-05	BVES
BYSL	978.209246451858	-0.618694717229859	0.0440582850833548	-14.0426418336378	8.54662174979741e-45	1.89397683267393e-44	BYSL
BZW1	4023.08888025276	-0.627875273300494	0.0386577575835244	-16.2418958715828	2.5492235476869e-59	6.55270213935627e-59	BZW1
BZW1P2	12.6015208838995	-0.678798001048467	0.0691168413262529	-9.82102173686338	9.1412282571104e-23	1.56120730413894e-22	BZW1P2
BZW2	6841.54635144747	0.996445432280443	0.0579862723975488	17.1841608553297	3.48959721212471e-66	9.59319477939171e-66	BZW2
C10orf55	19.3216434871527	-0.626995344801909	0.079956216344741	-7.84173355700752	4.4436847746888e-15	6.7559771646261e-15	C10orf55
C10orf67	28.4218611327513	0.495267549753213	0.104271789219045	4.74977511618986	2.03642980326352e-06	2.62103338256447e-06	C10orf67
C10orf71	9153.20222126911	-0.707899678460742	0.169193544721934	-4.18396387181414	2.8646965747134e-05	3.58330922391883e-05	C10orf71
C10orf82	10.7864602612368	-0.145874592605219	0.0967517332442694	-1.50772071686745	0.131626021000058	0.143339383183427	C10orf82
C10orf88	419.914300411513	-0.0366016840906413	0.0168215421919448	-2.17588159712065	0.0295641152061503	0.0333302209448182	C10orf88
C10orf90	37.7896203918342	-3.76376692666582	0.113840677437338	-33.061705283136	1.05609624238639e-239	9.91177709030102e-239	C10orf90
C10orf99	328.183587969101	-7.60704295636907	0.214484609749188	-35.4666144357142	1.60858389765959e-275	1.83731717904634e-274	C10orf99
C11orf1	413.185774442639	0.310119637363008	0.0345750593292092	8.96946074365856	2.97969639367385e-19	4.84486629776199e-19	C11orf1
C11orf16	1.77957596910802	-0.302859850624133	0.113355440611812	-2.67177163257018	0.00754519777932109	0.00872830185884962	C11orf16
C11orf21	442.918629247989	5.21470774607246	0.0571417719065498	91.2591187161757	0	0	C11orf21
C11orf24	1295.42527485471	1.00171304835841	0.0276351857027029	36.2477408016996	1.07857099851223e-287	1.31362358215282e-286	C11orf24
C11orf42	4.50724039447144	0.656069936612652	0.0748874331750013	8.76074808278593	1.93958830614198e-18	3.11098004979611e-18	C11orf42
C11orf45	128.259940917094	1.38330311552237	0.0908971496318315	15.2183332604518	2.6725333597326e-52	6.41358125697194e-52	C11orf45
C11orf49	1252.46095449393	-0.484240462379581	0.0499432494471186	-9.69581410381217	3.14122431755226e-22	5.32641097779373e-22	C11orf49
C11orf52	337.137461680711	-1.51938228592913	0.0465712343162119	-32.6249090932989	1.81879691961169e-233	1.64771833668495e-232	C11orf52
C11orf54	1621.12340878579	-0.248590950424197	0.0315776714654125	-7.87236483527554	3.47999563438202e-15	5.29798726442074e-15	C11orf54
C11orf58	6704.42682699533	-0.212868728594826	0.0223008484462121	-9.54531972665743	1.35688406679979e-21	2.27911449906346e-21	C11orf58
C11orf65	25.3200745531314	0.128771971187332	0.0436156938243028	2.95242285279388	0.00315290843914234	0.00369911391598783	C11orf65
C11orf68	2665.47265722909	-0.00390749543048972	0.0328234883001812	-0.11904570881542	0.905239142838623	0.911059477258082	C11orf68
C11orf80	751.311278698829	-2.17854224806255	0.0920132175274505	-23.6764054839471	6.31177445615531e-124	2.80192976535763e-123	C11orf80
C11orf87	8.74633267548137	-0.203681204168465	0.120853603914048	-1.68535482246209	0.0919201344224996	0.101010581755657	C11orf87
C11orf91	32.0142207440711	1.14758858110012	0.0670819943186671	17.1072519944563	1.31037528851065e-65	3.57937262040672e-65	C11orf91
C11orf96	4785.26727359109	0.200959293504947	0.0728756806419876	2.75756317793022	0.00582339589175374	0.00676259270030701	C11orf96
C12orf29	729.766801980557	-0.635554981828394	0.0350496633121616	-18.1329839367635	1.7500005159103e-73	5.15071276764246e-73	C12orf29
C12orf4	804.364020127754	-0.059889942142569	0.0269673052756258	-2.22083524959018	0.0263621221378084	0.029791233636932	C12orf4
C12orf40	1.14904677294988	0.0863783560286655	0.186980733653867	0.461963937891946	0.644107181490271	0.661036110262621	C12orf40
C12orf42	1.57809375596164	-0.318590943913755	0.154479397602953	-2.06235231919149	0.0391742052902245	0.0438836553094613	C12orf42
C12orf43	568.518748337912	0.0464159942200888	0.0195797298565131	2.37061463872286	0.0177585358151808	0.0202195700954503	C12orf43
C12orf56	28.8128943904812	-2.56997979477805	0.125157447263175	-20.5339742138877	1.07051005968325e-93	3.75199602499187e-93	C12orf56
C12orf57	1431.89700810049	0.159583731345808	0.0283420613619844	5.63063248320606	1.79549959346336e-08	2.41271933278097e-08	C12orf57
C12orf60	90.4676598874897	1.74677232192793	0.0443428192703382	39.3924506982439	0	0	C12orf60
C12orf71	7.15351965104589	-0.759694577713103	0.0753422014633325	-10.0832543111025	6.55194131409133e-24	1.13887114324988e-23	C12orf71
C12orf73	430.927613736296	0.0100345973678798	0.0430454158488212	0.233116515893865	0.815670930343634	0.826646347095809	C12orf73
C12orf75	1074.41521501548	-4.28242175507054	0.0717464189809799	-59.6882996516637	0	0	C12orf75
C12orf76	603.342292625315	-0.450946459566523	0.0285104416047022	-15.8168879254451	2.37967938476471e-56	5.94292572213506e-56	C12orf76
C14orf119	1376.96593166245	0.267225299908074	0.019110596771756	13.9830955097652	1.97698508694741e-44	4.36337770354835e-44	C14orf119
C14orf132	1231.17216051413	-1.50239901305652	0.0594728520021462	-25.2619298129893	8.37539640427587e-141	4.17170754491892e-140	C14orf132
C14orf180	1133.78229545214	3.48092628673183	0.117098076890702	29.726587994958	3.4817305437767e-194	2.51503336751703e-193	C14orf180
C14orf28	276.952091907215	0.621273330860032	0.0280645296110471	22.1373149477438	1.38229787614725e-108	5.46993714410345e-108	C14orf28
C14orf39	62.916442538846	-6.91129797754934	0.170711318571183	-40.4852943284336	0	0	C14orf39
C14orf93	445.622015161506	-0.554840539065591	0.0265749846921361	-20.8783013609703	8.43371468350174e-97	3.03024546941547e-96	C14orf93
C15orf39	1597.45219086262	0.386213293036716	0.0482083085917733	8.0113429472741	1.13462562961691e-15	1.74358852302663e-15	C15orf39
C15orf40	848.521060239046	-0.417800829804072	0.0164100075618533	-25.4601241485892	5.45354501812282e-143	2.75988934133339e-142	C15orf40
C15orf48	156.580300645124	-5.19687588376303	0.132362610117136	-39.2624161699742	0	0	C15orf48
C15orf61	666.108569997708	-0.434946504148775	0.0514002973432674	-8.46194529272983	2.62953876312461e-17	4.14667781647009e-17	C15orf61
C15orf62	506.113630548303	-2.47245760675821	0.0839527803128019	-29.4505744484699	1.23781233710861e-190	8.73113631672886e-190	C15orf62
C15orf65	90.945997042324	0.67198499035862	0.0645398968623517	10.4119315807369	2.18737716224767e-25	3.87739796136094e-25	C15orf65
C16orf46	78.5864670566905	0.369924440971866	0.0383855542743802	9.63707436208016	5.57543391451477e-22	9.42290732280353e-22	C16orf46
C16orf54	22.407631732491	0.711012375998356	0.06329907516054	11.2325871143469	2.82095664541707e-29	5.25075385938917e-29	C16orf54
C16orf72	3387.0070470537	-0.303086900274784	0.025571517611047	-11.8525190755143	2.08817626015339e-32	4.03794831442917e-32	C16orf72
C16orf74	82.6383555830423	-1.01398860452909	0.0852132527162688	-11.899423765753	1.19167143620449e-32	2.31180919529228e-32	C16orf74
C16orf86	241.8407136226	0.0179421357608812	0.0320046037950902	0.56061108819706	0.575062690923213	0.594310684309838	C16orf86
C16orf87	597.908004991704	-0.299577434290782	0.0552628781540749	-5.42095244217193	5.92823311499864e-08	7.87965179820502e-08	C16orf87
C16orf89	144.808773803707	1.22719015311079	0.107494076061642	11.4163514685876	3.46476075032353e-30	6.52056019514625e-30	C16orf89
C16orf91	492.81852734331	-0.0110776902730677	0.0263985339402336	-0.419632783326058	0.674753735466132	0.690716064380201	C16orf91
C16orf95	132.034376487021	-0.382118508273904	0.0430654339235992	-8.8729747609604	7.12174782087411e-19	1.14965996344323e-18	C16orf95
C16orf96	23.6021081324542	-1.28647086446499	0.0572655091542373	-22.465020977986	9.12688151703778e-112	3.71367527550174e-111	C16orf96
C17orf107	95.4490749221537	-0.919048485633597	0.0720650957934503	-12.7530321789585	2.99851257423376e-37	6.10176631797218e-37	C17orf107
C17orf49	279.068749672916	-0.393098503802799	0.0230278941263072	-17.0705363524197	2.45930143090151e-65	6.69639767927062e-65	C17orf49
C17orf58	341.051518026852	0.712765871028373	0.0434291559076456	16.412151148968	1.5655870964183e-60	4.07491806284351e-60	C17orf58
C17orf67	65.9114454261445	0.782898561455089	0.0476037138159122	16.4461656181412	8.93486981426225e-61	2.33299378483514e-60	C17orf67
C17orf75	686.931874339185	0.504013048993198	0.0294304712100343	17.1255514529905	9.5698338511841e-66	2.618829114551e-65	C17orf75
C17orf78	1.69038533539997	-0.364229208367797	0.105930882734667	-3.43836659305586	0.000585234824639883	0.000704669704236959	C17orf78
C17orf80	1272.07535229772	-0.0993077670049261	0.0436779214592443	-2.27363765690155	0.0229877813843087	0.0260548452776062	C17orf80
C17orf97	148.774678153382	-0.0291491740155616	0.0486266228119338	-0.599448868334897	0.548873597478139	0.568747042839281	C17orf97
C17orf99	7.33928426838558	-3.17208975024984	0.144840406053503	-21.9005858702032	2.5646197661213e-106	9.9537991397045e-106	C17orf99
C18orf21	549.30386248521	-0.372188781202127	0.0293684859664288	-12.6730666888166	8.33893995934077e-37	1.69003893501569e-36	C18orf21
C18orf25	2597.51209807326	-0.0494703545461262	0.0241493184648535	-2.04851969707239	0.0405091040977785	0.0453428916095082	C18orf25
C18orf32	1635.48758484983	0.683145253329711	0.018753942233382	36.4267546966052	1.60576617724128e-290	1.97576192457418e-289	C18orf32
C18orf54	107.064809146408	0.814397119817232	0.0468039726261746	17.4001708428013	8.22572323335744e-68	2.29924291806937e-67	C18orf54
C19orf12	2811.13136308249	-0.126750826611367	0.0532649159793674	-2.37963064957176	0.0173299984909065	0.019741634149779	C19orf12
C19orf18	97.0810773901041	1.44094964360583	0.0404056439795015	35.6620883047143	1.53069280065142e-278	1.77882511972409e-277	C19orf18
C19orf25	896.607398253271	0.480416338667204	0.022796561872418	21.0740699126419	1.37582551181951e-98	5.03276468975067e-98	C19orf25
C19orf38	50.9077853583379	-0.499967899422653	0.0684169027892772	-7.3076663666367	2.71821677529677e-13	4.01564383849956e-13	C19orf38
C19orf44	389.109279118646	-0.31938375008894	0.0252362912914313	-12.6557324291697	1.04001088831934e-36	2.10587581559464e-36	C19orf44
C19orf47	3880.9273769068	0.225277393587859	0.0725105775951422	3.10682111575058	0.0018911079527339	0.00223650445155791	C19orf47
C19orf48	1231.42269729004	-1.30369474451887	0.0535570786252691	-24.3421556586502	7.01951789737623e-131	3.26422995790931e-130	C19orf48
C19orf53	2934.7913205704	0.321945215669186	0.0270800805582816	11.8886358176187	1.35603320943683e-32	2.62811733452544e-32	C19orf53
C19orf54	896.936618395078	-0.133301778752766	0.0261071943175716	-5.10594042129782	3.29153393889834e-07	4.31041047825614e-07	C19orf54
C19orf67	2.79960167907154	-0.223215316524074	0.092083029778445	-2.42406572699809	0.0153478274323605	0.0175191021946684	C19orf67
C19orf71	87.1678718099616	-0.327089518637863	0.051549163486123	-6.34519547006645	2.22143208862856e-10	3.11093815368e-10	C19orf71
C19orf73	37.9233099619492	-0.146601570463014	0.0429094727270696	-3.41653162217792	0.000634242972755553	0.000762761073795611	C19orf73
C1D	855.613661783788	-0.18792719988834	0.0332092942491091	-5.65887364177822	1.5236968352461e-08	2.05038997766801e-08	C1D
C1DP1	4.71244091832098	-0.0935056685296495	0.110154447745972	-0.848859673331426	0.395959380620209	0.416408530148062	C1DP1
C1GALT1	1091.41368378557	-0.0397525148554465	0.0264077540828275	-1.5053349380172	0.132237987053659	0.14398838645977	C1GALT1
C1GALT1C1	547.195690267007	0.907972497202701	0.0322160897680803	28.1838206852254	9.23243332346232e-175	5.88502238865599e-174	C1GALT1C1
C1QA	1104.84050090086	0.388782365014139	0.0712337556180565	5.45783893662332	4.81964539097489e-08	6.42131867981193e-08	C1QA
C1QB	1453.62233384452	0.403760297189209	0.0790912930753366	5.10499046721384	3.30811191231022e-07	4.33180494169609e-07	C1QB
C1QBP	3624.56087028355	0.147811183158296	0.0340071778831696	4.34647013833656	1.38345875932887e-05	1.74468552099475e-05	C1QBP
C1QC	1139.17134815062	0.401510131605748	0.0737465357598814	5.44446091560239	5.19625114382096e-08	6.91795849714674e-08	C1QC
C1QL1	49.7646021848976	2.98649717323087	0.0884835503626447	33.7520043103027	9.99084046143809e-250	9.91428440718562e-249	C1QL1
C1QL3	37.5223794906366	-0.18637562618491	0.059197474802594	-3.14837122371211	0.00164183045600477	0.00194694269028602	C1QL3
C1QTNF1	7610.15810372247	1.56651936069394	0.0695256871489577	22.53151928348	2.03843648889519e-112	8.33952164468233e-112	C1QTNF1
C1QTNF2	150.179940630449	1.1697487460827	0.06383721235011	18.3239321239046	5.33176327938336e-75	1.59034085819685e-74	C1QTNF2
C1QTNF3	336.936799512256	-1.52072875112084	0.0597671243045478	-25.44423491704	8.17682389656574e-143	4.1310975852394e-142	C1QTNF3
C1QTNF4	71.5410970595547	-0.549686396332313	0.0559786516565554	-9.81957192725526	9.27364994726184e-23	1.58367301679784e-22	C1QTNF4
C1QTNF5	1.77856040771797	0.482156459206049	0.0909800493407756	5.2995844990156	1.16066510926817e-07	1.53321586790463e-07	C1QTNF5
C1QTNF6	490.688515761712	-0.649152379231946	0.0481397903709101	-13.4847363112785	1.92351954136258e-41	4.10690016179195e-41	C1QTNF6
C1QTNF7	300.817452808173	-0.0649105569663988	0.076153436280043	-0.852365436638996	0.394011297410087	0.414456691677613	C1QTNF7
C1QTNF9	86.1692905597068	1.39892476493532	0.0786289389633916	17.7914745306004	8.22857833579928e-71	2.36617633582624e-70	C1QTNF9
C1R	14365.1998169836	-0.182393943409943	0.0596900745327264	-3.05568295630024	0.00224548558238339	0.00264899311674968	C1R
C1RL	1995.0693624462	-0.735343408815293	0.0460184177453586	-15.979328382916	1.78053968722115e-57	4.49215065307188e-57	C1RL
C1S	16689.4522826613	-0.669532206200249	0.0530733486566134	-12.615224461003	1.74061008868436e-36	3.51421289887923e-36	C1S
C1orf100	3.3419630172465	-0.729039221099668	0.0908836872084964	-8.02167301407102	1.0431452094323e-15	1.60410532333768e-15	C1orf100
C1orf105	89.9039912284644	4.00748416578146	0.110418546170062	36.2935784320987	2.04295883499889e-288	2.49832214597929e-287	C1orf105
C1orf109	718.893557777972	-0.7354909073155	0.0195868872240525	-37.5501680742983	0	0	C1orf109
C1orf112	166.350570060045	-0.696252464838731	0.0332850846736413	-20.9178516943986	3.68336768259898e-97	1.32794515630812e-96	C1orf112
C1orf115	1715.37717318296	0.419707033860007	0.0519591950905724	8.07762770628753	6.6038856193837e-16	1.0196118452228e-15	C1orf115
C1orf116	2138.24186903097	-5.06352374357183	0.118559544167277	-42.7086978035919	0	0	C1orf116
C1orf122	1581.80691966237	0.605399432718876	0.0307910505549115	19.6615387201301	4.6054461630746e-86	1.51309794454291e-85	C1orf122
C1orf127	255.821177490649	-2.56751539598863	0.136620236594533	-18.7930826353976	8.60336164950709e-79	2.65005326921248e-78	C1orf127
C1orf131	605.530569463097	-0.280594362911047	0.019931366817387	-14.0780291428018	5.18353196481812e-45	1.15124933866368e-44	C1orf131
C1orf146	1.81448897529251	-1.02411988364646	0.101515949916128	-10.0882657798364	6.22597062608017e-24	1.08231479710352e-23	C1orf146
C1orf147	16.377795585274	-1.93517218689375	0.110499656480673	-17.5129249133207	1.14173833621893e-68	3.21835762453443e-68	C1orf147
C1orf158	9.23621704858617	-4.0711515035281	0.223789068864674	-18.1919140384374	5.98143781007735e-74	1.76511249211807e-73	C1orf158
C1orf159	783.823732814973	-0.398222412040032	0.0482839436419743	-8.24751215420293	1.61726054488152e-16	2.52120092391204e-16	C1orf159
C1orf162	593.202898730982	-0.0143877378670813	0.0419397982187482	-0.343056916774807	0.731555641901747	0.745217198227228	C1orf162
C1orf174	1071.93071475001	-0.173243298960136	0.0181545567290463	-9.54268955974874	1.39175161549888e-21	2.33680821104331e-21	C1orf174
C1orf194	2.19295173484978	-0.0706315088963652	0.13120695015528	-0.538321398468411	0.590355180757785	0.60924058985386	C1orf194
C1orf198	7185.13984450723	-0.823595199906119	0.0521526558136253	-15.7920088067873	3.53151987578079e-56	8.8023939745126e-56	C1orf198
C1orf21	11552.6018321561	-1.19037219281649	0.0448090994206861	-26.5654121195517	1.70457436760032e-155	9.44124405882255e-155	C1orf21
C1orf210	298.138446561226	-6.81512236475392	0.157476140079129	-43.2771743156102	0	0	C1orf210
C1orf216	1196.59127043777	0.133760857660614	0.0314687505857301	4.25059321297838	2.13205082313634e-05	2.67543024519186e-05	C1orf216
C1orf226	539.786391939207	-0.103442812941696	0.0699424295372091	-1.47897082823903	0.139148111592085	0.151320313947267	C1orf226
C1orf35	1009.34010144894	-0.349252222334468	0.0300027539522172	-11.6406721493197	2.55990194314067e-31	4.88972780968541e-31	C1orf35
C1orf43	11781.3149493822	-0.303908719695365	0.0452245946514683	-6.71998769778908	1.81739904926833e-11	2.59766557772584e-11	C1orf43
C1orf50	654.602801544336	0.00536050559789106	0.0253510545923051	0.211450990268396	0.832535371618502	0.842646568709849	C1orf50
C1orf52	915.269760092386	-0.0281073031668755	0.0135223864640592	-2.07857564502991	0.0376563714488103	0.0422153791150298	C1orf52
C1orf53	51.1980661453442	1.61962965241084	0.0560863492248547	28.8774305119703	2.29338349896684e-183	1.53984320644916e-182	C1orf53
C1orf54	258.262940389415	1.25333168413531	0.0385366390302936	32.5231186650728	5.02503296842642e-232	4.50700640082929e-231	C1orf54
C1orf56	345.868616632342	0.59991257277251	0.031578864819841	18.9972811307512	1.79610978757558e-80	5.6229169193301e-80	C1orf56
C1orf68	5026.9456277485	-9.93079024932923	0.199400300686713	-49.8032862294021	0	0	C1orf68
C1orf74	224.958203290191	-0.638925340182963	0.0651640615605764	-9.80487288363723	1.07281995169166e-22	1.83067892221079e-22	C1orf74
C1orf87	3.58734505416804	-2.61838350209425	0.137539274418885	-19.0373514267626	8.36522429988008e-81	2.62842385446223e-80	C1orf87
C2	489.71781605058	-0.381294526865085	0.0660082424787811	-5.77646840071004	7.62848209206619e-09	1.03364927466529e-08	C2
C20orf27	1419.41087898503	-0.163428701983741	0.0351955707765675	-4.64344513749293	3.42647009538382e-06	4.38831060408854e-06	C20orf27
C20orf85	0.924973259808573	-0.754253684055523	0.203539315296134	-3.7056903869316	0.000210815701156035	0.000257228593269829	C20orf85
C20orf96	323.539160835041	0.550022129396553	0.0503547747374854	10.9229389320871	8.95503557202251e-28	1.63505016058401e-27	C20orf96
C21orf58	232.086245559097	-0.574480203959174	0.0433191819154082	-13.2615663213815	3.86732950969295e-40	8.12224927126156e-40	C21orf58
C21orf62	8.83292196737241	0.91823098978642	0.083862595215855	10.9492317453684	6.70135639084669e-28	1.22530336609072e-27	C21orf62
C21orf91	714.860739494397	-0.411500203687219	0.0385932253247933	-10.6624984106436	1.52446221883706e-26	2.7403479529944e-26	C21orf91
C22orf15	3.27402974613561	-0.258810776334871	0.0859901195767801	-3.00977342058213	0.00261442644090609	0.00307677107497061	C22orf15
C22orf23	46.8821540563777	-0.474918545677344	0.0487563440139957	-9.74065129947021	2.02253870191682e-22	3.43469048803818e-22	C22orf23
C22orf31	6.36577227694806	-0.74048677007174	0.0862294764382475	-8.58739726434536	8.89616092123991e-18	1.41303973125597e-17	C22orf31
C22orf39	4286.77427236368	-0.621979882367958	0.065849390995321	-9.44549179524155	3.5373922241785e-21	5.90801609087374e-21	C22orf39
C22orf46	1051.37024037762	0.522238458483697	0.0262879978044876	19.8660416197443	8.00736876904019e-88	2.67174504562544e-87	C22orf46
C2CD2	2357.45574376351	-0.824422709056099	0.0634601830988878	-12.991180749848	1.37292421856722e-38	2.83287584346956e-38	C2CD2
C2CD2L	1429.09297967615	-0.363947974138266	0.0319121170776717	-11.4046953780109	3.96161621683064e-30	7.45017274542085e-30	C2CD2L
C2CD3	1396.74489099495	-0.204764112606229	0.0274136720913189	-7.46941569608516	8.05516954093286e-14	1.20073788428563e-13	C2CD3
C2CD4A	24.1984082465041	-1.97058023803963	0.103179215608393	-19.098616193389	2.59267986492083e-81	8.18355782017181e-81	C2CD4A
C2CD4B	413.737746294209	-0.265397317715208	0.102012787744409	-2.601608323656	0.00927877566888915	0.0106959042530529	C2CD4B
C2CD4C	229.146844734466	1.89411892147638	0.0665366636907878	28.4672963206994	2.97691988263354e-178	1.93736568356061e-177	C2CD4C
C2CD4D	64.0263254061245	-3.45920872275259	0.110546611631846	-31.2918566357585	6.02237213668812e-215	4.94791058112838e-214	C2CD4D
C2CD5	1651.31383446078	0.0503166814037292	0.0226010360189666	2.22629977499721	0.0259941085471836	0.0293808833327798	C2CD5
C2orf15	40.264788894482	-1.53003381090935	0.0626146868418338	-24.4357017192189	7.14182697451585e-132	3.33922149008467e-131	C2orf15
C2orf16	73.6765393053883	-0.0355537511993618	0.045150887401804	-0.787443021506179	0.431022570719818	0.451541482600678	C2orf16
C2orf27A	100.865907479246	-0.668107877271559	0.0482073596031246	-13.8590431579716	1.1215938999174e-43	2.4552853937022e-43	C2orf27A
C2orf42	428.572521580742	-0.0995873286639641	0.0188170893949414	-5.29238749807587	1.20729739956756e-07	1.59423125657392e-07	C2orf42
C2orf49	1158.05240085015	-0.160507473190816	0.0156798147709533	-10.236566919665	1.35975960018446e-24	2.38474596287222e-24	C2orf49
C2orf66	19.500077635262	0.198224142920229	0.0873031454320729	2.27052693163798	0.0231756311512441	0.026259491178545	C2orf66
C2orf68	2529.08493234166	-0.47967458683154	0.0289113957120526	-16.5911944068329	8.06993948459208e-62	2.13188994220931e-61	C2orf68
C2orf69	838.562281268762	-0.49598846034355	0.0305577896011977	-16.2311628824131	3.03651790471108e-59	7.79637124557183e-59	C2orf69
C2orf72	129.501693579731	-2.98176134951718	0.11335481020953	-26.3046741819387	1.69556189730276e-152	9.1602069968028e-152	C2orf72
C2orf73	5.09202840604402	0.0879445467305196	0.102193421750558	0.860569547667972	0.389475163937617	0.409924716484888	C2orf73
C2orf76	210.505676715104	-0.101152190335597	0.0261793147402381	-3.86382116336009	0.000111626960241393	0.000137244512759055	C2orf76
C2orf81	83.3708935393946	0.406894980055756	0.0571026814621566	7.12567202864923	1.03574078794662e-12	1.5148171858813e-12	C2orf81
C2orf88	755.49165751601	0.819966267664216	0.0486424596584631	16.8570066855481	9.31906479259252e-64	2.50376843778295e-63	C2orf88
C3	18110.2472149982	0.122754328753688	0.069682939701402	1.76161237283762	0.0781348120207695	0.0862568840418172	C3
C3AR1	205.368650793974	0.132937477496265	0.066089351833427	2.01148102997474	0.0442746720718073	0.0494563060480672	C3AR1
C3orf14	232.176686725907	-0.679723970449605	0.0727192094897089	-9.34724091776325	8.99638582700573e-21	1.49505115649862e-20	C3orf14
C3orf18	1249.27185414029	1.66092037792345	0.0623731265015943	26.6287818341285	3.15211670988346e-156	1.75452235295647e-155	C3orf18
C3orf20	6.82439054857357	-1.15982267926638	0.0819671692340003	-14.149844262101	1.87171330929947e-45	4.18179363047037e-45	C3orf20
C3orf33	249.975797477794	0.735868526291526	0.041713245328424	17.6411238324364	1.1906917146223e-69	3.38764683972121e-69	C3orf33
C3orf35	237.044494510353	-2.23498386977088	0.0576936516299041	-38.7388179917604	0	0	C3orf35
C3orf36	11.7728714201027	1.87577134708192	0.104871421904437	17.8863918598453	1.5054644885955e-71	4.36390761017836e-71	C3orf36
C3orf38	497.583648007268	-0.109133515470256	0.0189689946564161	-5.75325774754977	8.75398601585858e-09	1.18383669349764e-08	C3orf38
C3orf49	6.79054906126166	-1.05757348721539	0.0704625848263848	-15.0090078276461	6.40993396643426e-51	1.51682951662657e-50	C3orf49
C3orf52	1671.44360465419	-2.11201125809533	0.119474154982553	-17.6775576140609	6.24432354976258e-70	1.78192879231573e-69	C3orf52
C3orf62	389.834628946196	0.222768316549704	0.0275988941587425	8.07163922106416	6.93605724271011e-16	1.07043866963327e-15	C3orf62
C3orf70	252.798223247791	0.358192522943304	0.0540111347140792	6.63182739706324	3.31556157785537e-11	4.71544789152046e-11	C3orf70
C3orf80	20.0841643610309	-0.288854315151894	0.0814131046738376	-3.54800761264566	0.000388157002424251	0.000469949838622474	C3orf80
C3orf84	0.466207253962537	-0.00563225437652012	0.175176314787925	-0.0321519172459973	0.974350900813343	0.976412100737125	C3orf84
C4A	287.355734930347	1.50884061930964	0.0866504090635251	17.4129659122957	6.57857182848616e-68	1.84054820460956e-67	C4A
C4B	245.961473423228	1.28735679554432	0.0978664989303518	13.1542132355269	1.60950104980039e-39	3.35486665093293e-39	C4B
C4BPA	26.4999121559633	-2.07993420590353	0.143696023848243	-14.4745425113512	1.75489462575983e-47	4.01141055978448e-47	C4BPA
C4BPB	18.1974165292437	-1.68798441769424	0.0929616714673632	-18.1578535653466	1.1129163206884e-73	3.27989631445841e-73	C4BPB
C4orf19	74.1036643798063	-1.58235206961979	0.076478741928717	-20.6900902095728	4.25416568779987e-95	1.5059830195887e-94	C4orf19
C4orf3	6379.57156955517	0.0791675312666764	0.0253358022875317	3.12472959680603	0.00177968574540892	0.0021075010264526	C4orf3
C4orf33	248.481208735033	0.250831129066623	0.0347490283901119	7.21836381295769	5.26167939774702e-13	7.7388259530063e-13	C4orf33
C4orf36	78.9162528074446	-1.0180897892556	0.0582219642374569	-17.4863524889567	1.82042225105615e-68	5.12422532310584e-68	C4orf36
C4orf45	3.23186986252045	0.16844456091124	0.085933093559178	1.96018267159485	0.0499744431173083	0.0556745853790486	C4orf45
C4orf46	224.155610156366	0.872547330454731	0.0275707220561726	31.6476053357254	8.18095528361729e-220	6.90738161634122e-219	C4orf46
C4orf47	21.5122233614	0.00135905748462952	0.0683425650672014	0.0198859595523399	0.984134345585837	0.985557850063458	C4orf47
C4orf48	40.2530463387717	0.430602360401191	0.0750762884698584	5.73553074049563	9.72074584387342e-09	1.31339147290825e-08	C4orf48
C4orf50	3.20815985620965	-0.165634249661976	0.10644847192902	-1.55600401452847	0.119707137748192	0.130699835422163	C4orf50
C5	303.903168961566	-0.696821357535016	0.0555470358099569	-12.5447082346401	4.24976710735619e-36	8.55131429683867e-36	C5
C5AR1	352.616834487045	0.645348084849251	0.0672812581250953	9.59179573677654	8.65650632553769e-22	1.45822356696616e-21	C5AR1
C5AR2	165.483373992054	-0.633808453647483	0.0728593468314582	-8.69906856444431	3.34619310345825e-18	5.34660234824711e-18	C5AR2
C5orf15	1798.57167289041	0.517100605321374	0.0181553388875308	28.4820133914726	1.95679920135578e-178	1.27624429071034e-177	C5orf15
C5orf22	1262.9780965023	-0.189375560441336	0.0377143617656736	-5.02131155282334	5.1319838548578e-07	6.69620479641167e-07	C5orf22
C5orf24	1953.56713187859	0.243655701517408	0.0206824869498294	11.7807738551199	4.90407522415767e-32	9.44253482833054e-32	C5orf24
C5orf34	71.9372063780449	-0.950978238855183	0.0483329627413804	-19.6755626991805	3.49278297559104e-86	1.14858579363563e-85	C5orf34
C5orf38	168.961027265179	-1.96233607446607	0.0987572887770237	-19.8702910819745	7.35750130568371e-88	2.45582015582445e-87	C5orf38
C5orf46	548.232257152036	-2.23993248446697	0.162589750445526	-13.7765909494856	3.52530343321003e-43	7.67246851665019e-43	C5orf46
C5orf51	1265.2757267672	0.021886526686813	0.0319276822231712	0.685503148453699	0.493026474553726	0.513746429432221	C5orf51
C5orf58	28.2895734551613	-0.296914633303651	0.0661352670816392	-4.48950531850323	7.13887650830938e-06	9.06638323875244e-06	C5orf58
C5orf60	1.61329861109657	-1.49614647702159	0.148721158635706	-10.0600781405046	8.29324964390189e-24	1.43904749219084e-23	C5orf60
C5orf63	245.028700572566	0.674192255514943	0.0390271227792199	17.2749669333533	7.26150302244906e-67	2.00851745401207e-66	C5orf63
C5orf64	12.3565273746655	2.01942063830194	0.104035802421749	19.4108238826807	6.25166000851196e-84	2.01749967395525e-83	C5orf64
C6	992.805134301975	3.96324852256215	0.0926937197397316	42.7563866644934	0	0	C6
C6orf118	0.670392103604168	0.44196243112021	0.242974190574985	1.81896863232399	0.0689162157896696	0.076234302244813	C6orf118
C6orf120	830.422740492937	-0.197413282992391	0.0275345055649933	-7.16966870991786	7.51794702498852e-13	1.10255228340739e-12	C6orf120
C6orf132	2435.11698952896	-3.89855152254655	0.118311588781331	-32.9515608969805	4.01814563053106e-238	3.74188512649713e-237	C6orf132
C6orf136	1612.32122962273	0.811430620611658	0.0419196306294647	19.3568170431663	1.78584619868655e-83	5.74772347980629e-83	C6orf136
C6orf141	296.808320067055	-3.16004436888243	0.0704518593512772	-44.8539527271559	0	0	C6orf141
C6orf163	57.9648224341034	0.605789952901756	0.0354060445309361	17.1097890466823	1.25453008792595e-65	3.42838866141718e-65	C6orf163
C6orf201	76.1345142229966	-0.189692048771693	0.044279886416842	-4.28393259607692	1.83618560921618e-05	2.30786043509988e-05	C6orf201
C6orf223	9.34706527478671	-0.629721127574904	0.0958370695891595	-6.57074689652378	5.00634963790121e-11	7.09936189001573e-11	C6orf223
C6orf226	278.261137610048	-0.440846982296183	0.0310016663420213	-14.2201060237409	6.87487018810591e-46	1.54365146882992e-45	C6orf226
C6orf47	1026.56550797657	0.0218791179871034	0.0247113502492585	0.885387393501898	0.375947729269337	0.396359088355238	C6orf47
C6orf52	17.1803227002985	-0.672494697983649	0.0520625997578102	-12.9170402767442	3.60753199117334e-38	7.41738245266833e-38	C6orf52
C6orf58	3.36165645044698	-0.0682950999724983	0.112106415597078	-0.609198854577226	0.54239263945708	0.562549544991179	C6orf58
C6orf62	4452.2559108798	-0.174228669529603	0.018314829566761	-9.51298339383979	1.8527133588734e-21	3.10498958877945e-21	C6orf62
C6orf89	6420.987109566	0.567635013797767	0.017943524889651	31.6345320826652	1.23774092605952e-219	1.04456513877156e-218	C6orf89
C7	7377.81456563582	3.24878897229047	0.0817332410904288	39.7486864456537	0	0	C7
C7orf25	457.763593323709	0.388225774965131	0.0286451045086517	13.5529536939855	7.61050199784974e-42	1.63188381731141e-41	C7orf25
C7orf26	1508.66310179853	-0.308919340269744	0.0198776516269916	-15.5410380494981	1.82995125263434e-54	4.48298210379298e-54	C7orf26
C7orf31	162.444154951267	-0.530124952177267	0.042787318094587	-12.3897681786308	2.96900417575645e-35	5.91860954239112e-35	C7orf31
C7orf50	2258.84998324009	0.936307623302255	0.0355759631410545	26.3185460247388	1.17644592788853e-152	6.36716871555064e-152	C7orf50
C7orf57	2.93428057816187	-0.228520594072167	0.101060399422493	-2.26122789320092	0.0237451487010955	0.0268760325558614	C7orf57
C7orf61	12.9353058654962	0.749218298017887	0.0570811010221068	13.125505370468	2.35208394447284e-39	4.89251942274736e-39	C7orf61
C8B	1.48786799882366	-0.184875454620368	0.211732794651253	-0.873154557492512	0.382578839998198	0.402972597940758	C8B
C8G	100.102086883308	-0.390119711410824	0.0877027695184388	-4.44820287378501	8.65917255446186e-06	1.09723894940777e-05	C8G
C8orf17	0.810439434940826	-0.713963921523762	0.17539784759256	-4.07053981176704	4.69043241660695e-05	5.83500165385914e-05	C8orf17
C8orf33	2335.00188622406	0.0405554618492419	0.0186540623174973	2.17408203955668	0.0296989745464507	0.0334780663041305	C8orf33
C8orf34	27.7749215146223	0.344253744245875	0.0857427617942985	4.0149598291662	5.94559204610623e-05	7.37758340263033e-05	C8orf34
C8orf44	227.513092651883	-0.169328775626198	0.0268980896437893	-6.2951970890355	3.07009527900771e-10	4.2860853976592e-10	C8orf44
C8orf48	29.5784394436482	1.24956693696111	0.068482202249255	18.2465939458701	2.20218588771753e-74	6.52750669599921e-74	C8orf48
C8orf58	737.621956861489	-0.146810715907051	0.0287404964635445	-5.10814822190949	3.25331407557847e-07	4.2612898693508e-07	C8orf58
C8orf74	4.70790634360075	-3.94942994255596	0.203735153712051	-19.3851177403478	1.03068866057981e-83	3.32082093772994e-83	C8orf74
C8orf76	678.955809945449	0.129919223652907	0.0227082661665268	5.72123044094026	1.05755342315704e-08	1.42756359681107e-08	C8orf76
C8orf82	1179.13748963593	0.675951868623426	0.0271449253576876	24.9015924603378	7.15044706415125e-137	3.4638104844399e-136	C8orf82
C9	5.32111189100203	-0.227761210876979	0.112031435344721	-2.03301162906784	0.0420513481292018	0.0470311474168227	C9
C9orf116	53.4333678893305	-0.128297543533737	0.0421821226483513	-3.04151463887395	0.00235391118931714	0.00277472040592613	C9orf116
C9orf129	2.165013628253	-0.52994478443443	0.115482251612461	-4.5889716994161	4.45434807186479e-06	5.68470185335967e-06	C9orf129
C9orf131	11.864238066004	-0.613109886935272	0.0691348615416481	-8.8683172753	7.42594952635447e-19	1.19833722477729e-18	C9orf131
C9orf135	6.93926575070777	-0.1948317431478	0.182691257832278	-1.0664535646619	0.286218658974575	0.304540848811995	C9orf135
C9orf152	222.208633260993	-5.81352630899656	0.138044245199764	-42.113499918695	0	0	C9orf152
C9orf153	4.66240873926728	0.678027243741191	0.0775087030686407	8.74775627635956	2.17636689283878e-18	3.48889308380006e-18	C9orf153
C9orf24	75.9581151969042	3.40695112496591	0.0440465346269328	77.3489027870694	0	0	C9orf24
C9orf40	255.831587032058	-0.0749357135077273	0.033037665246323	-2.26819035028716	0.0233176073529127	0.0264103850726598	C9orf40
C9orf43	23.9096427120296	-0.444674377028952	0.0515356341411952	-8.6284836587176	6.21706800022224e-18	9.8933381428572e-18	C9orf43
C9orf50	4.19507974108922	-0.479720805776946	0.0908914219934625	-5.27795467664099	1.30633763799131e-07	1.72337001256735e-07	C9orf50
C9orf64	470.726385676992	-0.054597786847474	0.0266285260752002	-2.05034956472196	0.0403303310948052	0.04515120903275	C9orf64
C9orf72	1521.66493933171	-0.461804679715045	0.033373647343184	-13.8374051528222	1.51580305746759e-43	3.31261027527912e-43	C9orf72
C9orf78	3052.63585834754	-0.423149799540506	0.0214903478187307	-19.6902257287662	2.61521629277923e-86	8.60630868122831e-86	C9orf78
C9orf85	401.520460740694	-0.351854936410893	0.0163058511010198	-21.5784465484838	2.86326994998364e-103	1.08577464439974e-102	C9orf85
CA1	24.8143782528226	0.976817519528696	0.109447402551722	8.92499499078636	4.45719380631709e-19	7.21787924680765e-19	CA1
CA11	516.716144627047	-0.660183291498682	0.0410570704432071	-16.0796492387807	3.5437972612001e-58	9.0050669817706e-58	CA11
CA12	5591.31397587486	-6.55629949194758	0.126599554754775	-51.7876978686633	0	0	CA12
CA13	361.641956483828	-0.77461712905951	0.0824376823129367	-9.39639625140155	5.64638873823747e-21	9.40681570356435e-21	CA13
CA14	249.168287717152	1.21582658891342	0.103182108821519	11.7833081994527	4.75879592672821e-32	9.16476789098475e-32	CA14
CA2	1300.02545552949	-0.682545268432712	0.0602810273110939	-11.3227212421295	1.01278426020128e-29	1.89414332133853e-29	CA2
CA3	61447.8568649228	-7.83558410731959	0.156509377079501	-50.0646303341901	0	0	CA3
CA4	1070.93089771235	1.14553100782223	0.0978361033897297	11.7086736708944	1.15065484034967e-31	2.20350401926961e-31	CA4
CA5B	399.983423999892	-0.912710099836966	0.0513234451021578	-17.7834924763964	9.48811410379148e-71	2.72662104058669e-70	CA5B
CA5BP1	179.56690996123	0.806488129812662	0.0312751713839812	25.7868492521111	1.24541918994916e-146	6.48129252335207e-146	CA5BP1
CA6	465.272386837651	-8.70379120858904	0.219563057165244	-39.6414192850237	0	0	CA6
CA8	335.46061814798	1.61084713545095	0.0649086819999805	24.8171290159833	5.85727083553187e-136	2.81916396551896e-135	CA8
CA9	86.7148874364843	-2.03509015580523	0.124041207781631	-16.406565142351	1.71645584797916e-60	4.46566291653027e-60	CA9
CAAP1	620.572338410771	-0.468861522607308	0.0179456176703112	-26.1267977074414	1.80899639687168e-150	9.64280252889758e-150	CAAP1
CAB39	8146.22438370303	-0.821376097412033	0.0468513420995453	-17.5315382783881	8.2312171449218e-69	2.32387295837104e-68	CAB39
CAB39L	1587.63029193565	-0.00641671015015404	0.0452064115443842	-0.141942479638182	0.887125440095834	0.893870346705405	CAB39L
CABIN1	3682.69176030156	0.301561504585001	0.0182728958652686	16.5032136563631	3.47875732968102e-61	9.12578121416323e-61	CABIN1
CABLES1	905.364014444544	-1.66742880178519	0.0703613467042634	-23.6980796969902	3.77387650785345e-124	1.67778589819387e-123	CABLES1
CABLES2	648.147218134405	0.799474711119189	0.0293405553814339	27.2481110437698	1.7497527810538e-163	1.0266394984273e-162	CABLES2
CABP1	221.753209959845	2.64822055292121	0.0667044648798163	39.7007990048733	0	0	CABP1
CABP4	94.5076862629157	-0.578002585010063	0.0491945843153816	-11.7493133249088	7.11950218200157e-32	1.367312053539e-31	CABP4
CABYR	50.4177293664457	-0.837666166142837	0.0578608139784748	-14.477262045682	1.68683667495871e-47	3.8563305798745e-47	CABYR
CACFD1	780.378367689888	0.63039313312106	0.0273001764162728	23.0911743392728	5.67894915929849e-118	2.42014118883835e-117	CACFD1
CACHD1	1302.86788576876	-1.28158465045633	0.0468810059370794	-27.3369699484775	1.54284364138429e-164	9.11477794176523e-164	CACHD1
CACNA1A	112.765448502901	0.39697232538648	0.0522975019622998	7.59065558566544	3.18290946163057e-14	4.77622150873723e-14	CACNA1A
CACNA1B	15.9594687305298	1.16988631539812	0.0729426479556638	16.0384404485727	6.88619849735585e-58	1.74491074255212e-57	CACNA1B
CACNA1C	2199.11670769027	3.81470890983051	0.0420358781923851	90.7488810480366	0	0	CACNA1C
CACNA1D	169.18960987859	-2.3987260391368	0.0986410454257038	-24.3177272583096	1.27309593762908e-130	5.91253869279182e-130	CACNA1D
CACNA1E	22.7812224684712	2.48014916272595	0.0715055702840922	34.6846987286767	1.34017072035667e-263	1.44026347087405e-262	CACNA1E
CACNA1F	56.2839490087972	-1.14988046169288	0.0777362996510914	-14.7920658283705	1.64816463664608e-49	3.8470710093706e-49	CACNA1F
CACNA1G	147.462929412498	-1.63064913468561	0.0891081585736363	-18.2996614539856	8.32646671676049e-75	2.4786625991137e-74	CACNA1G
CACNA1H	3101.16235062615	-0.356720839043144	0.0571490355400291	-6.24193979254969	4.32177316367974e-10	6.01114500999838e-10	CACNA1H
CACNA1I	40.3477156657303	-1.8924471722113	0.0740493283225512	-25.5565744495075	4.64036668074254e-144	2.36699463360857e-143	CACNA1I
CACNA1S	11092.4418787173	-10.183778308157	0.178478233519084	-57.0589371452294	0	0	CACNA1S
CACNA2D1	5438.9692173993	-0.866288721128396	0.0891859704390792	-9.71328468887533	2.64667616901293e-22	4.48994606713804e-22	CACNA2D1
CACNA2D2	296.776531661408	-0.122747272590889	0.0331819244826537	-3.69922102182642	0.000216262210633951	0.000263749055123425	CACNA2D2
CACNA2D3	843.669849957408	0.812340113913968	0.0907357210583704	8.95281488303144	3.46530691709826e-19	5.62581076972275e-19	CACNA2D3
CACNA2D4	147.587187196464	-0.104216678905825	0.0488419207458973	-2.13375471959871	0.0328628642346668	0.0369519906982471	CACNA2D4
CACNB1	6658.85865858506	-4.24411666115641	0.0855576493435366	-49.6053443931723	0	0	CACNB1
CACNB2	715.692342879415	2.83017636778098	0.0533498453290508	53.0493828112347	0	0	CACNB2
CACNB3	732.367925342003	-0.0797319882574011	0.0528332793246827	-1.50912434882973	0.131267008251795	0.142983021635033	CACNB3
CACNB4	170.905671938399	-1.70398993824178	0.0719435535199395	-23.6850955349254	5.13594702357195e-124	2.2816431977127e-123	CACNB4
CACNG1	4320.92764639025	-10.5710518263327	0.2007305165668	-52.6629035142986	0	0	CACNG1
CACNG4	119.540153255969	-3.68299464322517	0.128155287093722	-28.7385306275483	1.25997673774602e-181	8.38788507994309e-181	CACNG4
CACNG5	0.935195979540586	-0.504193884825851	0.157245729566281	-3.20640748856284	0.00134403513502849	0.0015996017497949	CACNG5
CACNG6	1605.69726328252	-9.63597605929623	0.19095759625677	-50.4613393139872	0	0	CACNG6
CACNG8	53.4370822812837	-1.18926097880777	0.0701888089203607	-16.9437407059743	2.14068989314308e-64	5.77729516738659e-64	CACNG8
CACTIN	1162.01422276377	-0.340053016500969	0.0161150718243981	-21.1015514051964	7.69689582046498e-99	2.82010628260106e-98	CACTIN
CACTIN-AS1	18.5688968440058	0.458132699079999	0.044965347932881	10.1885723149267	2.23015179219358e-24	3.90021980095955e-24	CACTIN-AS1
CACUL1	3186.55604345169	-0.504328917705558	0.0215226072597186	-23.4325196580366	1.99287506253065e-121	8.69034496138909e-121	CACUL1
CACYBP	2315.9798543492	0.121480393891445	0.0349016795428433	3.4806460744195	0.000500205984018074	0.00060394445759671	CACYBP
CACYBPP1	0.937919415569564	-0.534056620661936	0.14533494876026	-3.67466067327617	0.000238165729610069	0.000290088727160894	CACYBPP1
CACYBPP2	10.2711733363563	0.20712127878281	0.0579266289345191	3.57557970474929	0.000349452685898167	0.000423602545377301	CACYBPP2
CAD	1875.64655058229	-0.603515991431474	0.0292683329787693	-20.6201013180099	1.81178688448486e-94	6.39113770480345e-94	CAD
CADM1	986.537746479146	1.18139564544579	0.0455178306547566	25.9545683186537	1.61472952421347e-148	8.51897601564087e-148	CADM1
CADM2	244.860653235972	-1.40929114528939	0.0729735926785407	-19.3123442818216	4.22932572996552e-83	1.35562842708528e-82	CADM2
CADM3	460.104733722159	-0.684841255947916	0.0713217476820381	-9.6021378920919	7.83031287965395e-22	1.32003616919508e-21	CADM3
CADM4	850.023556105051	-0.571095451622922	0.0523158220237304	-10.9163046575828	9.63360535654767e-28	1.75823309361467e-27	CADM4
CADPS	185.384774510028	3.20145591102211	0.0938393606808301	34.1163440137984	4.22200036781555e-255	4.3206497226292e-254	CADPS
CADPS2	787.115086671888	0.797707444529707	0.0518950340465894	15.3715564347362	2.53993333592705e-53	6.14368986563058e-53	CADPS2
CALB1	10.5360553835653	-0.0676934245335085	0.0708324545392334	-0.955683732462128	0.339232043640149	0.358826890208386	CALB1
CALB2	620.574678143109	-4.11846921510417	0.127004395329552	-32.4277691682838	1.11483852505078e-230	9.92984081614999e-230	CALB2
CALCA	11.2243081339672	1.13116579418825	0.172151008570185	6.57077645715374	5.00535574090861e-11	7.09851167510406e-11	CALCA
CALCOCO1	17601.3029538718	-0.615450473759161	0.0258537145424026	-23.8051082659617	2.95677269413324e-125	1.32565044251787e-124	CALCOCO1
CALCOCO2	10195.2525356093	0.429877709885266	0.0286853118601995	14.9859869741111	9.06685798094285e-51	2.14274006190038e-50	CALCOCO2
CALCR	15.3802486492633	-3.57910131052174	0.131308010114358	-27.2572960888269	1.36181867697485e-163	7.99807438963271e-163	CALCR
CALCRL	1432.81582666231	0.578801275493649	0.0622482378465635	9.29827567039478	1.42741739055346e-20	2.36427497675312e-20	CALCRL
CALD1	14073.3023679217	0.462267179133142	0.0432712699775941	10.6830046673579	1.22249579058856e-26	2.20039463317515e-26	CALD1
CALHM1	2.60384809690177	0.125496434075132	0.0946284098937053	1.3262025032028	0.184772630383402	0.199429914829813	CALHM1
CALHM2	1446.85234797474	0.232787925314207	0.0481389594936292	4.83574900170028	1.32645212773262e-06	1.71385764795542e-06	CALHM2
CALM1	30888.3882053154	-0.159386798204849	0.0592119142509995	-2.6918028275392	0.00710669468119771	0.00822844349110697	CALM1
CALM2	14190.6547609764	0.473511661113045	0.024947119725601	18.9806144485338	2.46694059569054e-80	7.7096176498308e-80	CALM2
CALM2P2	55.85052555068	-0.831489422756609	0.0483689973899715	-17.1905449280411	3.12580559413606e-66	8.59572662695434e-66	CALM2P2
CALM2P3	2.40282488639695	0.355695013907588	0.0766387235816597	4.64119177987862	3.46405432714005e-06	4.43597082897119e-06	CALM2P3
CALM3	9490.13819754835	0.66974931355572	0.0410440498116817	16.3178174821604	7.37246403210514e-60	1.90650373569781e-59	CALM3
CALML4	180.212883351507	-0.83988222784494	0.0324666757484583	-25.8690552230258	1.48538205329771e-147	7.78182838807105e-147	CALML4
CALML5	24975.7996313609	-9.9233682451611	0.171767900277717	-57.7719598895769	0	0	CALML5
CALML6	405.179807732197	-5.66422265216927	0.114637327134337	-49.4099329926951	0	0	CALML6
CALN1	121.446780679022	-5.06803653827782	0.124856783309757	-40.5907985447979	0	0	CALN1
CALR	10355.7926022953	0.736526596467687	0.0297615407786509	24.7475963003913	3.29063423004574e-135	1.5753911376344e-134	CALR
CALU	8209.26733082662	1.62306342505085	0.0343534442530661	47.2460174035093	0	0	CALU
CALY	9.9184736577892	-0.255888972979547	0.0823149445575249	-3.10865753910242	0.00187939420550666	0.00222338164388311	CALY
CAMK1	729.99522454329	0.382181863158303	0.0617548933661473	6.18868954873471	6.0666428121633e-10	8.41272916275723e-10	CAMK1
CAMK1D	1802.23812464438	-1.55147962602525	0.0758516176220844	-20.4541402631014	5.51865363447901e-93	1.92261049108296e-92	CAMK1D
CAMK1G	21.9977621362586	-1.608384121176	0.106235464085671	-15.1398041606799	8.84767760723846e-52	2.11425786018717e-51	CAMK1G
CAMK2A	3308.71526291591	-1.84973840299685	0.134272265263899	-13.7760273825825	3.55292381030143e-43	7.73164670082642e-43	CAMK2A
CAMK2B	5978.15041583839	0.765250140287047	0.120896445009412	6.32979853317828	2.45481508295655e-10	3.43403219679056e-10	CAMK2B
CAMK2D	7196.81793834585	0.882618470207785	0.0518129551787201	17.0347062267215	4.54015814528193e-65	1.23287655412913e-64	CAMK2D
CAMK2G	4457.0349387216	-1.57231007361252	0.0498063822033071	-31.5684457303972	1.00121773532798e-218	8.39837858976657e-218	CAMK2G
CAMK2N1	1086.45669707571	0.89596434931054	0.0472387551516428	18.9667222693395	3.21328098310342e-80	1.00281329710202e-79	CAMK2N1
CAMK4	35.6073838556544	-0.0430546932740227	0.0651846605717699	-0.660503451216386	0.508930804481681	0.529522190132058	CAMK4
CAMKK1	1023.43041940221	-0.920974554067186	0.0572626611488887	-16.0833348571167	3.33909942753937e-58	8.48850851505948e-58	CAMKK1
CAMKK2	2527.50857738166	0.104907276032479	0.0304328312816929	3.44717437104141	0.000566482834212811	0.000682547356001661	CAMKK2
CAMKMT	261.737646512683	-0.245114371063889	0.024046352318473	-10.193411783108	2.1218418867465e-24	3.7122437363518e-24	CAMKMT
CAMKV	9.84478979401869	-0.411243620489791	0.102366392917746	-4.01736945855107	5.88514174834501e-05	7.30307711374318e-05	CAMKV
CAMLG	2382.74535903058	-1.03434389593332	0.0269573507387202	-38.3696419562341	0	0	CAMLG
CAMP	10.3495153030259	1.76416075786592	0.100940058462331	17.4773106409906	2.13325808147704e-68	6.00012167572941e-68	CAMP
CAMSAP1	4315.8502581364	-1.25900394859595	0.0479556882463385	-26.25348513671	6.52184614360883e-152	3.50970859285807e-151	CAMSAP1
CAMSAP2	2659.05738190703	-0.357473111025391	0.0258917357803153	-13.8064560081432	2.33016384053118e-43	5.07873583889113e-43	CAMSAP2
CAMSAP3	3448.02422774393	-5.62875790122202	0.137218507992998	-41.0203986586798	0	0	CAMSAP3
CAMTA1	1638.62892516215	0.75420723203766	0.0290855182051433	25.9306788594295	3.00368796383687e-148	1.58143863811136e-147	CAMTA1
CAMTA2	4696.92089299205	-0.511344348704704	0.0279918502424194	-18.2676151907173	1.49858119936273e-74	4.44634253662906e-74	CAMTA2
CAND1	3839.47385913725	-0.649486455361084	0.0263048242803109	-24.6907733897019	1.34366712434341e-134	6.40385276815086e-134	CAND1
CAND2	7316.45066861262	-1.09297767512615	0.11580983810216	-9.43769279913846	3.81077732960366e-21	6.36284228830308e-21	CAND2
CANT1	1751.59405599068	0.278869023965864	0.0183738850172087	15.1774664805336	4.98673934151532e-52	1.19433601498959e-51	CANT1
CANX	16667.4589159715	0.356339379362617	0.022625813532726	15.7492405233168	6.95111028097345e-56	1.72755676056611e-55	CANX
CAP1	7872.13785883482	-0.363803076754035	0.0367002048082519	-9.91283505513941	3.66107245551777e-23	6.29626113229916e-23	CAP1
CAP1P2	3.49497164536981	-0.299646840857414	0.067465803197133	-4.44146258782179	8.93494831125052e-06	1.1319445742193e-05	CAP1P2
CAP2	14636.2663031511	-1.64890872099622	0.120892544956148	-13.6394574338256	2.33289780133925e-42	5.03833153232248e-42	CAP2
CAP2P1	7.36342929731663	-1.22124083490641	0.101244160116805	-12.0623336051923	1.66983439506924e-33	3.26866995929116e-33	CAP2P1
CAPG	2493.6499176752	-3.46074525954122	0.0736075772504545	-47.0161549777112	0	0	CAPG
CAPN1	8856.01588286509	-0.579068055893048	0.0286386225985446	-20.2198291450817	6.55096168704211e-91	2.24062058385797e-90	CAPN1
CAPN10	1177.65180094335	1.00509274901092	0.0268610697033929	37.418195183938	1.97725921423861e-306	2.63649208263031e-305	CAPN10
CAPN11	123.978906918909	-1.24933717284472	0.089350827107927	-13.9823794953307	1.99697900059117e-44	4.40696567238466e-44	CAPN11
CAPN12	80.0282507846161	-0.0340480662779358	0.0852764598027275	-0.399266882756393	0.689696566291355	0.705090180021052	CAPN12
CAPN13	62.2090617766495	-4.97851657101727	0.165089376061941	-30.1564927421457	8.81718926754998e-200	6.62429983327075e-199	CAPN13
CAPN14	41.8555731997475	-0.620110014836056	0.0965203488141614	-6.42465575865257	1.32168268410583e-10	1.85842915142861e-10	CAPN14
CAPN15	3013.58316148911	-0.289669702283556	0.0326629802784771	-8.86844065709552	7.41772779333141e-19	1.19711778741042e-18	CAPN15
CAPN2	12416.3808425486	-0.0760575340707166	0.0304557721551857	-2.49731097550801	0.012513916168665	0.0143370038793368	CAPN2
CAPN3	20599.3587254574	-3.79030272084157	0.0892099411394165	-42.4874478385556	0	0	CAPN3
CAPN5	546.489719533471	0.373986832076877	0.0544396491360446	6.86975096298442	6.4314079976249e-12	9.2743551522267e-12	CAPN5
CAPN6	281.624649980266	-2.61073629389741	0.102770094974944	-25.4036574991385	2.29779031074565e-142	1.15634675380857e-141	CAPN6
CAPN7	2654.41021287668	-0.855056987077309	0.0316561625559443	-27.0107592973789	1.10479892772408e-160	6.33763081515653e-160	CAPN7
CAPN8	235.471851114305	-4.95240418800248	0.0997933673456102	-49.6265866132268	0	0	CAPN8
CAPN9	17.4533971845813	0.0651766097354563	0.0678490334844159	0.960612206074043	0.336747189089689	0.356324133012197	CAPN9
CAPNS1	15499.1237471621	0.810189468176047	0.0303357076039786	26.7074524435945	3.85634757579466e-157	2.16121147919924e-156	CAPNS1
CAPNS2	862.350309291661	-7.63123613411365	0.169182228431379	-45.1066060830904	0	0	CAPNS2
CAPRIN1	7006.83551917271	-0.243201846349306	0.0133122163039191	-18.2690726169848	1.45909257925996e-74	4.3306060213122e-74	CAPRIN1
CAPRIN2	2036.44326518984	0.392118228723801	0.025814784682471	15.1896765185906	4.13957423285864e-52	9.91965864825458e-52	CAPRIN2
CAPS	639.493508072193	-0.190133141216442	0.0497045057367985	-3.82526972953436	0.000130628984818774	0.000160289867465764	CAPS
CAPS2	275.015522998951	0.903411928633458	0.0369439024538417	24.4536139559754	4.60609206455731e-132	2.15810159432837e-131	CAPS2
CAPSL	0.809240343007601	-1.00212203244942	0.220499548878438	-4.54478042039848	5.49925512261507e-06	7.00432261106587e-06	CAPSL
CAPZA1	4023.57037478909	-0.654066548081335	0.032697352456477	-20.0036546980968	5.11809668941728e-89	1.72336061552938e-88	CAPZA1
CAPZA2	6169.38589064593	0.263053423340324	0.0477767991773502	5.50588209904674	3.67324312394473e-08	4.90446888251958e-08	CAPZA2
CAPZA3	16.4255737866466	-4.14745990517848	0.167817148341619	-24.71416029985	7.53327286222241e-135	3.5969879255402e-134	CAPZA3
CAPZB	13172.1102115058	-0.0691860165360335	0.020461075534497	-3.3813479853191	0.00072131131459731	0.000865794823902525	CAPZB
CARD10	1638.62938659788	0.723436158572068	0.044206214967798	16.3650328149346	3.39844541592937e-60	8.81363145543072e-60	CARD10
CARD11	58.8324879084538	-0.269688663275623	0.0664348541320981	-4.0594454040552	4.91894069703692e-05	6.11504499222111e-05	CARD11
CARD14	680.639348653015	-4.42827378106955	0.103393083902397	-42.8294970411157	0	0	CARD14
CARD16	135.643206412722	1.04048466398635	0.0539606987600239	19.2822681673126	7.56839387688401e-83	2.42072953407585e-82	CARD16
CARD17	4.24657910085915	-2.95003824290769	0.193888626230174	-15.2151175665434	2.80714714518283e-52	6.73573123972756e-52	CARD17
CARD18	132.519355403176	-4.21427140398947	0.209139413794548	-20.1505365608868	2.6621297233855e-90	9.06564456123012e-90	CARD18
CARD6	525.095936675646	0.49651025412928	0.0457536645776148	10.8518139194516	1.95506349857723e-27	3.55342266133772e-27	CARD6
CARD8	2250.23362461402	0.539664366796478	0.0374445462026304	14.4123623204323	4.32654892121968e-47	9.84604388506642e-47	CARD8
CARD9	99.1399804960358	-0.392682327179291	0.0622119016839283	-6.31201291955901	2.75429227080889e-10	3.84758770501559e-10	CARD9
CARF	795.771045943753	-0.464015910500392	0.0275688912419006	-16.8311415366301	1.44293119586571e-63	3.87154634919937e-63	CARF
CARHSP1	1362.50318541685	0.498203216094208	0.0444802843852668	11.2005402613664	4.05254476496939e-29	7.53147411875016e-29	CARHSP1
CARM1	4210.52531878814	-1.12087895495951	0.0524972596831185	-21.3511897901968	3.80136858091933e-101	1.4176183100296e-100	CARM1
CARNS1	2111.21007370788	-0.792216231659783	0.108018432761614	-7.33408374298604	2.23243479854039e-13	3.30205906397087e-13	CARNS1
CARS2	2453.28087111202	0.242823992222311	0.0237773812860217	10.212394262486	1.74504749178818e-24	3.05659238101381e-24	CARS2
CASC15	204.009105254202	-0.168239059554346	0.0666408671131161	-2.52456288224427	0.0115842278128794	0.0132930251073909	CASC15
CASC3	7418.11847342264	-0.628620701110804	0.0138811675640008	-45.2858664959177	0	0	CASC3
CASD1	1218.24686992613	0.196237384152472	0.0345221228420403	5.68439504865842	1.31276509104227e-08	1.76799973094807e-08	CASD1
CASK	1050.12548696022	-0.58124280911975	0.024983993969794	-23.2646073250931	1.01215868936795e-119	4.36404037540417e-119	CASK
CASKIN1	118.212380880659	0.529108752530745	0.0752205385252568	7.03409950133614	2.00551974153645e-12	2.91869681198137e-12	CASKIN1
CASKIN2	3552.46028582898	0.652160874617105	0.0343222892965057	19.0010890294401	1.67042284684389e-80	5.23399158677752e-80	CASKIN2
CASP1	693.187568528012	0.0834642346113443	0.0615060681888863	1.35700813056403	0.17477862710937	0.188903636541325	CASP1
CASP10	875.415952962102	0.818958136210513	0.0424711716772121	19.2826829086499	7.50794836371315e-83	2.40182296952551e-82	CASP10
CASP12	44.4420268013287	-0.609559935242576	0.0677975514079928	-8.99088422197374	2.45249295263299e-19	3.99125988973388e-19	CASP12
CASP14	13494.2419164621	-9.87536524073747	0.178925691417517	-55.192550396207	0	0	CASP14
CASP1P2	27.2938213388804	-5.41656058083607	0.189554896240221	-28.5751552097695	1.36811525638811e-179	9.00784298838415e-179	CASP1P2
CASP2	1543.49159144518	-0.223471096708252	0.0433173847688944	-5.15892401862459	2.48373073248015e-07	3.26085893920029e-07	CASP2
CASP3	1024.37947885823	0.200959264981253	0.025618027416902	7.84444726016126	4.3486460714374e-15	6.6126016161467e-15	CASP3
CASP4	1474.81974082213	-0.507730172017175	0.054315848566567	-9.34773524517296	8.95444865664533e-21	1.48821928047523e-20	CASP4
CASP5	3.36571386696322	1.18036614618365	0.0970852780928924	12.1580343525849	5.1994748042843e-34	1.02368747623233e-33	CASP5
CASP6	324.411907236443	-0.414582962076524	0.0341221757488101	-12.1499568236349	5.73958990874918e-34	1.12928580115197e-33	CASP6
CASP7	1197.00436519276	-0.376958457529535	0.0265918650123983	-14.1757058917748	1.29534039739435e-45	2.89909517512069e-45	CASP7
CASP8	563.298307122698	-0.720993415169749	0.0527477260093392	-13.6687108566935	1.56136808095969e-42	3.37692981200954e-42	CASP8
CASP8AP2	988.918832735512	-0.253723775286401	0.0246219252155936	-10.3047902657795	6.70377466362804e-25	1.17984598865828e-24	CASP8AP2
CASP9	810.060889774351	0.807459142848871	0.0363782032801517	22.1962348340999	3.73452695825663e-109	1.48531197029557e-108	CASP9
CASQ1	33868.6154270455	-4.16133367461697	0.158813977338582	-26.2025656957464	2.48438363788201e-151	1.33377243857781e-150	CASQ1
CASQ2	16439.2584009045	3.06534256639313	0.104637199279405	29.2949599903567	1.20236248997605e-188	8.36957740992226e-188	CASQ2
CASS4	41.3485897561847	0.252189151751821	0.0488987665671863	5.1573724544834	2.50439330136863e-07	3.28750702384137e-07	CASS4
CAST	18843.720676181	0.0856551718640222	0.0402564112447927	2.12773988578284	0.0333586559697172	0.0375001040473914	CAST
CASZ1	4278.30763956387	-1.14171242879291	0.0539878647155026	-21.1475751969325	2.90494824827696e-99	1.06761889377774e-98	CASZ1
CAT	7404.74258255387	-0.776679055379313	0.0334157447774132	-23.2429072149335	1.67803627852906e-119	7.2194863885759e-119	CAT
CATSPER1	11.6520539215716	-0.373555502432544	0.0661797683759729	-5.64455741685802	1.65606708290528e-08	2.22768372137034e-08	CATSPER1
CATSPER2	156.958637627587	-0.367036322905783	0.0355355868381639	-10.3286973865758	5.22655010769015e-25	9.21931685335918e-25	CATSPER2
CATSPER2P1	45.679508594551	0.119983294017899	0.0332384309430981	3.60977611197416	0.000306461405411201	0.000372215893583903	CATSPER2P1
CATSPER3	42.5926716897597	-0.547532565486266	0.0592973513379817	-9.23367659991173	2.61498464816302e-20	4.31420938975185e-20	CATSPER3
CATSPERB	45.817690589442	-0.441513744972434	0.0841032753341153	-5.24966171910002	1.52378775077243e-07	2.00803098840809e-07	CATSPERB
CATSPERG	116.15148366644	-1.12491043895014	0.0580629710257712	-19.3739731032855	1.27989396061371e-83	4.12300844398842e-83	CATSPERG
CAV1	13395.1842278372	0.752770943457363	0.0503594437164942	14.9479598641954	1.60594116094052e-50	3.78483200289215e-50	CAV1
CAV2	4531.90402975379	1.35058649318839	0.052807376848557	25.5757163826118	2.84243618349327e-144	1.45236144590015e-143	CAV2
CAV3	1674.41775273065	-0.471819522172287	0.149183226720978	-3.16268479066179	0.00156321489061262	0.00185579576903765	CAV3
CBFA2T2	2127.25222041723	-0.257277648812485	0.0220633227751078	-11.660874993079	2.01956232542087e-31	3.86048013379006e-31	CBFA2T2
CBFA2T3	1064.49628268587	1.40879638726176	0.0404732665938017	34.8080722369345	1.8360910578618e-265	1.99345447120448e-264	CBFA2T3
CBFB	2392.30172559261	-0.447558718070815	0.0335996549491544	-13.3203367340556	1.76310484833826e-40	3.71765847193827e-40	CBFB
CBL	1585.02456755066	-0.076800027228401	0.0289115092813024	-2.65638249740456	0.00789839709774746	0.00913042937044388	CBL
CBLB	2794.52096780503	0.846600439062556	0.0398492728163164	21.2450662014568	3.6618587845707e-100	1.35604032053193e-99	CBLB
CBLC	734.876170973899	-8.58959544270525	0.161817920120004	-53.0818554356354	0	0	CBLC
CBLL1	1597.39564726371	-0.645079746720823	0.0307760377320965	-20.9604547647167	1.50641071414303e-97	5.45721458347527e-97	CBLL1
CBLN1	152.99491687123	1.49950258020844	0.0821153266503875	18.2609342418217	1.69368243102444e-74	5.02190371287612e-74	CBLN1
CBLN2	7.71416387769328	-1.88778665428038	0.174956976648775	-10.7900050083176	3.83768632484362e-27	6.94991866534306e-27	CBLN2
CBLN3	193.472531669556	0.117550350851953	0.0543256133406726	2.16381083660855	0.0304788701219195	0.0343399975630389	CBLN3
CBLN4	39.9695809196172	-3.57101624275212	0.1535078290417	-23.262762981177	1.05661520069889e-119	4.55353847923884e-119	CBLN4
CBR1	1681.71467311717	-1.00414951368075	0.0507827714797985	-19.7734287519184	5.04293831315462e-87	1.66963274922009e-86	CBR1
CBR3	119.336886288348	-0.737413266862839	0.0635761708180336	-11.5988940097297	4.17438032649481e-31	7.94575660962599e-31	CBR3
CBR4	1334.6948868293	0.168054285811036	0.0212765046926883	7.89858523466913	2.82086851641558e-15	4.3036235413168e-15	CBR4
CBS	30.8271413916965	1.03337534986887	0.074701977525199	13.8333064813483	1.60471340447951e-43	3.5056366497616e-43	CBS
CBWD1	643.81923122878	-0.188003660433591	0.0276407931135002	-6.80167387605703	1.03410487314088e-11	1.48491718422216e-11	CBWD1
CBWD2	716.450849448796	0.137157835467407	0.0322366208758836	4.25472123754805	2.09309616003089e-05	2.62764655671358e-05	CBWD2
CBWD3	98.4542635945415	-1.50689811313492	0.0577753711295794	-26.0820152890967	5.8328234561146e-150	3.1027380329054e-149	CBWD3
CBWD5	265.367310059672	-0.586611898006409	0.0381044832377535	-15.3948262294029	1.77300168403006e-53	4.29668865296515e-53	CBWD5
CBWD6	164.193455866342	-1.15058715119106	0.052117892873764	-22.0766245093202	5.30241891312401e-108	2.0908837427195e-107	CBWD6
CBX1	2600.33719631822	-0.212794780098317	0.0252913621477363	-8.41373346580952	3.97162613038634e-17	6.24395126402485e-17	CBX1
CBX1P1	1.64618352750779	-0.606765761602896	0.105682207341168	-5.74141832261419	9.38868406467439e-09	1.26909740818656e-08	CBX1P1
CBX1P2	0.752420557979923	-0.512440962385655	0.136034505426324	-3.76699250517136	0.000165225959099651	0.000202204941855519	CBX1P2
CBX2	237.485543460127	0.912564332452385	0.0630100618645746	14.4828350496422	1.55546778852268e-47	3.55735937761361e-47	CBX2
CBX3	4605.28441675869	-0.301397324593504	0.0211637066997509	-14.2412351895356	5.08207739662333e-46	1.14353094020771e-45	CBX3
CBX3P5	0.731736700062341	-0.39643955214971	0.16128819393824	-2.45795766242824	0.0139729645725276	0.0159801356588355	CBX3P5
CBX3P9	4.17303122227153	-0.102405565555613	0.0754879309231975	-1.35658196354331	0.174914075893328	0.18903868156555	CBX3P9
CBX4	1229.27242668364	0.268615085463651	0.0644400954051763	4.16844642725458	3.06682821599991e-05	3.83241754364557e-05	CBX4
CBX5	3627.80920686923	0.238844126618097	0.0204751451224618	11.6650761295986	1.92231072475986e-31	3.67575051587022e-31	CBX5
CBX5P1	1.75383211181613	-0.694371837826753	0.121367753730955	-5.72122179476121	1.05760725110119e-08	1.42756359681107e-08	CBX5P1
CBX6	2461.87976472121	0.91497670055197	0.0271067450385774	33.7545765546474	9.15931079326303e-250	9.09413974569927e-249	CBX6
CBX7	5107.79236972893	0.438228576258605	0.0329230460183733	13.3106935492556	2.006108157744e-40	4.22658625322445e-40	CBX7
CBX8	183.560266095189	0.936522996908288	0.0442733292399375	21.1532092342286	2.57793392775054e-99	9.48403609921062e-99	CBX8
CBY1	808.533437960746	1.07575379942461	0.0173559131697818	61.9819763386226	0	0	CBY1
CC2D1A	3364.66265792712	-0.628489520568058	0.0224870004113492	-27.9490153898365	6.77646746737043e-172	4.22965294313922e-171	CC2D1A
CC2D1B	2493.50700454956	-0.44434593336384	0.0272905873626872	-16.2820216164115	1.32421054989583e-59	3.41603813537902e-59	CC2D1B
CC2D2A	456.484608731254	0.359115868824291	0.046909914258678	7.65543647860872	1.92656760159222e-14	2.89919272665621e-14	CC2D2A
CC2D2B	49.6831308444815	0.531425848516905	0.0538160702169342	9.87485422801611	5.35107065343365e-23	9.17552132143829e-23	CC2D2B
CCAR1	3894.15615606246	-0.538462941714663	0.0155100773310023	-34.7169733730701	4.36883513526339e-264	4.70355270752849e-263	CCAR1
CCAR2	4193.40896998902	-0.381025990544246	0.0170513295945957	-22.345822853897	1.32582807934205e-110	5.34159159718805e-110	CCAR2
CCBE1	342.245531228492	-0.742595295533113	0.0837538046705614	-8.86640670777942	7.55441795798919e-19	1.218959104175e-18	CCBE1
CCDC102A	416.975418645994	0.611997420672526	0.0472838686044387	12.943048839601	2.57215454690837e-38	5.29581997013583e-38	CCDC102A
CCDC102B	174.743774942955	0.687427655631645	0.0513169841505698	13.3957142456902	6.40568202157419e-41	1.35817057797829e-40	CCDC102B
CCDC106	810.203676227697	0.551000355656541	0.0336499562204313	16.3744746663887	2.91009216808833e-60	7.55474028234179e-60	CCDC106
CCDC107	472.482182325949	0.488037130575308	0.0382259958839542	12.7671528050409	2.50137963028403e-37	5.09531908167283e-37	CCDC107
CCDC110	65.0329554808866	-1.02075163497731	0.0687403458065812	-14.8493817277186	7.0213215800967e-50	1.64421503529752e-49	CCDC110
CCDC112	262.548130055625	0.23099840695428	0.0290721332985037	7.94569853482917	1.93099513970363e-15	2.95325773235387e-15	CCDC112
CCDC113	352.940710488314	-0.6755085502394	0.0341434409613731	-19.7844309542091	4.05448498827727e-87	1.34459808905636e-86	CCDC113
CCDC115	1495.51242617162	-0.580781001664416	0.038049324698241	-15.2638977503657	1.33057185537556e-52	3.20123282125307e-52	CCDC115
CCDC116	37.0954176308607	0.344231519345857	0.0445446864327275	7.72777960544685	1.09438599914954e-14	1.65379804992367e-14	CCDC116
CCDC117	1383.42605870908	-0.370086190602704	0.0332799404882671	-11.1203982090407	9.98254345632527e-29	1.84739143371349e-28	CCDC117
CCDC12	1691.95832689206	-0.0915163312897519	0.0229345968325556	-3.99031785724895	6.59848059066068e-05	8.17813612727093e-05	CCDC12
CCDC120	1562.27060985303	-2.72446994282651	0.0912930539708075	-29.8431241406132	1.07809801363258e-195	7.87615354845784e-195	CCDC120
CCDC121	172.322114785321	0.567027288814763	0.031164417221553	18.1947021432704	5.68473088695477e-74	1.6781049638582e-73	CCDC121
CCDC122	142.143608060181	0.429150510632681	0.043310124300281	9.90878039640945	3.81271772195571e-23	6.55580587572115e-23	CCDC122
CCDC124	3884.08075466497	-0.0198447299691157	0.0356282087542946	-0.556994883070667	0.577530925262442	0.596621761012868	CCDC124
CCDC125	406.913186125015	-0.505094196969054	0.0307843013025489	-16.4075251214889	1.68953460118329e-60	4.396257929445e-60	CCDC125
CCDC126	395.798265428024	-0.434921015003624	0.0279375041575863	-15.5676402784722	1.20781484501888e-54	2.9625119260369e-54	CCDC126
CCDC127	1670.72401081334	0.0286346093990734	0.0395674513045741	0.723691025197856	0.469255444241346	0.489827036925977	CCDC127
CCDC13	65.3278330102757	-0.318461100712557	0.0560122758418665	-5.68555903016036	1.30385436568594e-08	1.75626178065793e-08	CCDC13
CCDC134	554.436682482199	-0.604646362228751	0.0343169103696676	-17.6194871774702	1.74580316813365e-69	4.95994362840495e-69	CCDC134
CCDC136	296.100941322222	0.606413023051809	0.061121923679165	9.92136677888167	3.36121502142198e-23	5.78222779057885e-23	CCDC136
CCDC137	1191.21216175827	-0.747168740117661	0.0396404533783319	-18.848642647616	3.01478961779485e-79	9.32621204844905e-79	CCDC137
CCDC138	69.3546169967154	-1.25473374595578	0.0401990698980888	-31.2130044087273	7.09746596721003e-214	5.78629913386539e-213	CCDC138
CCDC14	2602.10013182827	-0.618559479496276	0.0357083774962746	-17.3225310940215	3.18055229964405e-67	8.82582425557153e-67	CCDC14
CCDC141	944.658273258842	3.57829491790267	0.102552541502968	34.8923085226426	9.72544206375027e-267	1.06230389920855e-265	CCDC141
CCDC142	293.760206010727	0.274745922539245	0.028115738185008	9.77196190729026	1.48547187851374e-22	2.52812510968383e-22	CCDC142
CCDC144A	175.6969379544	-0.317261587055801	0.0950366250135131	-3.33830864691049	0.000842900642349379	0.00100958509966938	CCDC144A
CCDC144B	199.391222497925	-0.390498086670738	0.0514848956982488	-7.58471162026692	3.33227379120505e-14	4.9999383608804e-14	CCDC144B
CCDC144CP	20.2840200383908	0.795042706594561	0.0586260968627621	13.5612423330121	6.79749617633487e-42	1.45842346448396e-41	CCDC144CP
CCDC144NL	3.11279399057851	1.01653541262309	0.135513185801806	7.50137639085407	6.31511652708978e-14	9.43389316216955e-14	CCDC144NL
CCDC146	614.680727511216	-0.366282107071094	0.0536840685663946	-6.82292003666021	8.92083177547174e-12	1.28302886537446e-11	CCDC146
CCDC148	21.8182356345333	-0.616442439336578	0.0844090194625738	-7.3030399270294	2.81337650532139e-13	4.1552010561446e-13	CCDC148
CCDC149	909.817249156301	0.0604810487642026	0.0239066310128259	2.52988590202252	0.0114099624011536	0.0130988987999468	CCDC149
CCDC15	100.0996883399	-2.00602379634007	0.0698809135679201	-28.7063189920998	3.1816766741298e-181	2.11262861715273e-180	CCDC15
CCDC150	78.8195288539743	-0.881510828446592	0.0538903124624746	-16.3575007857008	3.84590373402878e-60	9.96690370231097e-60	CCDC150
CCDC152	109.848339224317	-0.160385558777252	0.0503928538685713	-3.18270442066152	0.00145906479591542	0.00173501290733739	CCDC152
CCDC153	41.9692916506897	-0.382582709580844	0.056493852796203	-6.77211219707354	1.2691565078478e-11	1.81997023004607e-11	CCDC153
CCDC154	66.1461433682733	0.276994648370722	0.0459720474250024	6.02528414299154	1.68812782264639e-09	2.3211112844071e-09	CCDC154
CCDC157	72.1932268223445	-0.036233677547749	0.0329073200883171	-1.10108259957069	0.270860709386966	0.28874592145415	CCDC157
CCDC158	29.157389413128	-0.678669957947552	0.0768656201806448	-8.82930439320706	1.05328714205061e-18	1.69590535277756e-18	CCDC158
CCDC159	606.956374813662	0.795654301908929	0.0381704107714688	20.8447927551164	1.69942937053001e-96	6.08663511717285e-96	CCDC159
CCDC160	21.5949434201557	-3.47263728019316	0.0921292908774367	-37.6930859569184	0	0	CCDC160
CCDC162P	168.385027544147	-0.99033214824093	0.0674973438923513	-14.6721647272575	9.71940732759033e-49	2.25143548197083e-48	CCDC162P
CCDC167	296.974080939269	1.27608523475085	0.0347885422650014	36.6811930500071	1.4568232254988e-294	1.83258384921061e-293	CCDC167
CCDC168	21.3883280981641	1.9261411932314	0.0740124780618877	26.0245467206328	2.61263739987724e-149	1.38650017202801e-148	CCDC168
CCDC169	23.8755101076299	0.103233801034859	0.0790526499332581	1.30588666062449	0.191591103531817	0.206380914049203	CCDC169
CCDC17	211.592182517907	-0.306466206696728	0.044691403972049	-6.8573859726671	7.01319624299067e-12	1.01052225702453e-11	CCDC17
CCDC170	96.0798397888266	-1.39771806777796	0.0908034204854701	-15.3927909356852	1.82967072843981e-53	4.43282675405721e-53	CCDC170
CCDC171	200.054504325076	-0.935016490060251	0.0383497490081568	-24.3812936001583	2.70100957782542e-131	1.26026110446956e-130	CCDC171
CCDC173	10.6680795181143	-0.872712127058182	0.0886920410183429	-9.83980205030677	7.5859947204441e-23	1.2970696330045e-22	CCDC173
CCDC174	1146.46245346859	-0.375270630328139	0.0158214974624327	-23.7190336261911	2.29431565831672e-124	1.02202366160256e-123	CCDC174
CCDC175	1.21154695894514	-1.38975871680531	0.151848619994338	-9.15226438578845	5.57524421074728e-20	9.15192148802315e-20	CCDC175
CCDC178	45.1777047821238	-2.16400871660935	0.109348816373273	-19.7899601329227	3.63329049392652e-87	1.20536052674477e-86	CCDC178
CCDC18	254.200309565557	-0.510875189062924	0.0360121489926031	-14.18619003181	1.11557094941843e-45	2.49892890249891e-45	CCDC18
CCDC180	361.713404374372	0.549026992214046	0.0372892876439483	14.7234508059354	4.55795439793936e-49	1.05909044942954e-48	CCDC180
CCDC181	30.5999842778623	1.84494349319038	0.0491474453678582	37.5389499775902	0	0	CCDC181
CCDC22	1165.43186569861	-0.171120970306651	0.0184029821815931	-9.29854567146232	1.42379780005284e-20	2.35849675151847e-20	CCDC22
CCDC24	240.925189460763	-1.25654846836951	0.0541352397100085	-23.2112848322199	3.50249926939472e-119	1.50330208269848e-118	CCDC24
CCDC25	2006.28309073284	-0.490798013163914	0.0307834085626922	-15.9435889682059	3.15690327251627e-57	7.94344643675782e-57	CCDC25
CCDC27	4.09229605170703	-0.447475709068816	0.125535931817662	-3.56452294247326	0.000364518568219921	0.000441627321747665	CCDC27
CCDC28A	787.403809410911	0.0919971143444492	0.0244053213358455	3.76955144652521	0.000163541197070014	0.000200183944543541	CCDC28A
CCDC28B	1112.2731662815	-1.13033608847341	0.0919198460728679	-12.2969754276716	9.40295579243619e-35	1.86453632099189e-34	CCDC28B
CCDC3	3811.15568138764	-1.80530586549086	0.0550896567048578	-32.7703233868886	1.55925118539978e-235	1.43277593610931e-234	CCDC3
CCDC30	158.222413956358	-0.279679760354986	0.0448464795089139	-6.23638161607302	4.47807911811636e-10	6.22662615519949e-10	CCDC30
CCDC33	5.21969951114431	1.66388440485304	0.110772442451795	15.020743138142	5.37022576255231e-51	1.27246852641443e-50	CCDC33
CCDC34	239.867559794068	-0.139646437801019	0.0360091174653414	-3.87808554140291	0.000105281701135168	0.000129549244796921	CCDC34
CCDC38	5.96997451346339	0.691055366502873	0.0705949042220833	9.78902619272481	1.25498713589381e-22	2.13869387799153e-22	CCDC38
CCDC39	215.866946411096	-1.06822296718241	0.038720378497618	-27.5881333972013	1.54445590701357e-167	9.30446813325009e-167	CCDC39
CCDC40	280.843334933992	0.770193555135301	0.0482484005750256	15.9630898839364	2.31006091063958e-57	5.819930924062e-57	CCDC40
CCDC43	1109.66342192588	-0.483116428980356	0.0539794354650536	-8.95000892132572	3.55453628176947e-19	5.76859066066825e-19	CCDC43
CCDC47	5718.29477931685	-0.216513142423851	0.0337014095393639	-6.42445361731708	1.32344005701871e-10	1.86075485951681e-10	CCDC47
CCDC50	4711.2399438383	-0.0106273561270443	0.0263038825649852	-0.404022337797047	0.686196292997763	0.701790777242926	CCDC50
CCDC51	490.955127989297	0.270619916657645	0.0255962997116943	10.5726186873021	3.99189576604535e-26	7.13515198933396e-26	CCDC51
CCDC57	1622.07161684743	-0.700166633441841	0.0336609924193857	-20.8005344797442	4.28013051862237e-96	1.52688524505987e-95	CCDC57
CCDC59	904.076646997798	-0.266265149664757	0.024201773924712	-11.0018856672683	3.7422344699397e-28	6.86616682227954e-28	CCDC59
CCDC6	3774.2590046561	-1.32403281901093	0.0319818795271181	-41.3994686550005	0	0	CCDC6
CCDC60	2.58358039836185	-1.35427051298566	0.118185280554192	-11.4588763222902	2.12250611869543e-30	4.0053708609536e-30	CCDC60
CCDC61	418.367373967227	0.0402719462617976	0.0308384942905453	1.30589859162302	0.191587045610696	0.206380914049203	CCDC61
CCDC62	51.0830930876503	-1.46117677464333	0.0597539436808936	-24.4532274295821	4.64990800659021e-132	2.17806385705518e-131	CCDC62
CCDC65	38.9988638360716	0.108430455335157	0.0469020361441017	2.31184963915032	0.0207859708145991	0.0236112993395342	CCDC65
CCDC66	864.838306054701	-0.186814551468516	0.0200212476695157	-9.3308146701047	1.05060238166412e-20	1.74415691896485e-20	CCDC66
CCDC68	347.042834928904	1.92105509127781	0.059080944708472	32.5156461318794	6.40874544727966e-232	5.74235076139776e-231	CCDC68
CCDC69	10469.7484996078	0.302978134299431	0.0704988530811272	4.29763210403971	1.72632376808984e-05	2.17159707542874e-05	CCDC69
CCDC7	187.263302203501	-0.223306546427692	0.0281798714164223	-7.92432808254603	2.29383260791857e-15	3.50520210315299e-15	CCDC7
CCDC71	817.522820710247	-0.333296893993777	0.0180643426593509	-18.4505409512506	5.16257284210467e-76	1.55248034966131e-75	CCDC71
CCDC73	3.27940591573392	-1.51191003029318	0.112259033186701	-13.4680478476836	2.41157956246375e-41	5.14224635203861e-41	CCDC73
CCDC74A	199.200188519247	-0.465230692486447	0.0821408977353015	-5.66381309814327	1.48045658161619e-08	1.99264983742135e-08	CCDC74A
CCDC74B	52.7800437818347	-0.621209270335517	0.0789388680044576	-7.86949808173633	3.56066872902414e-15	5.41988819475423e-15	CCDC74B
CCDC77	333.977346599136	-0.838994807560252	0.0233585090113495	-35.9181661446199	1.59019787567276e-282	1.8906969590479e-281	CCDC77
CCDC78	43.3632584526681	0.377773189377527	0.0676511918031048	5.5841320649164	2.34870184030887e-08	3.14716255972905e-08	CCDC78
CCDC8	747.57936638522	2.02630804248699	0.067664090705571	29.9465790696003	4.87512574196961e-197	3.60103153390213e-196	CCDC8
CCDC80	9455.89925852231	0.758738589257411	0.0928502712470901	8.17163567824461	3.04236095403157e-16	4.72157423342722e-16	CCDC80
CCDC81	40.9240944997768	-0.369245146500925	0.0421156315602682	-8.76741325777174	1.82817777566272e-18	2.93332989925168e-18	CCDC81
CCDC82	1650.55530864001	0.0967306486425288	0.0251841465791653	3.84093415031793	0.000122566993233057	0.000150510160665002	CCDC82
CCDC83	0.741383858874387	-0.819758148041395	0.211051661935982	-3.88415869613029	0.000102684824879712	0.000126396986642485	CCDC83
CCDC85A	487.81837279874	0.745851787771623	0.0527092585562924	14.1502993629681	1.85963951670109e-45	4.15533402931187e-45	CCDC85A
CCDC85B	2344.43507013868	0.758994984167586	0.0355969682470212	21.3218996320312	7.11125491406218e-101	2.64975573810874e-100	CCDC85B
CCDC85C	1883.01370164937	-0.00111433826466816	0.0334053614636264	-0.0333580663655299	0.973389049229763	0.975556832870384	CCDC85C
CCDC86	964.658156057011	-0.722390769501018	0.0317163202109354	-22.7766261879254	7.81848521752111e-115	3.25788315742124e-114	CCDC86
CCDC87	14.9967988735144	-0.184850410687342	0.0585623254685564	-3.15647319686088	0.00159689563101641	0.00189490561990286	CCDC87
CCDC88A	1378.16132102319	0.260018928319244	0.03162547452425	8.22181903135917	2.00439485859549e-16	3.11850577783729e-16	CCDC88A
CCDC88B	536.504428728784	0.427653166424977	0.046520418195237	9.19280571877493	3.82725857975582e-20	6.29633354909381e-20	CCDC88B
CCDC88C	1145.9241554555	-0.480949428148574	0.0563223572589446	-8.53922760969302	1.35121984577508e-17	2.13906502891542e-17	CCDC88C
CCDC89	31.3876333681559	0.364268245143935	0.0559218248433981	6.51388337494389	7.32323641428302e-11	1.03416944138628e-10	CCDC89
CCDC9	2115.95392748278	-0.534040759270767	0.0240608343496203	-22.1954380929102	3.80129291005441e-109	1.51153244254229e-108	CCDC9
CCDC90B	1093.45434061786	0.0586133384207413	0.0188032803502035	3.11718685937195	0.00182585802854308	0.00216132507212494	CCDC90B
CCDC91	1317.49613453612	0.314786341781458	0.0342888081426394	9.18043988207364	4.29333989331978e-20	7.0572926143411e-20	CCDC91
CCDC92	3668.17264662845	0.735151527687032	0.0415472916846133	17.6943309149388	4.63705156923788e-70	1.32410477947099e-69	CCDC92
CCDC93	3317.7921381079	0.931088430766811	0.0215665668041908	43.172770113131	0	0	CCDC93
CCDC96	72.7772687460595	-0.950618495522675	0.0378842308552127	-25.0927225936243	5.97158977250268e-139	2.93861638859543e-138	CCDC96
CCDC97	1943.79350673839	-0.412234685952045	0.0178935537303178	-23.0381673850275	1.93297196675213e-117	8.19680291484221e-117	CCDC97
CCHCR1	1487.76929081367	-0.435706300795281	0.0274353950117329	-15.8811746872589	8.55609102099328e-57	2.14330913538686e-56	CCHCR1
CCIN	7.03681772674449	-0.306351085379143	0.103519661684802	-2.95935168636781	0.00308287056800819	0.00361859370727149	CCIN
CCKBR	13.4467366153779	-2.50450018120778	0.136057517779509	-18.4076574531258	1.1405010195843e-75	3.41998315068082e-75	CCKBR
CCL1	0.232574846359546	-0.193673042525986	0.397431679618439	-0.487311536694623	0.626037573317088	0.643960134701766	CCL1
CCL11	105.026808660859	8.07651261311916	0.120026607495035	67.2893517668841	0	0	CCL11
CCL13	66.9131108357701	-0.588303579749203	0.0954600341340223	-6.16282599399919	7.14580178293797e-10	9.90159170923457e-10	CCL13
CCL14	1518.69089676556	-2.61179189761162	0.0736572388241148	-35.4587266548002	2.12824580299285e-275	2.4277916793203e-274	CCL14
CCL16	23.1855366921728	-1.71219248827609	0.0885330300305726	-19.3395898421734	2.49451279133387e-83	8.01709065466898e-83	CCL16
CCL17	8.92002843737452	-2.19116924440711	0.134802011651722	-16.2547221481254	2.06803730439059e-59	5.32266793198958e-59	CCL17
CCL18	65.5326910367298	1.57297478514135	0.135739793840351	11.5881624734997	4.73174782019484e-31	8.99811879477364e-31	CCL18
CCL19	339.545714095438	-2.02247982686458	0.131942525576252	-15.3284910837617	4.93313273546086e-53	1.19084514377137e-52	CCL19
CCL2	1493.48571032072	2.28129694018294	0.0901801216736306	25.2971153492024	3.43644433780142e-141	1.71927277723078e-140	CCL2
CCL20	29.9143657488919	-2.54096164077271	0.16957823622231	-14.9840079563136	9.34099032960047e-51	2.20723506068703e-50	CCL20
CCL21	1123.05379663558	0.108253774936193	0.102931208618355	1.05170993704711	0.292932650490866	0.31144531578088	CCL21
CCL22	113.819085154547	-4.05070261708822	0.138903775972669	-29.1619330628221	5.89682697566389e-187	4.06544551470416e-186	CCL22
CCL23	49.0524834855816	-3.03131135201951	0.109115329490911	-27.7808018924784	7.40059803005399e-170	4.54824735879146e-169	CCL23
CCL24	26.743700843713	-0.158606842875516	0.101814033766171	-1.55780924307328	0.119278474262413	0.130247607837288	CCL24
CCL26	17.7619737342719	-0.196344714261381	0.0822890416722598	-2.38603719609934	0.0170310284003357	0.0194059717834184	CCL26
CCL27	656.17903180635	-5.41358367081019	0.126798958136583	-42.6942283309526	0	0	CCL27
CCL28	700.557309195064	-4.61098940384723	0.114646982167491	-40.2190211785159	0	0	CCL28
CCL3	17.2200453692279	-0.114595285702527	0.106287956561822	-1.07815870592895	0.280962936654995	0.299090113703523	CCL3
CCL4	41.631381325725	0.307956857129855	0.0859932146777703	3.58117623912324	0.000342050817745184	0.000414769738648101	CCL4
CCL4L2	11.3916059939764	0.632490575650538	0.114725163569339	5.51309369254695	3.52580412809977e-08	4.70970615241347e-08	CCL4L2
CCL5	135.247133867627	0.11411241755232	0.0754705882442479	1.51201176785603	0.130530868872539	0.1422069945273	CCL5
CCL7	1.6871738143824	1.54602006577448	0.241406718764098	6.40421307944311	1.51146901587472e-10	2.12346474321086e-10	CCL7
CCL8	48.5521481623046	0.963829266345796	0.110290588032613	8.73899834554143	2.35186314651424e-18	3.76821437475771e-18	CCL8
CCM2	2301.4831776537	0.0970420651032646	0.0289111490153292	3.35656203258512	0.000789180151962675	0.000945870691489454	CCM2
CCM2L	378.161213031616	1.76208664005288	0.0543455340311886	32.4237616110577	1.26970049508023e-230	1.13035997091687e-229	CCM2L
CCNA1	31.314554049288	-0.645982976889294	0.0917755448287883	-7.03872669014829	1.94004477172567e-12	2.82455078743398e-12	CCNA1
CCNA2	150.310849280202	-0.138966270173562	0.0614300292389012	-2.26218792169417	0.0236857952397313	0.0268122248843166	CCNA2
CCNB1	217.300717908285	-0.766068795509369	0.049680474336513	-15.4199170950013	1.20258646812065e-53	2.92221368961121e-53	CCNB1
CCNB1IP1	2478.71775057918	0.599755322603544	0.0268268202634108	22.3565564876711	1.04252892747653e-110	4.20586356420998e-110	CCNB1IP1
CCNB2	137.679773732853	-1.51025910062613	0.0808931447787979	-18.6698032911928	8.71732453433658e-78	2.66282978012205e-77	CCNB2
CCNB3	42.4257563378525	-1.56921424073004	0.053681843668605	-29.2317501317075	7.66125585336738e-188	5.31446114128964e-187	CCNB3
CCNC	1162.28793201853	-0.383937645176518	0.0202086191713545	-18.9987075277635	1.74796061156653e-80	5.47313253936495e-80	CCNC
CCND1	4695.01348888829	0.36401041952626	0.0882718657902742	4.12374221692691	3.72766069676254e-05	4.64821420077739e-05	CCND1
CCND2	3674.24221475535	2.75929219466718	0.0610075625745634	45.2286909724475	0	0	CCND2
CCND3	3264.40540075353	0.703090068870204	0.0442826744664856	15.877317197775	9.09876318403936e-57	2.27893190588413e-56	CCND3
CCNDBP1	3074.1821819501	-0.147655234592794	0.0185344648648769	-7.96652267380014	1.63201555405857e-15	2.49982232714503e-15	CCNDBP1
CCNE1	165.016856664343	-0.206644830864584	0.0596148049883016	-3.4663340910892	0.000527607240384733	0.000636260329213209	CCNE1
CCNE2	41.4607846861114	-0.275797607715264	0.0433263569835422	-6.36558499067964	1.94546809723862e-10	2.72680613707018e-10	CCNE2
CCNF	299.551540139129	-1.53598803977393	0.044732707695023	-34.3370235990617	2.20008782111452e-258	2.28923588831691e-257	CCNF
CCNG1	4942.19135032436	-0.538375657970315	0.0510090306168463	-10.5545165524575	4.84125309065789e-26	8.64300276553929e-26	CCNG1
CCNG2	2106.29114434796	-1.31712563610623	0.0479096145593889	-27.4918854643156	2.19512997551575e-166	1.30929538400461e-165	CCNG2
CCNH	1312.08328938933	-0.228396281147498	0.0303655756347254	-7.52155282333292	5.41294490852924e-14	8.09894616394604e-14	CCNH
CCNI	15118.3765891028	-0.0932799701698513	0.0198800877659108	-4.69213070224983	2.70374296238966e-06	3.46974243002611e-06	CCNI
CCNI2	18.3910165807008	0.975505937448855	0.0504341655608449	19.3421647131642	2.37301368337663e-83	7.62796773472548e-83	CCNI2
CCNJ	312.985138552014	0.0354198867208318	0.0260997932027014	1.35709453503125	0.174751174701952	0.188885306581592	CCNJ
CCNJL	156.267256364801	3.21880584849088	0.0642386331232639	50.1070102521405	0	0	CCNJL
CCNJP2	0.268921617810711	0.451880188652171	0.288534041241403	1.56612435298095	0.11731950786373	0.128147358073726	CCNJP2
CCNK	406.391644922194	-0.731768030497751	0.0277078817200155	-26.4101037348207	1.04892200735135e-153	5.71651379180494e-153	CCNK
CCNL1	6179.32638206298	-0.519513770393847	0.0394616854258089	-13.1650172765827	1.3950572023997e-39	2.91124793651717e-39	CCNL1
CCNL2	12242.7311105588	0.0578149527526477	0.0286306444634525	2.01933815448861	0.0434520847925528	0.0485555266218103	CCNL2
CCNO	77.1695961063355	-3.51812889400729	0.119060742502291	-29.5490253131892	6.75920472577337e-192	4.81108913675945e-191	CCNO
CCNT1	2236.41266757978	-0.627898691911556	0.017615973471789	-35.6437123907516	2.9487745486746e-278	3.42457359036719e-277	CCNT1
CCNT2	2644.32674941501	-0.139901498822589	0.0174881338740104	-7.99979573752581	1.24625778091617e-15	1.91333785196349e-15	CCNT2
CCNY	3848.41381358282	0.511393567678446	0.0177639312975424	28.78831037526	3.00451462477273e-182	2.00832780395596e-181	CCNY
CCNYL1	539.940445850818	0.0451497108527355	0.0316630926499822	1.42594127970506	0.153885292566608	0.166953299872921	CCNYL1
CCNYL2	2.38085710081913	-1.26988403180758	0.146000090868157	-8.69783042090246	3.38289566010972e-18	5.40428689897364e-18	CCNYL2
CCP110	858.39314821877	-0.444662758058475	0.0211698230884079	-21.0045571095	5.95865491752759e-98	2.16734183007505e-97	CCP110
CCPG1	3983.9856303529	0.194995652249318	0.0420682492111098	4.63522147714723	3.56555515362793e-06	4.56432643439456e-06	CCPG1
CCR1	110.116064269347	0.281906618551969	0.0697627949915101	4.04093067925786	5.32394953154187e-05	6.61260025648832e-05	CCR1
CCR10	89.7041792208107	0.352753523119776	0.0466030540384772	7.56932201972278	3.75177089053324e-14	5.62562497296866e-14	CCR10
CCR2	44.9542311795055	0.797986177584562	0.0720066911771061	11.0821114613065	1.53216046292967e-28	2.83021246723418e-28	CCR2
CCR4	17.097747218905	-1.46224149773422	0.103198362442671	-14.1692315955742	1.42046269330911e-45	3.17794543155075e-45	CCR4
CCR5	28.6177030922968	0.623484281990296	0.0728588234460769	8.55743000642523	1.15411405675904e-17	1.82896444543706e-17	CCR5
CCR6	19.9029141361746	-1.83073880130592	0.0963922318396431	-18.9925968759756	1.96372953217398e-80	6.14553117327257e-80	CCR6
CCR7	93.9251932706875	-0.0278196645416294	0.0771679879284896	-0.360507838657261	0.718467395774057	0.732630804471126	CCR7
CCR8	1.29009345648357	-1.90392563955851	0.169629779735866	-11.2240058468693	3.1086285968527e-29	5.78381636919334e-29	CCR8
CCR9	4.34285810521036	-1.26347585468786	0.0878937134231751	-14.3750423719692	7.42246186832337e-47	1.68531453193351e-46	CCR9
CCRL2	170.146660575772	-0.0224119762392235	0.083868301414088	-0.267228212105638	0.789293455615147	0.800951096145683	CCRL2
CCS	1259.66441621083	0.40254003756526	0.0197377175845382	20.3944572537908	1.87281146268998e-92	6.48940888159431e-92	CCS
CCSAP	827.184944016527	-1.65842262152336	0.0614504876292558	-26.98794892449	2.04699166378414e-160	1.17088963901424e-159	CCSAP
CCSER1	139.107111064587	0.830838474512165	0.0779185673198029	10.662907482656	1.51777003189543e-26	2.72886319857667e-26	CCSER1
CCSER2	5278.1236802144	0.273813891456435	0.0442388699351063	6.18944136362641	6.03778070091732e-10	8.37335056989312e-10	CCSER2
CCT2	5160.55022141599	0.0142004979677592	0.032464176823714	0.437420546495613	0.661806386009064	0.678233803276354	CCT2
CCT3	8040.61296159697	-0.0739806297027263	0.0273258245050484	-2.70735214921176	0.00678222731130434	0.00785882676735046	CCT3
CCT4	5006.96356305086	-0.198666761120814	0.0223128362960485	-8.90369823382772	5.40161743660274e-19	8.73939560275804e-19	CCT4
CCT5	4822.4754033363	-0.321027286811832	0.0335240751690347	-9.57602216297247	1.00854674411451e-21	1.69703215000985e-21	CCT5
CCT5P1	2.87153187512085	0.332760106797571	0.0988504021024156	3.36629998179279	0.000761838098047312	0.000913586543398152	CCT5P1
CCT6A	7911.73937140858	-0.463976318436146	0.0312699348718117	-14.8377769361585	8.34767426139541e-50	1.95405051208555e-49	CCT6A
CCT6B	205.498920180275	-1.11865027172459	0.0422295704641264	-26.4897383380887	1.27254251170756e-154	6.99024649168379e-154	CCT6B
CCT6P1	331.140946608947	-0.723943158119245	0.0319937238615241	-22.6276616392837	2.31560678532508e-113	9.53631611590866e-113	CCT6P1
CCT6P3	258.835969150609	-0.70480806117097	0.0361660958893994	-19.4880880514824	1.38562201175908e-84	4.49092218827426e-84	CCT6P3
CCT7	10428.3681232271	-0.0799964674553856	0.0345483039038259	-2.31549623038157	0.0205857906196451	0.0233868612776416	CCT7
CCT7P2	0.520095863384639	-0.394028467281659	0.26117982263751	-1.50864819227835	0.131388711593762	0.143106927899758	CCT7P2
CCT8	6242.79758141243	-0.0510016984690064	0.0244545777713895	-2.08556855676632	0.0370177220502194	0.0415200956212848	CCT8
CCT8L1P	1.45321994602565	-1.596669473361	0.145464835823522	-10.9763260950439	4.96716182496897e-28	9.09417005810278e-28	CCT8L1P
CCT8P1	125.454309760908	-0.911473086743953	0.0728512115494947	-12.5114334732059	6.46469578412367e-36	1.29863841993093e-35	CCT8P1
CCZ1	329.597098395256	-0.150416403732538	0.0293805480005285	-5.11959149740271	3.06198184971874e-07	4.01242886196309e-07	CCZ1
CCZ1B	354.342606103918	-0.152821432600601	0.0254140079829757	-6.0132755409132	1.81811612861488e-09	2.49831362070202e-09	CCZ1B
CD101	47.2600246347973	0.287760680780632	0.0736584331998097	3.90669022242216	9.35689866378733e-05	0.000115325938272397	CD101
CD109	1834.70248095782	-0.440945761291998	0.064375660220578	-6.84957264564173	7.40709276541177e-12	1.06693667976456e-11	CD109
CD14	1092.17647346936	0.0469330714672657	0.0638513317450694	0.735036688892395	0.462317150146242	0.482908010813959	CD14
CD151	8825.50197497723	1.23928772411443	0.0393272139089247	31.5122176461423	5.90883443165863e-218	4.9311510711306e-217	CD151
CD160	20.0140004564448	0.0795888905250868	0.0496025601184154	1.6045319099475	0.108596856543901	0.118821542344199	CD160
CD163	2666.73217738996	0.179492095478321	0.0841868625038744	2.13206776140471	0.0330012764346222	0.0371029902629214	CD163
CD163L1	114.627288722941	0.176218395562824	0.0621887927452115	2.83360373765082	0.0046026366349618	0.00536780447463215	CD163L1
CD164	9111.04076489553	-0.475400536710037	0.0248874549018486	-19.1020149944992	2.42928477186787e-81	7.67334103636551e-81	CD164
CD164L2	181.150450869652	-7.03301179631844	0.181239497638554	-38.8050722273815	0	0	CD164L2
CD177	57.2671217224325	1.52283849843057	0.094153206677107	16.1740481516796	7.68766859529732e-59	1.965985543173e-58	CD177
CD180	34.7795729164885	0.261069633191631	0.0881294060488144	2.96234418109009	0.0030530629506847	0.00358407370387866	CD180
CD19	6.98369638888129	-0.167824665330533	0.0904195096847894	-1.85606696956868	0.063444013062518	0.0703149660841267	CD19
CD1A	144.204072721307	-7.07927869063084	0.216593687255545	-32.6846030479108	2.58478981523499e-234	2.3558886817238e-233	CD1A
CD1B	5.51797282262726	-1.83031151460147	0.171857587173943	-10.6501641545156	1.74057851904018e-26	3.12633744973481e-26	CD1B
CD1C	57.8263516581144	-1.45699363748784	0.112889389632083	-12.9063824530925	4.14312545099636e-38	8.5156886553306e-38	CD1C
CD1D	128.651359324077	1.58722092674456	0.0632917405334273	25.0778523922293	8.67657945605018e-139	4.26274854771723e-138	CD1D
CD1E	34.4714590788887	-2.46865067456239	0.147447934203617	-16.7425246606259	6.42062489955758e-63	1.71276924743533e-62	CD1E
CD2	41.1743026631749	-0.457877549701806	0.074943225223301	-6.1096589896887	9.984424701378e-10	1.37892917791549e-09	CD2
CD200	436.576751111228	-0.322441571295949	0.0748391826906189	-4.3084592816694	1.64395733643795e-05	2.06914249847711e-05	CD200
CD200R1	43.7582666163314	-0.981415375477559	0.0715842262169756	-13.709939009508	8.85322269057785e-43	1.91938891548949e-42	CD200R1
CD200R1L	0.170214696483358	0.490088126907742	0.386105858148354	1.26931025925909	0.204330428718454	0.219748598838624	CD200R1L
CD207	388.810193793796	-5.44751368811583	0.152610407142132	-35.6955583182629	4.63297038085856e-279	5.40143133587014e-278	CD207
CD209	304.486802799133	0.310157652482666	0.0763698931370972	4.06125555165934	4.88095074835689e-05	6.06823637137733e-05	CD209
CD22	55.3415678472746	-0.0342813356696715	0.0790229836783367	-0.433814746975561	0.664422971888017	0.68076031173978	CD22
CD226	61.8894852868341	-0.0825945526211074	0.0483629122532232	-1.70780767271935	0.0876720349343221	0.0964837256741903	CD226
CD244	16.3515837869099	0.6637072060459	0.0674352892002858	9.84213479198793	7.41210834910004e-23	1.26745855791916e-22	CD244
CD247	88.3899820972033	0.0949490352670179	0.057362788445764	1.6552374429425	0.0978763428096159	0.107444325339425	CD247
CD248	5115.11597559641	-1.21371267229475	0.0778173413661305	-15.5969434445753	7.63636769204596e-55	1.87636165471634e-54	CD248
CD24P4	0.863081725233695	0.766033626914049	0.126979155296826	6.03275100644174	1.61191687149593e-09	2.21734033347075e-09	CD24P4
CD27	25.260811457621	-0.679572759718668	0.0584349096862892	-11.6295680675642	2.91569155863703e-31	5.56106841990094e-31	CD27
CD27-AS1	863.959745518107	-0.00553942701520795	0.0319125950047141	-0.173581215015253	0.862194596136871	0.870658864863672	CD27-AS1
CD274	360.255687134582	2.48034507047778	0.0543732372396224	45.6170203651278	0	0	CD274
CD276	2422.08737472742	0.317146114893041	0.0492904916235892	6.43422502893566	1.24104883366641e-10	1.74600391206167e-10	CD276
CD28	57.4793586879071	-0.567924721859175	0.0783447973458635	-7.24904194150885	4.19729912079231e-13	6.18243854622227e-13	CD28
CD2AP	1675.2009432263	-0.475245972637232	0.0233089423408994	-20.3889977368614	2.09391642230788e-92	7.24857490730079e-92	CD2AP
CD2BP2	3482.62249398665	-0.0434506419852613	0.0215362564416421	-2.01755779157821	0.0436373364938993	0.0487534566923213	CD2BP2
CD300A	141.344781715532	0.130063701639257	0.0613396934740699	2.12038395161265	0.0339736789810384	0.0381724109192729	CD300A
CD300C	23.9496971254267	0.462277484957396	0.0722057783354861	6.40222286379269	1.53130919207665e-10	2.15083464158644e-10	CD300C
CD300E	73.2779196094531	1.10889617708125	0.0691095159651789	16.045491877558	6.1470002324275e-58	1.55804211748701e-57	CD300E
CD300LB	18.2788123564358	0.413243150684931	0.0884634507038951	4.67134333328391	2.99236286129589e-06	3.83766912697259e-06	CD300LB
CD300LF	17.7793366477858	1.24651758313315	0.0784761312430822	15.884034589728	8.17468402173548e-57	2.04862156585355e-56	CD300LF
CD300LG	3060.96970537729	0.116078135628106	0.0864648821919075	1.3424887964396	0.179437560602046	0.193822713975243	CD300LG
CD302	535.904214826393	-0.47259761548217	0.058509034338054	-8.07734430808739	6.61924579174956e-16	1.02189574182919e-15	CD302
CD320	1587.47176677074	0.510049571252003	0.0403711739719233	12.634003945655	1.37119483977994e-36	2.77242258911364e-36	CD320
CD33	97.8143921939893	0.576391755685391	0.0558900418678648	10.3129598121987	6.15751752664117e-25	1.08487298617077e-24	CD33
CD34	9635.51295607106	0.960379191336466	0.0473353937314787	20.2888180625357	1.61429490965343e-91	5.5498324424506e-91	CD34
CD36	28208.631509157	1.12627514277233	0.084904979099084	13.2651247868275	3.68806428580826e-40	7.74846466022811e-40	CD36
CD37	264.416110610761	0.290950384195338	0.0511654467086191	5.68646230828911	1.29697994742464e-08	1.74726358580983e-08	CD37
CD38	606.045567638244	0.379287134565619	0.0976789586207009	3.88299732021547	0.000103176705654585	0.000126993769469277	CD38
CD3D	26.3065385497664	-1.10626443732477	0.0765362396287352	-14.4541258192338	2.36108440757568e-47	5.38885259550776e-47	CD3D
CD3E	68.6895013385201	-0.614777537332449	0.0740794919626936	-8.29888976077279	1.05088824878606e-16	1.64238924868883e-16	CD3E
CD3G	11.6894795821186	-0.847356262948515	0.0889648119279791	-9.52462265231884	1.65642602171222e-21	2.7783567663848e-21	CD3G
CD4	676.302643760939	-0.190913866264669	0.0639556949740806	-2.98509564069378	0.00283489671515086	0.0033314385539516	CD4
CD40	883.361913098187	0.149085011154542	0.0344062806472586	4.33307548360129	1.47040666274496e-05	1.85264858515238e-05	CD40
CD40LG	12.7325901645265	-1.46862604480865	0.0930787165856887	-15.7783228935761	4.38690047439291e-56	1.09193301216187e-55	CD40LG
CD44	14457.7147640952	-2.96893579322766	0.0811876725180262	-36.5688004243312	8.96310612440596e-293	1.11889648644543e-291	CD44
CD46	8953.9892402453	-0.186123377391346	0.0287981902014737	-6.4630234083884	1.026314085634e-10	1.44581936574563e-10	CD46
CD46P1	0.262601593355735	0.335303546403056	0.156564313647289	2.14163456915497	0.0322228996890513	0.0362459799601708	CD46P1
CD47	2646.45239075808	0.12998874025425	0.0343395586268561	3.7853934486097	0.000153465579483574	0.000188106625104441	CD47
CD48	39.1094690943145	0.337265646954615	0.0673623535437468	5.00673787675169	5.53602345531181e-07	7.21659484532318e-07	CD48
CD5	53.5818181235129	-1.3867691881252	0.068371112199437	-20.2829695687855	1.81816384439689e-91	6.24714017235893e-91	CD5
CD52	98.2193215744876	0.0846335294464165	0.0735326370113657	1.15096551526277	0.249746422807663	0.266806252638619	CD52
CD53	388.315996751361	0.319744311776728	0.0598367513801912	5.3436108144497	9.11130846110949e-08	1.20570950237765e-07	CD53
CD55	6346.89661895995	-0.808302456865726	0.0471838913832761	-17.1308985581512	8.72959812894953e-66	2.38998472880944e-65	CD55
CD58	678.257122746399	1.30172448618562	0.0301650169519055	43.1534478585263	0	0	CD58
CD59	26299.4533748625	0.628910441970329	0.02723612539075	23.0910393070786	5.69671718995833e-118	2.42713860677964e-117	CD59
CD5L	12.1927497888576	4.53743294678876	0.134808663365872	33.6583186384256	2.35599684378445e-248	2.31497266293471e-247	CD5L
CD6	59.2338194084618	-0.826404874938358	0.0705264644506521	-11.7176563631174	1.03495645589702e-31	1.98405230698639e-31	CD6
CD63	20619.5432967141	0.396404113728509	0.0346987487935793	11.424161605558	3.16697234992416e-30	5.96449772661485e-30	CD63
CD68	1822.72907935537	-0.715081356883063	0.063604633206841	-11.2425985471472	2.51857773511167e-29	4.69083474492966e-29	CD68
CD69	146.044093233344	-1.14983452744227	0.0793195184632866	-14.4962368622355	1.27976179304545e-47	2.92979677433692e-47	CD69
CD7	80.3338822067033	-0.285635312580637	0.068946208772036	-4.14287192389451	3.42983507898808e-05	4.28039803500169e-05	CD7
CD70	18.4052580949269	-2.12637125411764	0.1201444719596	-17.6984526997851	4.30986488587348e-70	1.23106756284685e-69	CD70
CD72	124.159959346666	-1.28677484384732	0.0568455637943918	-22.6363282894253	1.902457980432e-113	7.84382640993048e-113	CD72
CD74	27513.1468692187	0.0312571351520332	0.0532251366772175	0.587262656394691	0.557027317370345	0.576863924748797	CD74
CD79A	29.447723566305	-1.39803876954599	0.0915357479978189	-15.2731451932779	1.15466870731045e-52	2.77914044662328e-52	CD79A
CD79B	268.013527531764	1.36352739780499	0.0500876983934456	27.2228000395286	3.48949871764987e-163	2.04208278336851e-162	CD79B
CD80	6.72680946382444	-0.071462904643559	0.0879186890417348	-0.812829506700626	0.416315815619589	0.43684645858165	CD80
CD81	22538.3054359372	0.781950523790438	0.041297075135	18.9347676859498	5.8975240981077e-80	1.83606591646553e-79	CD81
CD82	2554.31417008869	-0.629733246066917	0.0513856664841872	-12.2550370395741	1.5787719449719e-34	3.12473598476517e-34	CD82
CD83	286.873040403518	0.250759572714932	0.0655136241732192	3.82759427339753	0.000129401828080447	0.000158805720430605	CD83
CD84	231.845295933092	-0.270685387224375	0.0608493574331842	-4.44845103782077	8.64917592898517e-06	1.09604939033905e-05	CD84
CD86	79.0829070301064	0.00926815596720217	0.063120498183869	0.146832744256932	0.883264038610319	0.890237175757242	CD86
CD8A	86.0045841697425	-0.681857351063975	0.0815994702969029	-8.35614923213363	6.4798728017074e-17	1.01571046937944e-16	CD8A
CD8B	27.4944559722598	-1.1798885785689	0.074719534404327	-15.7908984307131	3.59423995764759e-56	8.95624494429877e-56	CD8B
CD9	8546.83214343632	-0.290836138529525	0.0563961916515632	-5.15701734483101	2.50914568428593e-07	3.29350528385818e-07	CD9
CD93	5703.56525694663	0.793382827815968	0.0533003434926962	14.8851353636152	4.11652489699035e-50	9.66374082821118e-50	CD93
CD96	54.5828651401404	-1.02274455108753	0.0777349682539693	-13.1568144177547	1.55505175997381e-39	3.24174716054298e-39	CD96
CD99	10899.8910512831	0.395132720931385	0.0307175144104926	12.8634340543001	7.22921793260566e-38	1.48266095482322e-37	CD99
CD99L2	9020.17276593397	-0.287472042670197	0.068663402213712	-4.18668509572904	2.83058112204376e-05	3.54137411578466e-05	CD99L2
CD99P1	362.147349010426	-1.29840657142604	0.0426922353929596	-30.4131784029319	3.67781198748388e-203	2.81480840079495e-202	CD99P1
CDA	273.587941443692	-0.133117551376335	0.0741613045678455	-1.79497316224466	0.0726579759873812	0.0803240327795153	CDA
CDADC1	479.384618295626	0.312409014173941	0.021444691797121	14.5681279604999	4.48000087830335e-48	1.03125953721661e-47	CDADC1
CDAN1	883.023047164918	-0.374527445226066	0.0193104220595112	-19.3950936997566	8.48980116989599e-84	2.73732600500265e-83	CDAN1
CDC123	1708.18888435377	0.0308147054293703	0.0162471088253543	1.89662700980267	0.0578771832024962	0.0642639510750145	CDC123
CDC14A	464.068901766652	-0.67560282493697	0.0350311688358238	-19.2857631471914	7.07383915803867e-83	2.26375428771296e-82	CDC14A
CDC14B	1303.00016985606	0.814351130415825	0.0431855234612309	18.8570397009752	2.57224435513541e-79	7.96404723715041e-79	CDC14B
CDC16	3260.92711635836	-0.212216621036591	0.0135284330904126	-15.6867110638988	1.86469869445385e-55	4.6069779301213e-55	CDC16
CDC20	155.225749707802	-1.53973769030042	0.0934533136469631	-16.476009573262	5.45699220273476e-61	1.42819593837494e-60	CDC20
CDC20P1	48.6417920759487	-2.0839673686244	0.0667436250806969	-31.2234669019665	5.11809745232412e-214	4.17827084985426e-213	CDC20P1
CDC23	1265.05898199902	-0.0872903120885592	0.0181181862259648	-4.81782839628092	1.45129103616957e-06	1.87367782701631e-06	CDC23
CDC25A	57.8982677578353	0.152373912814549	0.0486085614670163	3.13471347877562	0.00172022038340319	0.00203842321911927	CDC25A
CDC25B	2147.3871700667	-0.144101862532874	0.0386983464607575	-3.72372144321468	0.000196307517160374	0.000239721295461901	CDC25B
CDC25C	19.1097710450547	-1.78987180172759	0.124726448036182	-14.3503790086955	1.05956597911512e-46	2.40156726140158e-46	CDC25C
CDC26	436.786196428791	0.279914837014288	0.0246924237198482	11.3360616272467	8.69710357910475e-30	1.62825337002043e-29	CDC26
CDC27	2921.11141830943	-0.0664571933536322	0.024304026579458	-2.73441082432828	0.00624920201546335	0.00725052436225303	CDC27
CDC34	3613.48020280549	0.332592859605108	0.035360063121655	9.40588987244831	5.15917720148856e-21	8.59990265802347e-21	CDC34
CDC37	12080.0934233542	0.233883111162916	0.027494904014268	8.50641671785966	1.79391356424957e-17	2.83538836333801e-17	CDC37
CDC37L1	3294.43104381844	-0.252532471857719	0.0653990808171697	-3.86140705193856	0.000112735900361234	0.000138579550833282	CDC37L1
CDC40	993.418116683954	-0.423519916481916	0.0206120208071236	-20.5472292331252	8.14832156621657e-94	2.85977649665557e-93	CDC40
CDC42	7797.00417922181	-0.124605078023726	0.0185709262030712	-6.70968570232748	1.95044057265861e-11	2.78561415014501e-11	CDC42
CDC42BPA	3166.85144620479	0.696572820161255	0.0262030643288274	26.5836396621337	1.04942580851711e-155	5.8214835066615e-155	CDC42BPA
CDC42BPB	6983.7765169803	0.250974789498764	0.016592111778017	15.1261510804961	1.08879999283737e-51	2.59836784715172e-51	CDC42BPB
CDC42BPG	2501.25148520346	-5.42949984447067	0.121508879766101	-44.6839758124855	0	0	CDC42BPG
CDC42EP1	3675.39416564265	0.254310157829694	0.0576420410006139	4.41188676554644	1.02473704873137e-05	1.29647818486178e-05	CDC42EP1
CDC42EP2	876.396146065601	1.15330515259018	0.0555302679953848	20.7689462742379	8.26515907305968e-96	2.94033850739421e-95	CDC42EP2
CDC42EP3	4534.26418376746	0.232055969198597	0.0486521959132453	4.76969158005509	1.84508194320075e-06	2.37730442055376e-06	CDC42EP3
CDC42EP4	5096.72425927371	0.129565115970213	0.0423056951906335	3.06259276408011	0.00219428452672658	0.00259011906659706	CDC42EP4
CDC42EP5	373.353624209392	0.720531780970486	0.0599450734842329	12.0198665059607	2.79422515797003e-33	5.45363190595452e-33	CDC42EP5
CDC42P1	0.249289398841906	0.264938751809649	0.220697050798503	1.2004634898884	0.229959383953402	0.246237515349782	CDC42P1
CDC42P3	1.14446980241547	-0.245298225440416	0.135222134906242	-1.814038993028	0.0696717227725714	0.0770463620610061	CDC42P3
CDC42P5	3.44419454584181	-0.995552930173737	0.100260629659935	-9.92964968951881	3.09340386062738e-23	5.3225351648971e-23	CDC42P5
CDC42P6	11.6674003016341	-0.0814770910253786	0.0657509145299267	-1.23917806479017	0.215279562018166	0.231068355845746	CDC42P6
CDC42SE1	4751.30917429173	0.0412486595564697	0.031828022584293	1.2959856191891	0.194980439432505	0.20988117504183	CDC42SE1
CDC42SE2	1649.72954827576	-0.854051334095878	0.0210116884809076	-40.6464875429653	0	0	CDC42SE2
CDC45	48.1820049285094	-0.930034863522375	0.0765627767691135	-12.1473502238174	5.92550660586949e-34	1.16573819029789e-33	CDC45
CDC5L	2711.49772277579	-0.369606424649172	0.0271701119091299	-13.6034192971055	3.82141342029466e-42	8.22936511289917e-42	CDC5L
CDC6	85.9602678602331	0.0789465140172802	0.0566888188597422	1.39262936863453	0.163731897283147	0.177208867423878	CDC6
CDC7	172.300152769262	0.0223914514065437	0.0641593650514884	0.34899739716212	0.727091263630219	0.740879080527996	CDC7
CDC73	1867.72698629406	-0.0266311166326223	0.0223369430171024	-1.19224535838373	0.233165052871014	0.249508596983032	CDC73
CDCA2	124.981201249674	3.56345757729626	0.0760072941485702	46.8831000657756	0	0	CDCA2
CDCA3	199.616291520518	1.07317735854198	0.0586283920319311	18.304738051787	7.58559118483577e-75	2.25923605093032e-74	CDCA3
CDCA4	600.546504961389	-1.85565924376585	0.0799354712292662	-23.2144655586448	3.25276845095989e-119	1.3967816050985e-118	CDCA4
CDCA5	125.45841081564	-0.638126841759675	0.0601620829699643	-10.6067943504924	2.77093246944383e-26	4.96610467766412e-26	CDCA5
CDCA7	341.399652403269	-2.22525228603896	0.0592435714399744	-37.5610759438024	0	0	CDCA7
CDCA7L	551.469938623615	0.409581121793436	0.0687411386343634	5.95831157193965	2.54857274013738e-09	3.48820391539029e-09	CDCA7L
CDCA8	131.322695867499	-1.43979406518826	0.0749020032377899	-19.2223706035921	2.40525862299295e-82	7.66862565931564e-82	CDCA8
CDCP1	1290.99969632254	-4.74329309598679	0.108825938162809	-43.5860528846588	0	0	CDCP1
CDCP2	4.51570771948827	-0.917647695768228	0.106214787991434	-8.63954740315667	5.64361453146165e-18	8.9863516303265e-18	CDCP2
CDH1	4347.80454576948	-7.75428004061857	0.137386735594713	-56.4412569164863	0	0	CDH1
CDH10	4.78523593406787	-0.738378354988887	0.140785275878708	-5.24471291745757	1.56525854607322e-07	2.06207692387763e-07	CDH10
CDH11	1080.02043122135	-0.265501513299471	0.0621629397061341	-4.27105787716265	1.9454790559202e-05	2.44386381616326e-05	CDH11
CDH12	24.2384620713532	-4.88498955704921	0.158966299610583	-30.7297179906426	2.28245730233617e-207	1.79495473566419e-206	CDH12
CDH13	1988.12407445652	0.956225689483471	0.0555472852308341	17.2146250804112	2.06279256265702e-66	5.67859442122481e-66	CDH13
CDH15	1951.18135691814	-7.51272725437869	0.149699239552366	-50.1854737328222	0	0	CDH15
CDH17	7.11826315190775	0.979316915465527	0.0869478335522704	11.2632698878781	1.99226477668571e-29	3.71596293079676e-29	CDH17
CDH18	6.82299572807574	-1.94857443664606	0.145273562984554	-13.4131386097637	5.06490809222155e-41	1.07566553289382e-40	CDH18
CDH19	876.549949846629	3.76629331447091	0.0757206422496482	49.7393207793138	0	0	CDH19
CDH2	2900.18698736266	8.64113870349115	0.0599510894226355	144.136475028401	0	0	CDH2
CDH20	253.909989638754	-4.40990859640769	0.0995232129929017	-44.3103519650458	0	0	CDH20
CDH22	98.5979785121806	-1.12435556863153	0.0853882498711339	-13.1675677898116	1.34872954850423e-39	2.81522270438598e-39	CDH22
CDH23	745.489371681359	1.3897844672794	0.06434410421553	21.5992511547619	1.82550603544822e-103	6.93561294725695e-103	CDH23
CDH24	440.368170096271	0.35641012389033	0.0590499730687468	6.03573728095342	1.58238520649618e-09	2.17721593687517e-09	CDH24
CDH26	90.7550905631921	0.02878436027201	0.0391328730853909	0.73555448405744	0.462001870953556	0.482619294280116	CDH26
CDH3	923.65783329923	-6.48080050272781	0.134104927541303	-48.3263413324749	0	0	CDH3
CDH4	133.773112925478	-2.15811180048007	0.0581565939076634	-37.1086347303378	2.03879980369546e-301	2.65752608735134e-300	CDH4
CDH5	6350.71784471833	1.33170324239993	0.0530796668605825	25.0887641382102	6.59618230296953e-139	3.24420430698783e-138	CDH5
CDH6	326.209958877313	0.276816040909239	0.0512783229740266	5.39830526535455	6.72733332397709e-08	8.92992605006354e-08	CDH6
CDH7	3.88578467877475	-1.49850536392113	0.144254479464781	-10.3879295081923	2.81395270319864e-25	4.98170363987792e-25	CDH7
CDH8	29.3722779679044	-0.789962712218511	0.0729763513205719	-10.824913796366	2.62325881922731e-27	4.7592503532464e-27	CDH8
CDH9	0.316920035070772	0.243678883609936	0.297180875377376	0.819968254351829	0.41223420473508	0.432866354747487	CDH9
CDHR1	10893.2729749051	-6.38700047374996	0.158654825130153	-40.2572091237083	0	0	CDHR1
CDHR2	11.8383174645297	-0.909455973223086	0.0799576449814068	-11.3742216073844	5.62020246962321e-30	1.05483541503167e-29	CDHR2
CDHR3	158.680699618966	0.742534505043344	0.0613530128831132	12.1026575574697	1.02246596584313e-33	2.00582060278358e-33	CDHR3
CDHR4	23.414725648649	-1.55486737872657	0.0846305707050599	-18.3724080527039	2.18498918930445e-75	6.53681076893294e-75	CDHR4
CDHR5	25.350440631079	-1.29008292073307	0.0647274033850489	-19.9310161271055	2.19068898022317e-88	7.33803355656814e-88	CDHR5
CDIP1	2509.07626750411	1.15220078361866	0.029821688271944	38.6363365182999	0	0	CDIP1
CDIPT	4039.65073509832	0.54514465820236	0.0245336927001675	22.2202448226899	2.18873726249696e-109	8.7166945712849e-109	CDIPT
CDK1	154.673341280176	-1.03345716921273	0.068981967247135	-14.9815554768142	9.69218123549572e-51	2.28991933876045e-50	CDK1
CDK10	2342.41263477244	0.0488404913420091	0.0296255346925487	1.64859442534528	0.0992307515662333	0.108864746400766	CDK10
CDK11A	1511.78718253946	-0.298895882766569	0.0256773121792639	-11.6404661313401	2.56609314963688e-31	4.90103371741257e-31	CDK11A
CDK11B	3149.96040091967	-0.462266586808024	0.0331306718405351	-13.9528286366485	3.02371059734726e-44	6.66215599300466e-44	CDK11B
CDK12	2342.77152240387	-0.554523604038709	0.0225976719494031	-24.5389704426325	5.67218549792867e-133	2.67430621132043e-132	CDK12
CDK13	3084.75095110884	-0.316876558649983	0.0126186775277834	-25.1117090481387	3.70490316745865e-139	1.82517684503074e-138	CDK13
CDK14	902.954799798026	0.548587180884219	0.0365335822213011	15.0159701712569	5.77112548390371e-51	1.36674161078478e-50	CDK14
CDK15	76.4456237707268	-1.57637552649731	0.0615150731989471	-25.6258416762201	7.86205476344914e-145	4.03434571826819e-144	CDK15
CDK16	7661.44158910783	0.248258338767938	0.0433819326332192	5.72262054037298	1.04893371208737e-08	1.416174585711e-08	CDK16
CDK17	1691.33612138542	-0.087602026304741	0.034123336128558	-2.56721751867123	0.0102518280574923	0.0117918950072153	CDK17
CDK18	3028.58240334559	4.61725239209803	0.042563325593467	108.479596641451	0	0	CDK18
CDK19	1101.01815187192	-0.445545065829141	0.0287471771306802	-15.4987414522046	3.53753797979934e-54	8.63330005075486e-54	CDK19
CDK2	1115.29656554111	-0.270024095725598	0.0434738641548128	-6.21118230401667	5.25874209061453e-10	7.30252382728938e-10	CDK2
CDK20	256.83775553142	-0.34473806544216	0.0470487743810975	-7.32724858356063	2.34925828271312e-13	3.47371433769664e-13	CDK20
CDK2AP1	3381.19665356842	0.137383688503743	0.0232798845928105	5.90139044530191	3.60450741300616e-09	4.9192371449222e-09	CDK2AP1
CDK2AP2	1772.99249078546	2.00209618684437	0.0339405619469196	58.988304023236	0	0	CDK2AP2
CDK3	594.944742670753	-0.265009589914028	0.0488430957314987	-5.42573286858891	5.77172256536132e-08	7.67445545125344e-08	CDK3
CDK4	1457.03095745766	-0.082772189277943	0.019401438899962	-4.26629126348485	1.9874927348521e-05	2.49611782041949e-05	CDK4
CDK5	345.571193421878	0.204240062744622	0.0303352362362384	6.73276651462625	1.66467081905896e-11	2.38106789144857e-11	CDK5
CDK5R1	241.475375021392	-0.618017092738582	0.0502625553097072	-12.2957754322376	9.54365007233054e-35	1.89222651120192e-34	CDK5R1
CDK5RAP1	1555.01192815455	-0.370511121113905	0.0202506003757304	-18.2963030349435	8.85581189343486e-75	2.63580472707872e-74	CDK5RAP1
CDK5RAP2	4890.3536561347	-0.5781975804795	0.0403141777700249	-14.342288804149	1.19063016398899e-46	2.6972732924699e-46	CDK5RAP2
CDK5RAP3	4451.38020484324	-0.0397442286909142	0.031385227458408	-1.26633553137646	0.205392981174661	0.220878132153956	CDK5RAP3
CDK6	1440.96554129725	0.570974886983022	0.0568328264676897	10.0465685497382	9.51221347421727e-24	1.64913179957031e-23	CDK6
CDK7	1025.97852429293	-0.911470273343177	0.0274468010488636	-33.2086158864374	8.08493555662895e-242	7.66387177224211e-241	CDK7
CDK8	698.578650133765	0.269531723000066	0.0216610464224222	12.4431533797491	1.52367600539728e-35	3.04718273226936e-35	CDK8
CDK9	3403.31665221012	0.193323175030559	0.0225315353127678	8.58011548467402	9.47779378890133e-18	1.50396479190773e-17	CDK9
CDKAL1	761.835094662553	-0.809616068215116	0.019490110148635	-41.5398405673874	0	0	CDKAL1
CDKL1	427.384742444005	-1.00911674356089	0.0229286396440987	-44.0111912099686	0	0	CDKL1
CDKL2	22.4454202482755	-0.767663718316416	0.0753244663159156	-10.1914259185958	2.16564133023016e-24	3.7881361952651e-24	CDKL2
CDKL3	136.802569201545	-0.0470330754020071	0.0434399553255236	-1.08271463562883	0.278935105738917	0.297036845622708	CDKL3
CDKL4	4.71985099007627	0.280430939728825	0.0741125863214005	3.78385040447373	0.000154420660471161	0.000189251518868557	CDKL4
CDKL5	932.894609971287	1.00674097107275	0.0269826915179142	37.3106207883064	1.10392280746567e-304	1.46223064438481e-303	CDKL5
CDKN1A	14467.1376189805	-0.231340407666802	0.0518419012685917	-4.46242136198349	8.10386725547936e-06	1.02759731238295e-05	CDKN1A
CDKN1B	4626.53034788162	-0.816098469027093	0.0216225032624086	-37.7430151876034	0	0	CDKN1B
CDKN1C	3058.33121821533	0.572198535747064	0.0568779725949351	10.0601077999397	8.2907515185037e-24	1.43875270495117e-23	CDKN1C
CDKN2A	36.9524236153766	-0.988073213229409	0.0839059514593258	-11.7759610140216	5.19219676599986e-32	9.98875002508961e-32	CDKN2A
CDKN2AIP	979.814734276532	-0.469781498187932	0.0211830434747435	-22.1772427908223	5.69646170688285e-109	2.26112474499665e-108	CDKN2AIP
CDKN2AIPNL	1257.34676060102	0.187267930099748	0.0475983283447301	3.93433838145457	8.34261822598481e-05	0.000103043413397799	CDKN2AIPNL
CDKN2B	1276.12227303519	-3.19391399207487	0.0505106601708496	-63.2324737247865	0	0	CDKN2B
CDKN2B-AS1	22.3011318144538	-0.221166309459894	0.0615331943434141	-3.59426016835034	0.00032531464600438	0.000394688208042383	CDKN2B-AS1
CDKN2C	894.614282099162	-0.206231579097936	0.0412353234227496	-5.00133288597313	5.69353066880849e-07	7.42030448662189e-07	CDKN2C
CDKN2D	647.947593568454	0.262889663280815	0.0310605676744681	8.46377522896698	2.58858497518828e-17	4.08352625872966e-17	CDKN2D
CDKN3	80.4822994131744	0.671105616969298	0.0524096048706726	12.8050119558302	1.53702142836697e-37	3.14015693247461e-37	CDKN3
CDNF	364.748100449476	-2.4365253579184	0.0654224149407856	-37.2429749058288	1.37674071809049e-303	1.81292682270278e-302	CDNF
CDO1	854.04319788025	-0.474720193306814	0.082172441703345	-5.77712166593061	7.59893390010236e-09	1.02980056565341e-08	CDO1
CDON	752.734759486629	-1.07493181892158	0.0708189948274202	-15.1785805706661	4.90276726504573e-52	1.1743807523365e-51	CDON
CDPF1	424.612020782756	0.368468270143953	0.0216123692571817	17.048953113806	3.55849779237985e-65	9.67328884938532e-65	CDPF1
CDR2	930.526376708474	0.0276300482474525	0.0382044506341355	0.723215431417961	0.469547539635838	0.490103517394452	CDR2
CDR2L	933.864082271479	2.12147552135521	0.045339034111494	46.7913700176817	0	0	CDR2L
CDRT1	172.934742849924	-0.347308517686396	0.0500550496931813	-6.93853107359331	3.96197854254542e-12	5.73539008800644e-12	CDRT1
CDRT15	2.90175298780825	0.599803190096272	0.0854270627771959	7.02123156991398	2.19921002817862e-12	3.19851173283052e-12	CDRT15
CDRT15P1	8.26309541916489	-0.0569821565107061	0.0717654476652603	-0.794005449202953	0.427192259045721	0.447737284138691	CDRT15P1
CDRT4	499.532200091941	-0.277934932926839	0.0556961000584585	-4.99020456791623	6.03153826360035e-07	7.85343365519493e-07	CDRT4
CDS1	894.974185956078	-3.55899724143126	0.118395988422893	-30.0601168066527	1.61033615500029e-198	1.19982041085101e-197	CDS1
CDS2	3364.6687646563	1.35964815705395	0.0218798122591535	62.1416738384095	0	0	CDS2
CDSN	113.138696557753	-8.3977527513715	0.245003962162859	-34.2759875278643	1.788938864795e-257	1.85179347355807e-256	CDSN
CDT1	139.064497037616	-1.65798885598436	0.0944062474721813	-17.5622789844805	4.79123792367714e-69	1.35587287948612e-68	CDT1
CDV3	12590.0479161217	-0.806357299928267	0.0483307078646346	-16.6841607655887	1.70890638858903e-62	4.54320246654722e-62	CDV3
CDYL	1702.51988369332	-0.886518214639645	0.022041705043723	-40.2200380089065	0	0	CDYL
CDYL2	326.776691043755	-0.371095763911931	0.0535504492819969	-6.92983474251989	4.21332518716054e-12	6.09728006222984e-12	CDYL2
CEACAM1	425.040070579283	0.337300192818863	0.0744964802457883	4.52773327955896	5.96197675139782e-06	7.584561378227e-06	CEACAM1
CEACAM16	4.44783963392443	-1.19565342360496	0.117127920232128	-10.2080991554821	1.82403089791615e-24	3.1933845743424e-24	CEACAM16
CEACAM19	1150.94750702197	0.415159463062106	0.04282288040017	9.69480472080663	3.17243971870188e-22	5.37883464032707e-22	CEACAM19
CEACAM21	20.8353275160369	0.591079903193054	0.0794920582738158	7.43571013291716	1.04007686125026e-13	1.5479473815102e-13	CEACAM21
CEACAM3	11.9637797503872	2.4623689490064	0.0866078522063197	28.4312436606842	8.31303842967413e-178	5.39059815463127e-177	CEACAM3
CEACAM4	20.3281362421386	1.23954082230902	0.0750734201192922	16.5110477228742	3.05532513901645e-61	8.01967159921773e-61	CEACAM4
CEACAM5	103.025979069322	-3.65550326503884	0.1405435928167	-26.0097468107737	3.84194527266239e-149	2.03707973058014e-148	CEACAM5
CEACAM6	221.02721187373	-4.12105912734151	0.131140285438327	-31.4248143777266	9.27281085523144e-217	7.68154018430838e-216	CEACAM6
CEACAM8	5.59429840155894	1.79481648692449	0.126844276987071	14.1497632337597	1.87387115106714e-45	4.18609513407293e-45	CEACAM8
CEBPA	1918.42858976758	-5.04903150250387	0.0764631418883431	-66.0322264794824	0	0	CEBPA
CEBPB	7740.64031234562	-1.25835279108378	0.0432223575913525	-29.1134695377085	2.42444927307326e-186	1.66510917072078e-185	CEBPB
CEBPD	9665.30199042709	-0.378665710876997	0.0535931637627826	-7.06555993882112	1.599696171032e-12	2.33129297075348e-12	CEBPD
CEBPE	7.75144265907648	0.661605176994429	0.0963732259447053	6.86503093062412	6.64768479587387e-12	9.58239702198315e-12	CEBPE
CEBPG	3778.65082850953	-0.966018637659997	0.0362383146741573	-26.6573831135943	1.46958119211716e-156	8.21040690232806e-156	CEBPG
CEBPZ	1703.2131984776	-1.02851938240002	0.0398485370556675	-25.8107187464172	6.72163130564068e-147	3.5061166367093e-146	CEBPZ
CECR2	1809.77145830563	-0.67468476326106	0.0918730713849832	-7.34366178348249	2.07827908616338e-13	3.07581203897287e-13	CECR2
CECR7	297.808238881191	-1.4558033694802	0.0580255236985699	-25.0890173269746	6.55434873024829e-139	3.22451028951078e-138	CECR7
CEL	219.888606634162	0.433752471160617	0.0820033505957215	5.28944815071066	1.22685953585206e-07	1.61946898180487e-07	CEL
CELA2A	21.4907940636661	0.379414844760738	0.148064559822909	2.56249601670064	0.010392277972957	0.0119488627868676	CELA2A
CELA2B	6.17447939889866	0.292574928307894	0.11141413086827	2.62601275105594	0.00863915810159041	0.0099726487743189	CELA2B
CELA3A	102.102889605509	0.553926983856043	0.17260936603458	3.20913630923753	0.00133134358957369	0.00158481126543553	CELA3A
CELF1	8176.66179484143	-0.414893216564556	0.02235965249954	-18.5554411712387	7.3699844315687e-77	2.23458126583574e-76	CELF1
CELF2	4068.19112689875	0.305113214046542	0.0379752314615879	8.03453204373922	9.39367280762301e-16	1.44587861658847e-15	CELF2
CELF2-AS1	58.0978755759509	0.370114066039827	0.0533547791508411	6.93684936814123	4.00940930169258e-12	5.80358449982053e-12	CELF2-AS1
CELF3	13.3250511909284	0.186866500972645	0.0607209515797535	3.07746331556097	0.00208770533257769	0.0024657688925747	CELF3
CELF6	463.845664768008	0.51148009107574	0.0472281599714484	10.8299813370869	2.48205904096699e-27	4.50580322674937e-27	CELF6
CELSR1	2163.1238436493	-0.997707081729609	0.10546917397382	-9.45970319230212	3.08818534464034e-21	5.1606409570062e-21	CELSR1
CELSR2	4706.57868255013	-2.43682003586445	0.0661141675133907	-36.8577587454444	2.19677525690687e-297	2.81052959485292e-296	CELSR2
CELSR3	205.875302400984	-1.11084100405475	0.0539653144328666	-20.5843515548612	3.79075595376871e-94	1.33510854869479e-93	CELSR3
CENPA	46.001258775026	0.285842399086547	0.101780750534803	2.80841315852554	0.00497863080385233	0.00579729174591797	CENPA
CENPB	6382.87892108672	-0.269668523304613	0.0293605151538754	-9.18473405154196	4.12545459688022e-20	6.78318489207535e-20	CENPB
CENPBD1	426.495611585257	0.0402672428095058	0.0265553430676207	1.51635182068516	0.12943041475411	0.14103371041094	CENPBD1
CENPC	880.886743301883	-0.288509678051994	0.0325763359308596	-8.85641892520785	8.26259326614093e-19	1.33227285367075e-18	CENPC
CENPCP1	1.17293390253833	0.581316095579131	0.118390503473724	4.91015815054923	9.10029695233295e-07	1.18081485935952e-06	CENPCP1
CENPE	73.8325761354766	-0.949878895193026	0.0649084805407751	-14.6341261924367	1.70147586132281e-48	3.92972375925994e-48	CENPE
CENPF	223.626194295233	-1.39042394038373	0.0796878415401757	-17.4483825074208	3.54119360917168e-68	9.94462186563174e-68	CENPF
CENPH	179.641029624138	-0.506526322322425	0.0287600039950422	-17.6121784409259	1.98650430423998e-69	5.6384522202182e-69	CENPH
CENPI	67.4834810830839	-0.426802763622067	0.0510265391656525	-8.36432904525418	6.04579778690358e-17	9.48495781436738e-17	CENPI
CENPJ	462.274618784265	0.112960158365398	0.0241096079338673	4.68527562435886	2.795834337358e-06	3.58690142589847e-06	CENPJ
CENPK	38.4435316297117	-0.566458866780061	0.071690576528619	-7.90144108485346	2.75697157241435e-15	4.20685303679162e-15	CENPK
CENPL	168.518520408795	-0.58597946830592	0.0269711790160613	-21.7261346994497	1.16179997174087e-104	4.45728075262306e-104	CENPL
CENPM	62.4499283693545	-1.79235442827046	0.0831074408309009	-21.5667142478538	3.68990919515078e-103	1.39806473209659e-102	CENPM
CENPN	218.666015608974	0.697015114707691	0.0400776606690438	17.3916117625615	9.55101920135154e-68	2.66761670509743e-67	CENPN
CENPO	358.911821199295	-0.257664552993621	0.0340115437430928	-7.57579705701977	3.56929395914347e-14	5.35290015483976e-14	CENPO
CENPP	502.168863931769	-1.39597112290456	0.0506836292891761	-27.5428406071678	5.39152513390447e-167	3.22971194460614e-166	CENPP
CENPQ	207.005214145915	0.284227000177559	0.0279380881178443	10.1734592209272	2.60489765735075e-24	4.54940940428552e-24	CENPQ
CENPT	3011.68167185567	-0.407975033651381	0.0379146599298481	-10.76035059806	5.29682629025507e-27	9.57407069493739e-27	CENPT
CENPV	535.823641147687	-0.759147230878593	0.0416798450653605	-18.2137728604349	4.01314231987271e-74	1.18602158758871e-73	CENPV
CENPW	91.8221692480416	-1.96210364521942	0.048784797194027	-40.2195716303941	0	0	CENPW
CEP104	1736.24628670822	-0.239423340590448	0.0197588692424641	-12.1172592243234	8.55731943339646e-34	1.68074530409787e-33	CEP104
CEP112	818.997960406689	0.161444280510954	0.0448939799327433	3.59612314953625	0.000322994936158592	0.000391953070364758	CEP112
CEP120	908.28393257698	-0.0262450994858993	0.0251052100992674	-1.04540449500819	0.295836060091488	0.314402226809947	CEP120
CEP128	196.328088375991	-0.865246267496071	0.0347512374966492	-24.8982865021569	7.76499167664717e-137	3.7604954310284e-136	CEP128
CEP135	334.210258265575	-0.0966244157992053	0.0352659176798136	-2.73988094330844	0.00614614436002362	0.00713371233637148	CEP135
CEP152	271.950875535782	-0.0865844153938071	0.0419837503803141	-2.06233160709735	0.039176175813735	0.0438836553094613	CEP152
CEP164	1516.17505300043	-0.464665890161492	0.039161968278321	-11.8652333013282	1.79401703086327e-32	3.47248393253438e-32	CEP164
CEP170	1359.27825658596	0.0509457530663211	0.0309657834955403	1.64522732239791	0.099922941048952	0.109584066152198	CEP170
CEP170B	4567.44096626106	-0.99803828806045	0.0557056827013791	-17.9162742410074	8.80300457979145e-72	2.55709029273561e-71	CEP170B
CEP170P1	8.00818567093625	-0.558475894696766	0.0664553733476956	-8.40377333785805	4.32356812595502e-17	6.79250740402482e-17	CEP170P1
CEP19	68.6705994839195	0.72307317400146	0.0416605392789109	17.3563085480146	1.76727380814617e-67	4.92304175494262e-67	CEP19
CEP192	1352.2393293495	0.0713168347293342	0.0240030546140715	2.9711566246875	0.00296680433336795	0.00348394838573661	CEP192
CEP250	1787.61881338937	-0.512914326253643	0.0238591306997806	-21.4976116568387	1.63908897641634e-102	6.18169718509752e-102	CEP250
CEP290	796.03723454324	0.182903416291506	0.0281753341299314	6.49161480918173	8.49211576750649e-11	1.19792003707299e-10	CEP290
CEP350	5090.29414059006	-1.21067135494381	0.0425305061582968	-28.4659521905932	3.09317823762027e-178	2.01229857084939e-177	CEP350
CEP41	264.103443677459	0.499051894306281	0.0383243592766324	13.0217935466065	9.19846348252957e-39	1.90192443313824e-38	CEP41
CEP44	868.934004007041	-0.0468962452195846	0.0254114237230826	-1.84547885748669	0.0649679112636386	0.0719463162508003	CEP44
CEP55	54.2684747138309	-1.01144525585805	0.0949735371567198	-10.6497587237276	1.74817570115892e-26	3.13935662375915e-26	CEP55
CEP57	1101.18994829736	-0.186514553739547	0.0198952761046114	-9.37481604974138	6.9296497817773e-21	1.153083987075e-20	CEP57
CEP57L1	637.58763340858	0.0688758283135534	0.0205231219904766	3.35601125138339	0.000790753516592813	0.000947693345684902	CEP57L1
CEP63	2009.83935390343	-0.184514197731268	0.0311568313291135	-5.92211049263068	3.17835946442387e-09	4.34226234965803e-09	CEP63
CEP68	3291.9812617518	-0.776227792446818	0.0315204094436298	-24.626196364454	6.62191398729335e-134	3.14348823009672e-133	CEP68
CEP70	609.009343685784	0.255374648749997	0.0394653683441031	6.47085430758828	9.74503622205449e-11	1.37315379282351e-10	CEP70
CEP72	141.914726012592	-0.81436557069774	0.0421292275822237	-19.3301804337224	2.99369183391016e-83	9.60767457696859e-83	CEP72
CEP76	287.7330684163	-0.926027545217731	0.0279866468426607	-33.0881920375744	4.3943385390614e-240	4.13067822671772e-239	CEP76
CEP78	457.831747746409	-0.268788486107766	0.0267945449642918	-10.0314629886782	1.10861632294387e-23	1.9203428049762e-23	CEP78
CEP85	3395.66391309141	0.0169754412765701	0.0752421006841544	0.225610942839413	0.821504029121578	0.832276791322463	CEP85
CEP85L	1113.33519177059	-0.165979267429947	0.0562653207337065	-2.94993906131801	0.00317836612258939	0.0037280099415346	CEP85L
CEP89	1022.33204651843	-0.0810632328453871	0.0141563446944098	-5.72628277957927	1.02655056067772e-08	1.38647483814222e-08	CEP89
CEP95	1824.80858741761	-0.449095894901562	0.0228908397777161	-19.619022249186	1.0637959027128e-85	3.48614419164993e-85	CEP95
CEP97	585.934897931115	-0.246942958059647	0.0253413847653296	-9.74465130246148	1.94445266718919e-22	3.30301901123644e-22	CEP97
CEPT1	1008.63791595789	-0.823216237407349	0.0274203477007781	-30.0220933151767	5.05295680247992e-198	3.75240410071952e-197	CEPT1
CER1	1.62766898879427	1.17327239118271	0.151575444434611	7.74051757234897	9.90129165156213e-15	1.49675135219827e-14	CER1
CERCAM	1495.85307956593	0.47273200620335	0.0628171471722184	7.52552491610796	5.2508939177344e-14	7.85844208622688e-14	CERCAM
CERK	3663.21543941541	1.16021171059429	0.0247950045761866	46.7921555339646	0	0	CERK
CERKL	6.06080769867643	-2.26233161118632	0.140886992987517	-16.0577748393477	5.04321214068231e-58	1.27953293508699e-57	CERKL
CERS2	1872.39227420145	0.203535715766834	0.0319696053746238	6.36653825975569	1.93342089206747e-10	2.71055369767185e-10	CERS2
CERS3	1831.2170091889	-8.13065374087359	0.14849721893749	-54.7529024385044	0	0	CERS3
CERS4	1401.70747251793	-0.551846396193474	0.0718418323439057	-7.68140758926908	1.57349967589424e-14	2.37224184805462e-14	CERS4
CERS5	1603.69191721127	-0.125911318767009	0.0395732301229363	-3.18172962823249	0.00146398416834982	0.00174051773426228	CERS5
CERS6	1246.79070530113	1.122627517001	0.0408300135466328	27.4951541644439	2.00622452511906e-166	1.19741537389483e-165	CERS6
CES1	1029.05405692155	0.782094421414256	0.0764364606532151	10.2319549431068	1.42611007601397e-24	2.50062414556084e-24	CES1
CES1P1	18.3901851744437	0.820091145870309	0.0970019209943162	8.45438046446896	2.80573060757286e-17	4.42220091646257e-17	CES1P1
CES2	3730.69558289997	1.06140323501444	0.0402332651055283	26.3812353342557	2.24982919678863e-153	1.22206322786337e-152	CES2
CES3	1144.73790137332	-3.81277319984762	0.0980703824324525	-38.8779273138221	0	0	CES3
CES4A	846.94375165466	-1.94488729665416	0.0732984528178161	-26.5338110408441	3.94914349559772e-155	2.18196844887215e-154	CES4A
CES5A	18.9841126271226	-1.7990626553429	0.179084299080815	-10.045898298047	9.57710699386469e-24	1.66022248648457e-23	CES5A
CETN2	1150.42391333773	0.356528523651465	0.0207571255387144	17.1761992278988	4.00293900006194e-66	1.09960178452793e-65	CETN2
CETN3	382.244677467632	0.570043185492772	0.0281652250702169	20.2392554673941	4.41792705622179e-91	1.51393689204357e-90	CETN3
CETP	100.819900443504	-1.34652809102435	0.111811015027135	-12.0428930074337	2.11409317720431e-33	4.13245643206155e-33	CETP
CFB	945.183002924823	-0.425256382008693	0.0738605486602744	-5.75755785358003	8.53395259672077e-09	1.15442759971121e-08	CFB
CFD	16709.8551804502	-0.0962018601040505	0.0641181041229541	-1.50038528774294	0.133514628290097	0.145343300910138	CFD
CFDP1	1647.36809281946	-0.0438342295421259	0.0176530014612027	-2.48310349027408	0.0130243242642864	0.0149132282349354	CFDP1
CFH	5064.79889993872	-0.393662024802392	0.0562963026177423	-6.99267991852676	2.69684321906685e-12	3.91720122540324e-12	CFH
CFHR1	4.69875129300044	-1.05616255164341	0.110905793156994	-9.52306026204019	1.68152792199634e-21	2.8201979058843e-21	CFHR1
CFHR3	8.29861971223578	0.112526397928889	0.104471259062824	1.07710387467639	0.28143386226399	0.299573706736094	CFHR3
CFHR4	0.349227432360523	0.0102330563757003	0.321781936516626	0.0318012144698855	0.974630578120713	0.976638000264471	CFHR4
CFI	684.342417871114	0.841824697049584	0.0612593108851505	13.7419877058011	5.68921094050443e-43	1.2355107508749e-42	CFI
CFL1	16318.5924731051	0.31683524639318	0.0318668095148689	9.94248408348964	2.71959207288196e-23	4.68293255251082e-23	CFL1
CFL1P3	0.388435684213856	1.14151270092681	0.18229263295126	6.26197933754139	3.80121316708922e-10	5.29610202947159e-10	CFL1P3
CFL2	16561.7947126532	-0.055233462439408	0.100258363450478	-0.550911271025186	0.581694500672436	0.600612751325256	CFL2
CFLAR	20049.8080665203	0.512461246785167	0.0460067065124058	11.1388379137068	8.11715692354315e-29	1.50341539027369e-28	CFLAR
CFLAR-AS1	86.8848778863022	0.421968540020384	0.0432388532863043	9.7590132010749	1.68789540010999e-22	2.87045867712611e-22	CFLAR-AS1
CFP	104.104657120028	0.14964133473501	0.0546768665191082	2.73683084385815	0.00620341820959916	0.00719926060157272	CFP
CFTR	122.125022462962	-2.5114979651353	0.126815845753014	-19.8042914134459	2.73382106337582e-87	9.07794004092014e-87	CFTR
CGA	44.5517376286862	-1.3332571209173	0.156239088567903	-8.53344149110201	1.42057312322792e-17	2.2478671581598e-17	CGA
CGB7	63.4830537193862	-3.42655701060592	0.0790672811348428	-43.3372307916115	0	0	CGB7
CGGBP1	3864.8973337054	0.00260241056193176	0.0201735224979617	0.129001296734108	0.897356622758014	0.90378316825754	CGGBP1
CGN	1762.90929919276	-5.86414575414438	0.132123952296797	-44.3836689124426	0	0	CGN
CGNL1	1771.39512531037	0.58546478379698	0.0817826518992775	7.1587894278365	8.13925954629179e-13	1.19253468250691e-12	CGNL1
CGREF1	187.927434451439	-2.1529398934835	0.0584965190109194	-36.8045813646042	1.55960447976406e-296	1.98546253466994e-295	CGREF1
CGRRF1	569.114725199602	-0.0326821842040863	0.0425551745847983	-0.767995538097526	0.442489835726527	0.463177271205048	CGRRF1
CH25H	205.684772210518	0.435203395184853	0.0947708276441026	4.59216623937478	4.38668712897932e-06	5.59914592701955e-06	CH25H
CHAC1	1847.49256899302	-3.22396545531028	0.135579775781674	-23.7791030168237	5.49537700501172e-125	2.4558659748564e-124	CHAC1
CHAC2	111.514563590727	-0.0246756361638926	0.0640896724807173	-0.385017354727734	0.70022455763879	0.715000411938049	CHAC2
CHAD	339.88009456279	-3.88503508216303	0.071275584064336	-54.5072360074419	0	0	CHAD
CHADL	269.740258090445	2.06022456701738	0.0565129473827922	36.4557975195026	5.56798259014485e-291	6.87443447223576e-290	CHADL
CHAF1A	924.740046649033	-1.26295415275175	0.0328575678939629	-38.4372378633601	0	0	CHAF1A
CHAF1B	776.55384877268	-3.26386253113536	0.0690505391724109	-47.2677341879385	0	0	CHAF1B
CHAMP1	886.924574469587	-0.355738308164918	0.0206619906761157	-17.2170394296099	1.97853433871148e-66	5.44747577717121e-66	CHAMP1
CHCHD1	1078.18387966776	0.449888790858014	0.0290125761794113	15.5066819325502	3.1262180981356e-54	7.63362072497816e-54	CHCHD1
CHCHD10	7264.65431228497	1.50475308978189	0.0844868042319158	17.8105102147236	5.85734526546638e-71	1.68754916971287e-70	CHCHD10
CHCHD2	11083.5283992028	-0.1072707752308	0.041775894160129	-2.56776730665839	0.0102355839082184	0.0117739629325733	CHCHD2
CHCHD2P6	17.9144528154039	0.097368474329522	0.0505859468697324	1.92481272674925	0.0542527912408718	0.0603148742266771	CHCHD2P6
CHCHD3	5339.60621445797	0.21725510130983	0.06893528303798	3.15158060916546	0.00162389332199364	0.00192592592497085	CHCHD3
CHCHD3P3	6.0477961467169	0.302414076867958	0.108512747781089	2.7868990791574	0.00532150488723089	0.00618814014696661	CHCHD3P3
CHCHD4	932.694561431169	0.458581829085272	0.0408077279776667	11.2376221811772	2.66463007829135e-29	4.9618295271876e-29	CHCHD4
CHCHD4P4	0.275309396619964	0.321080282735678	0.197933563464474	1.62216188662368	0.104768690029652	0.114716617349378	CHCHD4P4
CHCHD5	570.264195282682	0.0739840737936721	0.0248960728714805	2.97171663079537	0.00296139871622863	0.00347805430226604	CHCHD5
CHCHD6	389.399554393272	0.102391944214344	0.0434460044404494	2.35676319452324	0.0184349986102232	0.0209804899780381	CHCHD6
CHCHD7	1173.0670203509	0.785506925478807	0.0267771272861327	29.3349961362586	3.71304447694269e-189	2.58963632814589e-188	CHCHD7
CHD1	2484.01828745292	-0.585827318392014	0.0263865673998198	-22.2017252003766	3.30519111218764e-109	1.31513583577563e-108	CHD1
CHD1L	1621.61819264959	-0.548306954787274	0.0204434281977201	-26.8206951145514	1.85382483880505e-158	1.04774571187849e-157	CHD1L
CHD2	8201.71186916225	-0.900600866078234	0.0205719641047514	-43.7780690989164	0	0	CHD2
CHD3	4997.74214306363	-0.415384816990033	0.0499825632920121	-8.31059452800047	9.52237752130632e-17	1.48937629473486e-16	CHD3
CHD4	10373.1922941962	-0.0141505581496891	0.0198779826423661	-0.711870938026169	0.476544699950339	0.497205190042662	CHD4
CHD5	55.9890239860188	-0.628260457195422	0.0617403600451483	-10.1758469943486	2.54178927436148e-24	4.4409151439174e-24	CHD5
CHD6	3019.59851157439	-0.477868315889957	0.028383666924688	-16.8360316923783	1.32852493074246e-63	3.565112891815e-63	CHD6
CHD7	2375.10053933892	-0.834605712166506	0.0418284137439034	-19.9530806326155	1.40931493573889e-88	4.72862593816136e-88	CHD7
CHD8	4099.58237371379	-0.669729571546537	0.0227716453759916	-29.4106798383853	4.01012096692242e-190	2.8164723966278e-189	CHD8
CHD9	3736.54966920599	-0.638317823892854	0.0213482512324276	-29.9002394595798	1.95373922543078e-196	1.43547999171345e-195	CHD9
CHDH	798.086639170038	-0.591264907719211	0.059743102683556	-9.89678943946033	4.29853153052094e-23	7.38408875664733e-23	CHDH
CHEK1	91.9157439245689	-0.951550783212728	0.0598585388456895	-15.8966590491918	6.68353288755384e-57	1.67633099496804e-56	CHEK1
CHEK2	196.366719117926	-0.377898188752393	0.0527854853114795	-7.15913070652795	8.11902473161219e-13	1.18966678220392e-12	CHEK2
CHERP	2142.45880052654	-0.628684717578784	0.022064361235932	-28.4932208486038	1.42140224202629e-178	9.28061725016878e-178	CHERP
CHFR	1594.50910782095	0.0235316948675357	0.0276556418179529	0.850882254783178	0.394834763191794	0.415250091856478	CHFR
CHGA	20.5493154673163	-0.530949693472642	0.0975283463595022	-5.44405512132331	5.20810920556754e-08	6.93272009239231e-08	CHGA
CHGB	378.840484869183	0.296235750493587	0.137856945201049	2.14886344726093	0.0316452261095397	0.0356184402674811	CHGB
CHI3L1	2818.92442174847	-2.74312909327512	0.102693967265245	-26.711686833463	3.44341491688337e-157	1.93039277230824e-156	CHI3L1
CHI3L2	323.448009515716	-1.14670644879119	0.0950922341434818	-12.0588863971895	1.74121284984193e-33	3.40616958378662e-33	CHI3L2
CHIA	2.02214571234229	-0.0534181536256243	0.190981220454347	-0.279703698083727	0.77970484087428	0.791872260956336	CHIA
CHIAP2	0.816519194832327	-1.33021628357836	0.252018520485435	-5.27824812643178	1.30424781688487e-07	1.72086527536059e-07	CHIAP2
CHIC1	736.632471205249	0.472812443717664	0.0246704084521618	19.1651648019728	7.23273156162962e-82	2.29704306353025e-81	CHIC1
CHIC2	648.449010441961	-0.567291871513141	0.0414071865521504	-13.7003239956587	1.01072284104632e-42	2.18941297974427e-42	CHIC2
CHID1	1885.89076386922	0.415926377378371	0.0170710642769653	24.3644081370836	4.07904535384958e-131	1.89979030827028e-130	CHID1
CHIT1	67.5955279583039	-2.27869418682619	0.106101862645537	-21.4764767555383	2.58376216385182e-102	9.73018885177753e-102	CHIT1
CHKA	895.338897530819	0.196197179259891	0.0383114939938543	5.12110489064625	3.03750621303473e-07	3.98093551808069e-07	CHKA
CHKB	2459.83255277695	0.610864941267649	0.0290610084766605	21.0200875086027	4.2964075528277e-98	1.5652627475906e-97	CHKB
CHL1	1290.58567840013	-1.49321567564078	0.0944895579056678	-15.8029702830392	2.96796374356652e-56	7.40284264208688e-56	CHL1
CHM	1027.27623754962	-0.458518559937217	0.0250715593203681	-18.2883941951196	1.02387037138767e-74	3.04538839315092e-74	CHM
CHML	622.022762992044	-0.218633065008544	0.0262038387070421	-8.34355101375995	7.20923212157224e-17	1.12895508847692e-16	CHML
CHMP1A	4601.02900066835	-0.170879024357866	0.0196340639352478	-8.70319180590512	3.22677872573471e-18	5.15763131255111e-18	CHMP1A
CHMP1B	10658.6355934237	-2.64087334669131	0.0791886070923454	-33.3491577091596	7.49234425282176e-244	7.18155957907585e-243	CHMP1B
CHMP2A	4934.95546141742	0.0656496820433775	0.0224091554170146	2.92959198245961	0.0033940734329436	0.00397765077255324	CHMP2A
CHMP2B	2216.06874234668	-0.3595025273946	0.0204826779976545	-17.5515392780068	5.78896008478311e-69	1.63641756416741e-68	CHMP2B
CHMP3	6294.16103118534	0.0577928985853473	0.0205575250896341	2.81127705467273	0.00493452750832388	0.00574705160955863	CHMP3
CHMP4A	1926.30334038008	0.0133644520785705	0.0288813895487833	0.462735771628878	0.643553774281332	0.660581142204382	CHMP4A
CHMP4B	8657.05166233642	-0.113299771797675	0.0285592238936295	-3.96718665113822	7.27260358563749e-05	9.00248501891489e-05	CHMP4B
CHMP4BP1	37.796521166706	1.26327603947698	0.0683057049755413	18.4944440574814	2.28890221739132e-76	6.91085689621957e-76	CHMP4BP1
CHMP4C	590.305800089692	-2.19821606496337	0.111584658507683	-19.6999846964805	2.15685238736948e-86	7.10569176885761e-86	CHMP4C
CHMP5	2431.97628842723	0.107727547964112	0.0164677385761765	6.54173294443468	6.08100217034119e-11	8.60431693666968e-11	CHMP5
CHMP6	1042.84453107185	-0.376124234673672	0.0325874817856943	-11.5419852674467	8.10331050984839e-31	1.53658161263859e-30	CHMP6
CHMP7	2433.04772303568	0.264063033551074	0.0249586234299573	10.5800319593798	3.68832396858782e-26	6.59647488907595e-26	CHMP7
CHN1	446.504110378621	1.17883653277542	0.0499805424645192	23.5859091287827	5.3772726746324e-123	2.3730396032375e-122	CHN1
CHN2	434.556246198728	1.65066986251241	0.0586849985418262	28.1276289260864	4.50076780481673e-174	2.85175365204174e-173	CHN2
CHODL	66.8170039387425	-1.69074848324474	0.0740092679080008	-22.8450913113541	1.6351794733499e-115	6.84213521612542e-115	CHODL
CHORDC1	1446.22880533303	0.463537617266933	0.029679662548868	15.6180218189378	5.48820932811302e-55	1.35018800212331e-54	CHORDC1
CHP1	6307.31232334323	-0.299825252897177	0.0344055650458387	-8.71444059987733	2.92197867875135e-18	4.67334857362976e-18	CHP1
CHP2	1930.7170890174	-8.76415408144871	0.175503197211085	-49.9372901503767	0	0	CHP2
CHPF	3726.20185316392	2.48704096627779	0.0311191775851932	79.9198808988175	0	0	CHPF
CHPF2	1731.19620799941	0.497459869410763	0.0289721551610854	17.1702749293203	4.43315223890129e-66	1.21703787482785e-65	CHPF2
CHPT1	3032.06512454479	1.12782036667193	0.0374543079393885	30.1118997712374	3.38504756436896e-199	2.53364828300231e-198	CHPT1
CHRAC1	1527.25222171398	-0.420547344571505	0.026394929692404	-15.9328836815402	3.74672245226327e-57	9.41834253081849e-57	CHRAC1
CHRD	1246.12275488537	0.747627405885615	0.0406001320222034	18.4144082456863	1.00683732280794e-75	3.02067977464428e-75	CHRD
CHRDL1	2745.94625215315	-2.88849805369235	0.0842119309801068	-34.3003422445531	7.7556382157169e-258	8.04664227787435e-257	CHRDL1
CHRDL2	355.569808253048	3.19221470365558	0.110076842586726	28.9998752566012	6.60344390580147e-185	4.48560731125782e-184	CHRDL2
CHRFAM7A	8.71420063694651	1.18301366616751	0.0658608824137462	17.9623112052413	3.84460918732235e-72	1.11912694018418e-71	CHRFAM7A
CHRM1	96.2728491701945	-4.35685106955573	0.135306863759356	-32.19977869936	1.77753729757933e-227	1.55252056738115e-226	CHRM1
CHRM2	600.774651481746	9.71608403632109	0.0931880409241736	104.26320738116	0	0	CHRM2
CHRM3	129.197161833929	-2.54413681233183	0.100646307981476	-25.2779944277746	5.57734277178808e-141	2.78418600207868e-140	CHRM3
CHRM4	89.5067132194758	-3.21512143946064	0.111157087232983	-28.9241245834538	5.93879668680353e-184	4.00840941729098e-183	CHRM4
CHRM5	15.0534925146891	-0.674788908164676	0.0496342668424977	-13.5952226373355	4.27457953747844e-42	9.19974967170604e-42	CHRM5
CHRNA1	3508.21442393216	-7.35930600698915	0.182606171409469	-40.3015185641614	0	0	CHRNA1
CHRNA10	797.154270023016	-3.3443445580476	0.113663265565685	-29.4232665356157	2.76801922595389e-190	1.94485222819656e-189	CHRNA10
CHRNA2	22.5714486265407	-4.05220168219539	0.159084264520886	-25.4720458644945	4.02369132113504e-143	2.03799852199639e-142	CHRNA2
CHRNA3	43.3692816097995	-0.611956120716872	0.086815724442236	-7.04890876219141	1.80326334696742e-12	2.62604510223772e-12	CHRNA3
CHRNA4	10.057035735475	1.95209664502176	0.0802556026086604	24.3234937072307	1.10624546263865e-130	5.14162782673854e-130	CHRNA4
CHRNA5	25.5289415571784	0.33463030040015	0.0601482803428428	5.56342256990176	2.64534268279355e-08	3.5412221040356e-08	CHRNA5
CHRNA6	0.853313050892484	0.641819436150922	0.138510544140775	4.63372258142751	3.59148213756863e-06	4.59686219840535e-06	CHRNA6
CHRNA7	15.9211194218996	0.216750753353969	0.051555444079747	4.20422628924881	2.61976743548371e-05	3.28035848679343e-05	CHRNA7
CHRNA9	13.7064517521391	-5.44608292692906	0.213606915364084	-25.4958174815944	2.19344967188262e-143	1.11380218740646e-142	CHRNA9
CHRNB1	4385.98858339618	-2.95173750860254	0.0978438645663048	-30.1678344542725	6.2603579442986e-200	4.70729755034749e-199	CHRNB1
CHRNB2	20.2906934007359	-1.5444917991972	0.0788671936474598	-19.5834507070349	2.14019125349491e-85	6.98433334919541e-85	CHRNB2
CHRNB4	4.7711525601348	-1.39933003483276	0.1150676844764	-12.1609298144846	5.01842077579981e-34	9.88257218960424e-34	CHRNB4
CHRND	2869.72159315866	-9.49642254567885	0.193612679026325	-49.0485571163841	0	0	CHRND
CHRNE	144.696034869702	-1.20708350315526	0.0705486106917989	-17.1099542757626	1.25097647969699e-65	3.41919641831545e-65	CHRNE
CHRNG	391.998336431157	-10.4087446092603	0.225076509044253	-46.2453618703223	0	0	CHRNG
CHST1	426.438025031091	0.49810057186609	0.0802348404182675	6.20803343372369	5.3651738372772e-10	7.44859588499359e-10	CHST1
CHST10	452.87252725359	1.1283081164608	0.0339011773732365	33.2822693453575	6.97083012915338e-243	6.63925466427989e-242	CHST10
CHST11	379.507623643729	0.471053639025481	0.0496114742140636	9.4948526825262	2.20522969258663e-21	3.69096603405411e-21	CHST11
CHST12	1420.77301374868	0.241456764632147	0.0242396951173829	9.96121293864756	2.25297020113818e-23	3.88427512601171e-23	CHST12
CHST14	719.494060178401	0.621932764991073	0.0370314819986583	16.7947036257854	2.66834000698938e-63	7.1392372868335e-63	CHST14
CHST15	1683.65878138453	-1.47462669126467	0.0410083978691805	-35.9591392955371	3.64291936125736e-283	4.34855380782451e-282	CHST15
CHST2	601.90616399887	0.832328333376199	0.0606105757928514	13.7323944293294	6.49509558400635e-43	1.40950229786255e-42	CHST2
CHST3	3301.78386944436	0.0988984529672213	0.0433896178392879	2.27931145495529	0.022648557580232	0.0256784458651985	CHST3
CHST4	2.42751723206939	-1.07200432368215	0.186847015199034	-5.73733716077949	9.61766756066484e-09	1.29975701020667e-08	CHST4
CHST5	25.5570898430721	1.48669913479794	0.0436832781399473	34.0335981662142	7.09727204265546e-254	7.20981907674046e-253	CHST5
CHST6	44.1768121373268	2.88700204297259	0.06487194641002	44.5030895901509	0	0	CHST6
CHST7	671.898878293701	1.40456935455349	0.0477593515748184	29.4093053661571	4.17573859930421e-190	2.93164861646159e-189	CHST7
CHST8	46.6338663803154	-0.663171553211297	0.0898778825458605	-7.37858452409481	1.59981213745836e-13	2.3725670033274e-13	CHST8
CHST9	108.291302534019	3.00118105062851	0.115643353701863	25.9520409479456	1.72436381873553e-148	9.09471816614656e-148	CHST9
CHSY1	2239.37578506811	-0.198824656052402	0.0439995222751777	-4.51879124525334	6.21936777085511e-06	7.90976679688871e-06	CHSY1
CHSY3	198.058085034909	-1.22075855509181	0.0532432709539674	-22.9279406245954	2.44635512646749e-116	1.0298605853962e-115	CHSY3
CHTF18	695.270871033738	-0.60235213347398	0.0390542716964891	-15.4234634857659	1.13832196846903e-53	2.76642821039706e-53	CHTF18
CHTF8	30.6585031764712	-0.0783823331518212	0.0318132487934953	-2.46382674277038	0.0137462540625299	0.0157258544251414	CHTF8
CHTOP	4854.22691080849	-0.0703295002610647	0.0217569886852817	-3.23250157815459	0.00122711458050109	0.00146247944674259	CHTOP
CHUK	1382.29565517142	-0.471840235923647	0.0282437831779074	-16.7059856305909	1.18552754442725e-62	3.15643859299436e-62	CHUK
CHURC1	3754.99709510195	-0.0994635972230353	0.0378772003121824	-2.62594902482919	0.00864077565867272	0.00997387641114252	CHURC1
CIAO1	4081.13654040826	0.125994287514823	0.0146936777715004	8.57472781655791	9.93214008137905e-18	1.57550628837596e-17	CIAO1
CIAPIN1	2191.29334879103	0.360789078741286	0.0267370135078551	13.4939932103969	1.69656907425549e-41	3.62319847024239e-41	CIAPIN1
CIAPIN1P	2.19240121645135	0.448620417262515	0.0902249391288359	4.9722440557362	6.61823150231837e-07	8.60924882737629e-07	CIAPIN1P
CIB1	2338.35324425615	0.893625848619821	0.0257380373171874	34.7200463503514	3.92638382955162e-264	4.22973281363009e-263	CIB1
CIB2	462.037165446707	0.73164626639482	0.0465596007177146	15.7141868726647	1.20922645974704e-55	2.99536060298698e-55	CIB2
CIC	7388.89207683641	-0.600062341917759	0.0228125274818158	-26.3040709713589	1.72271947219025e-152	9.30413237890691e-152	CIC
CICP14	676.164084963553	-0.425296306766196	0.0364134856514462	-11.6796373419776	1.61985150040595e-31	3.09871911358209e-31	CICP14
CICP16	19.0907194312006	0.138533982012591	0.0510936485536765	2.71137383870823	0.00670050342133828	0.00776612981054088	CICP16
CIDEA	1169.81857773698	-4.87479922942794	0.128195526485479	-38.0262819075836	0	0	CIDEA
CIDEC	4371.09441737915	-5.25743733169387	0.139272352479065	-37.7493252473362	0	0	CIDEC
CIITA	1112.89232197421	0.352987217687322	0.0457413997050482	7.71701828023344	1.19082578711043e-14	1.79877947417763e-14	CIITA
CILP	3540.27899164818	0.263643268405968	0.0721110387886008	3.65607364468648	0.000256107807257508	0.000311710387994753	CILP
CILP2	51.7652222993599	-0.886364792186615	0.0975585746799211	-9.08546270888725	1.03258528453466e-19	1.68824411506889e-19	CILP2
CINP	1031.21993531003	0.451035909079382	0.0195735697243963	23.0431094292022	1.72456898054742e-117	7.31651336762528e-117	CINP
CIR1	1909.1453082698	-0.312029815111459	0.0172228855684845	-18.1171624157122	2.33322162091083e-73	6.85607613418476e-73	CIR1
CIRBP	20979.7591683145	-0.183136973179318	0.0238687195669695	-7.6726768968684	1.68443416408429e-14	2.53757631497877e-14	CIRBP
CIRBP-AS1	69.2859245911995	-0.402645226867314	0.0601253524174859	-6.69676285756315	2.13086989485631e-11	3.04040813073149e-11	CIRBP-AS1
CISD1	2084.3413022739	1.02567199072873	0.0669789166538498	15.3133559330236	6.22664925428781e-53	1.50148577664347e-52	CISD1
CISD2	533.328106843671	0.342415209439475	0.0197374357026492	17.3485155112381	2.02407395994331e-67	5.63404288741914e-67	CISD2
CISD3	1399.88953102431	1.29825157382698	0.0346140612881128	37.5064793183579	7.22248122556408e-308	9.70962543251523e-307	CISD3
CISH	1819.32288911902	0.0350762338014504	0.068057794408392	0.515388929458537	0.606281266896764	0.624744924460968	CISH
CIT	328.83897172488	-0.826089029177244	0.0571419816814218	-14.456779496778	2.27181492465496e-47	5.18642237903791e-47	CIT
CITED1	35.3986649848651	-1.68548827629753	0.10880887573128	-15.4903565078652	4.03049286502024e-54	9.82968460414975e-54	CITED1
CITED2	5954.73824852436	-0.623732478762026	0.047362140145175	-13.1694318890606	1.31584061656652e-39	2.74689167793273e-39	CITED2
CITED4	1495.08518423557	-0.46529646517248	0.0519296020438905	-8.96013924349383	3.24268661673638e-19	5.269146216634e-19	CITED4
CIZ1	6984.61612478763	-0.614375849334748	0.0173972973604321	-35.3144420427086	3.52520427387857e-273	3.97601517130878e-272	CIZ1
CKAP2	514.180290553187	-0.668099695806003	0.0501271185869958	-13.3281089086841	1.58874003050317e-40	3.35078023305068e-40	CKAP2
CKAP2L	40.8889944377926	-1.55783825099945	0.10723771980126	-14.5269617247228	8.17674823625454e-48	1.87741894133696e-47	CKAP2L
CKAP4	3084.66576110809	0.648473234914558	0.0373108606765752	17.3802807856879	1.16382270568437e-67	3.24856140874933e-67	CKAP4
CKAP5	5914.56969453881	-0.350444368084708	0.0360031380638058	-9.73371730718694	2.16532159991127e-22	3.6761250702634e-22	CKAP5
CKB	9279.15974107142	2.03807859463456	0.0527806001388687	38.6141610605462	0	0	CKB
CKLF	182.654245836674	-0.317662868066938	0.0360677286028161	-8.80739875707436	1.28083403320385e-18	2.06080563386686e-18	CKLF
CKM	679116.666889242	-1.58621826520571	0.175086003288293	-9.05965203051599	1.3086736668194e-19	2.13808628393684e-19	CKM
CKMT1A	116.117320164503	-5.58353905225864	0.16527137633699	-33.7840657953604	3.38064852890857e-250	3.36587688987185e-249	CKMT1A
CKMT1B	253.946903651557	-4.83725185261673	0.136177865394818	-35.52157201607	2.28353327897575e-276	2.61654249235153e-275	CKMT1B
CKMT2	25567.9142311863	1.71768678304288	0.133550860048323	12.8616677003905	7.39634819233099e-38	1.5165925938051e-37	CKMT2
CKS1B	492.64899097323	-0.662349741119842	0.0456798825967925	-14.499812684859	1.21480946706648e-47	2.78216096904119e-47	CKS1B
CKS1BP7	0.680436231474113	0.20767898977277	0.130549628426142	1.59080490903322	0.111653487840724	0.122084336671377	CKS1BP7
CKS2	168.623726387912	-0.0117456638859243	0.0467503351119429	-0.251242346344673	0.801626746621023	0.812962426249298	CKS2
CLASP1	6360.7317245522	-0.234991671823585	0.0336647899035252	-6.98033977033608	2.94467029490195e-12	4.27269143789537e-12	CLASP1
CLASP2	3475.22270371965	-0.00434955144458562	0.0332029248038415	-0.130999045122747	0.895776062777432	0.902241769586871	CLASP2
CLASRP	3793.41752902781	-0.53458038327362	0.0208780541222435	-25.6048949841584	1.34559379319194e-144	6.88908813175431e-144	CLASRP
CLC	3.44300195053068	1.54223202705898	0.150409451728453	10.2535579336018	1.14065841798977e-24	2.00243731053577e-24	CLC
CLCA1	4.9216857244507	0.5077217281167	0.146150724267147	3.4739597129101	0.000512838027723027	0.000618781241171808	CLCA1
CLCA2	1908.79619783411	-8.34378255424936	0.158253346926009	-52.7242091009329	0	0	CLCA2
CLCA3P	1.22793753556669	0.264972453832736	0.113089216791239	2.34303907437851	0.0191273797769982	0.0217533461818135	CLCA3P
CLCA4	75.9978005903929	-3.38386383689107	0.122011550847605	-27.7339630009095	2.72041334225071e-169	1.66113163411991e-168	CLCA4
CLCC1	1344.21403181423	-0.0892768883899361	0.0246762037069044	-3.61793448661458	0.000296963538168933	0.00036082623358616	CLCC1
CLCF1	213.775349334252	0.997173131800532	0.0583065940226023	17.1022360080574	1.42818158928007e-65	3.89880145414476e-65	CLCF1
CLCN1	760.819096855451	-7.50206423127887	0.152174689142414	-49.2990278051957	0	0	CLCN1
CLCN2	192.005711525345	0.021454747690584	0.0321876133414148	0.66655292093306	0.505057749544599	0.525644342596688	CLCN2
CLCN3	3461.57628348129	0.400636688403112	0.0290862727258915	13.7740814087355	3.64996137520535e-43	7.94089372916021e-43	CLCN3
CLCN4	3868.98315003382	-1.23626440132506	0.106619195660228	-11.5951390710615	4.36156591655229e-31	8.29942368539723e-31	CLCN4
CLCN5	1121.84229287696	-1.44894890871414	0.0367963988835054	-39.3774649878485	0	0	CLCN5
CLCN6	2445.77101650757	0.13717775440423	0.017230490040984	7.9613379583484	1.70188838444062e-15	2.60618399049899e-15	CLCN6
CLCN7	2960.19878214461	-0.386289917082816	0.0201126747806367	-19.2062926137856	3.27860346547729e-82	1.04382987233917e-81	CLCN7
CLCNKA	88.1929604907994	-0.933191152461131	0.0659715852037516	-14.1453498438607	1.99521940285172e-45	4.45275780693451e-45	CLCNKA
CLCNKB	38.0813477094839	3.65812429101344	0.0610713654689536	59.8991730891148	0	0	CLCNKB
CLDN1	10522.1553551211	-7.55004284606429	0.139488448358438	-54.1266530305309	0	0	CLDN1
CLDN10	156.749604574923	-4.20169050771362	0.13580223929137	-30.9397733766281	3.48757074916538e-210	2.78279082693821e-209	CLDN10
CLDN11	566.072050697094	-0.912168819476446	0.0750352831465306	-12.1565319836955	5.29596020624841e-34	1.04256976894879e-33	CLDN11
CLDN12	1454.76899047779	0.745423935022447	0.0376889069184975	19.778337870993	4.57524276519847e-87	1.51590180409236e-86	CLDN12
CLDN14	7.71100413435904	-1.59115880225381	0.107429745094354	-14.8111568249214	1.24086229712153e-49	2.90050152064468e-49	CLDN14
CLDN15	675.980142483122	-0.526012169894164	0.0525164141084193	-10.0161478810838	1.29450348630306e-23	2.23910418535037e-23	CLDN15
CLDN16	41.0851635864943	-5.37294877506441	0.185537376902873	-28.9588484258733	2.17135190464723e-184	1.46941750509605e-183	CLDN16
CLDN18	22.5315297854522	0.0126809493762336	0.0680625886646175	0.186313063094319	0.85219926395082	0.861193451433151	CLDN18
CLDN19	41.1097946835521	-2.75018879007439	0.119845561787826	-22.947773359712	1.55087206970262e-116	6.53799721937161e-116	CLDN19
CLDN2	23.5857219490532	-2.85189368819734	0.0899871380638571	-31.692236796925	1.98759944129728e-220	1.68370717848435e-219	CLDN2
CLDN20	13.6390283247413	-0.347336739365226	0.0580601876059918	-5.98235647673623	2.19932279309578e-09	3.01546268554476e-09	CLDN20
CLDN23	401.554415685989	-3.1982810582446	0.0844895675495231	-37.8541534890677	0	0	CLDN23
CLDN24	0.379528807722889	0.67882832842492	0.195792211053755	3.46708546152812	0.000526134581751945	0.000634611940908386	CLDN24
CLDN3	337.13119995594	-6.15652002280543	0.148691928699392	-41.4045340366253	0	0	CLDN3
CLDN4	4178.28781574679	-7.45871760767354	0.128868363216367	-57.8785779652567	0	0	CLDN4
CLDN5	8112.64526942542	-0.350401528349648	0.0680161243664618	-5.15174205548278	2.58077843835242e-07	3.3867895799943e-07	CLDN5
CLDN7	485.853645950269	-2.45711576733361	0.086440854842254	-28.4253987517546	9.81774263576519e-178	6.35945250760739e-177	CLDN7
CLDN8	310.871974845882	-8.70102835473769	0.20623667654101	-42.1895295282627	0	0	CLDN8
CLDND1	3428.03016629731	0.00127073039207245	0.0229683900472217	0.0553251834133737	0.955879399425506	0.959022688053647	CLDND1
CLDND2	47.5352295404652	0.322694679275522	0.049185501581647	6.56076829347476	5.35312461045035e-11	7.58454121312213e-11	CLDND2
CLEC10A	200.903536473302	0.193897568359931	0.057568700727601	3.36810742485574	0.000756860994435366	0.000907739007317677	CLEC10A
CLEC11A	531.315596124378	0.168359447974704	0.0601189744373282	2.80043779107064	0.00510333427912959	0.00594057943343325	CLEC11A
CLEC12A	58.9230646933891	1.2132628801948	0.0751361224180702	16.1475311893791	1.1819859255682e-58	3.01629269154424e-58	CLEC12A
CLEC12B	31.2855745450711	-1.8567101090642	0.114967364024127	-16.1498884907421	1.13767164816238e-58	2.90403110303049e-58	CLEC12B
CLEC14A	2858.93788589069	1.19682465142721	0.0452499936884129	26.4491672566505	3.730117031399e-154	2.04028674209096e-153	CLEC14A
CLEC16A	2556.29495965485	-0.0634464590594522	0.0252198612616182	-2.51573386551537	0.0118784840804673	0.0136220036906729	CLEC16A
CLEC17A	2.55076570514651	-0.0927367671507384	0.115752359932994	-0.801165239347352	0.423035991900514	0.443587749181637	CLEC17A
CLEC18A	11.9379882700281	-0.666376195243357	0.0767603805281913	-8.68125184708564	3.91436313576494e-18	6.24777893304706e-18	CLEC18A
CLEC18B	7.26746048704359	-0.108078084658062	0.0740648647455633	-1.45923556370953	0.144500283573648	0.156979457127896	CLEC18B
CLEC18C	2.57910593990363	0.314907942138184	0.104140094698988	3.02388761070759	0.00249549125697734	0.0029389164616846	CLEC18C
CLEC1A	478.665212966733	0.428369307857955	0.05979952617086	7.16342311198274	7.86870043564283e-13	1.15326882056674e-12	CLEC1A
CLEC1B	4.23989834929878	1.04882095383708	0.08542069041483	12.2783010619989	1.184597573086e-34	2.34664255674273e-34	CLEC1B
CLEC2A	209.280043778651	-8.90394571714158	0.26189944395323	-33.9975739648064	2.41951461692254e-253	2.44683610220352e-252	CLEC2A
CLEC2B	1381.71911157001	-1.12349845574743	0.0471303316182177	-23.838119045043	1.34493735253947e-125	6.04650781295281e-125	CLEC2B
CLEC2D	456.156997771405	0.271191421272173	0.0517357032444598	5.24186208488843	1.58964169901461e-07	2.09373968127329e-07	CLEC2D
CLEC2L	24.2559777006557	-1.0742640930102	0.1041782561127	-10.3117880169549	6.23307178798456e-25	1.09786228234354e-24	CLEC2L
CLEC3A	0.855539732447852	-0.553139623762149	0.363953164130773	-1.5198099048904	0.128558759006432	0.140126322789874	CLEC3A
CLEC3B	1303.66521920936	0.849965315137474	0.069812135296917	12.1750367829676	4.22203713875449e-34	8.32065803971093e-34	CLEC3B
CLEC4A	85.3216099742015	-0.36082178054462	0.0368768535288246	-9.78450561847924	1.31235056529275e-22	2.23623840645918e-22	CLEC4A
CLEC4C	0.428074246907036	0.0568215029528972	0.177680990860675	0.319795058985531	0.749123693447742	0.762595464895821	CLEC4C
CLEC4D	8.00799338285541	1.38056070630836	0.0988617054596268	13.9645649434215	2.56466748003953e-44	5.65420444680851e-44	CLEC4D
CLEC4E	68.6802648127321	0.0344776771870115	0.0919144339306302	0.375106234272547	0.707581460717645	0.7221438867433	CLEC4E
CLEC4F	67.1209249285816	0.0777873164130945	0.0930432807125774	0.836033680426526	0.403135955718661	0.4236834621025	CLEC4F
CLEC4G	59.6920525669298	-0.02131883006707	0.0976735179218626	-0.218266225284573	0.827221688360288	0.837645137659534	CLEC4G
CLEC4M	2.71136352799943	0.175343731113387	0.178394126128167	0.982900810239747	0.325656259028267	0.344994015935018	CLEC4M
CLEC5A	41.951828670895	0.475279679170596	0.0931014677966489	5.10496440516594	3.30856786412727e-07	4.3320868578815e-07	CLEC5A
CLEC6A	0.203767233792902	0.423357145547251	0.306428275747983	1.38158642349126	0.167098724965359	0.180776738271617	CLEC6A
CLEC7A	244.563242052443	0.0884883489653773	0.0554730549940916	1.59515910877456	0.110676660279966	0.121045662658708	CLEC7A
CLEC9A	7.12817287758946	0.0964375788696714	0.0734519187733173	1.31293478074128	0.189204925729703	0.20395699551233	CLEC9A
CLECL1	5.78813958096112	-0.583454668914995	0.0903681043402073	-6.45642257492171	1.07206990008637e-10	1.50968710564458e-10	CLECL1
CLGN	733.91378595626	6.68503885878728	0.0678706555772896	98.4967479969972	0	0	CLGN
CLHC1	239.694076256361	0.106355861031036	0.0356555519489301	2.98286957339409	0.00285559655460967	0.00335532595166636	CLHC1
CLIC1	7484.66336843584	-0.207970586203409	0.0597505300219543	-3.48064839135308	0.000500201657530939	0.00060394445759671	CLIC1
CLIC2	772.779602898894	0.502212944088006	0.0520026294779886	9.65745288515806	4.5708716924867e-22	7.73238054096918e-22	CLIC2
CLIC3	1440.94113305677	-2.03608008119334	0.13216854253636	-15.405179191056	1.51069773860442e-53	3.66595713030711e-53	CLIC3
CLIC4	10096.6047815929	1.67875311248972	0.047231055867504	35.5434169669862	1.0501200711854e-276	1.20633129555893e-275	CLIC4
CLIC5	13110.6311284087	0.803562281268651	0.113530435653098	7.07794589746844	1.46306818314989e-12	2.13338925596446e-12	CLIC5
CLIC6	855.106049850177	0.120894240227189	0.0806480056930009	1.49903570693851	0.13386436907384	0.145715214833294	CLIC6
CLINT1	4601.4452009505	-0.881920619938257	0.0212607451187975	-41.4811717562295	0	0	CLINT1
CLIP1	20885.9931944374	-2.15409959210647	0.0654447080069124	-32.9148017877772	1.34978315064205e-237	1.25309161911849e-236	CLIP1
CLIP2	1251.15775246092	0.18796987880776	0.0499494645221667	3.76320107944985	0.000167752211698711	0.000205254728302644	CLIP2
CLIP3	847.026809277026	-0.178171910296356	0.0492319749831759	-3.61902829121202	0.000295711312099088	0.000359328967807188	CLIP3
CLIP4	5860.15850487036	-1.60588549721101	0.0512819003358204	-31.3148593693846	2.9290703266212e-215	2.41309816702555e-214	CLIP4
CLK1	8363.64180562035	-0.154505108935112	0.032071671629109	-4.81749472624555	1.45371932095021e-06	1.87667824845272e-06	CLK1
CLK2	2707.00356461344	-0.0308408041304108	0.0252549537730006	-1.22117840355668	0.222018479293466	0.237994106121148	CLK2
CLK3	3302.45081947971	-0.188440856020528	0.0164197773716323	-11.4764562122559	1.73236354766276e-30	3.27428351758477e-30	CLK3
CLK4	2458.9989687089	-0.509447931355542	0.0254791815760576	-19.9946740767475	6.12779135606727e-89	2.06141603813431e-88	CLK4
CLMN	2461.86239189687	0.00646185138051834	0.0469716945349357	0.137569049711679	0.890581017658841	0.897109619411125	CLMN
CLMP	1472.53350120477	-0.985217839882017	0.0785249293196861	-12.5465613075697	4.1515025141992e-36	8.35452171694799e-36	CLMP
CLN3	1756.48268558409	-0.636884481698454	0.0287098000564093	-22.1835220185127	4.95445711457701e-109	1.9683333153719e-108	CLN3
CLN5	718.829338561001	-0.0404015341013161	0.0260646405582853	-1.55005145806523	0.121129165634691	0.132204335814593	CLN5
CLN6	1239.57925988402	-0.611291109327786	0.0225013291889782	-27.1668888621572	1.59954497209218e-162	9.31222802154957e-162	CLN6
CLN8	1622.93880193429	-0.191587859811813	0.0401224838737916	-4.7750747539576	1.7964051156523e-06	2.31541518594136e-06	CLN8
CLNK	9.22655068315342	-2.23408348241614	0.129312204229457	-17.2766638363993	7.05103119420601e-67	1.9509008995835e-66	CLNK
CLNS1A	2600.87608756559	-0.153662709464262	0.0237074765627889	-6.48161389329179	9.07466264149265e-11	1.27959425199365e-10	CLNS1A
CLOCK	2297.91168806544	-0.172835382419349	0.0352714574766883	-4.90014858426477	9.57642034584425e-07	1.24214687019414e-06	CLOCK
CLP1	422.861942629227	-0.234930334885188	0.0295272164570542	-7.95639965680076	1.77117650683802e-15	2.71090454039548e-15	CLP1
CLPB	844.110017795005	0.141478549898938	0.0346546478358682	4.08252741649577	4.4548554579926e-05	5.54385434492394e-05	CLPB
CLPP	2547.70257304092	-0.0622447895306426	0.0356548464022067	-1.74575957580875	0.0808527380070017	0.0891807681901984	CLPP
CLPTM1	7174.02634228753	-0.00695573538146217	0.0247198300586547	-0.281382815535452	0.778416797106007	0.79081444182708	CLPTM1
CLPTM1L	2996.11477752685	-0.0600821065821122	0.0239268327884949	-2.51107646019085	0.0120363623786405	0.0138012968455257	CLPTM1L
CLPX	3786.3708519404	-0.491065195507775	0.0354818274381875	-13.8399071007054	1.46395667210662e-43	3.2008604463247e-43	CLPX
CLRN1	0.346227941088346	-0.135264435397477	0.236608899973419	-0.571679406026879	0.567539188809495	0.587277129096328	CLRN1
CLRN3	2.13502491664215	-0.153671777534557	0.182491945751563	-0.842074300329721	0.399746365489898	0.420194705120214	CLRN3
CLSPN	42.3401214981237	-0.281420773373067	0.0792410304108188	-3.55145272485812	0.000383110809895482	0.000463949454401985	CLSPN
CLSTN1	7993.45189410326	-0.130065950998229	0.0409684152755601	-3.17478599363397	0.00149947045067608	0.0017817656335481	CLSTN1
CLSTN2	1798.63082972336	-1.02538256992274	0.0665929469241856	-15.3977653382739	1.69423831462177e-53	4.10802584880207e-53	CLSTN2
CLSTN3	1895.723162282	-0.737341430028289	0.0598851036459956	-12.3126017178997	7.74844516307713e-35	1.53747532385969e-34	CLSTN3
CLTA	4285.64261150541	-0.414514829292887	0.0259403921448994	-15.979512837642	1.77527897429215e-57	4.48076231298835e-57	CLTA
CLTB	12188.5538018707	-0.0462198789874033	0.0461140805666565	-1.00229427583607	0.316201486350887	0.335234286813259	CLTB
CLTC	10694.8577719687	-0.0719371412653964	0.018370314695977	-3.91594496098373	9.00507919023199e-05	0.000111071948190834	CLTC
CLTCL1	7752.30527445751	-3.34701691648054	0.10258812968856	-32.6257718767418	1.7682674935115e-233	1.60274839630919e-232	CLTCL1
CLU	11788.9953221529	-0.264065548604982	0.0689932215269838	-3.827412936526	0.00012949716608237	0.000158911888107488	CLU
CLUAP1	793.331741643279	0.0381758549229184	0.0219361988739293	1.74031313001495	0.0818040497646733	0.0901858586363231	CLUAP1
CLUH	13481.7654484464	0.145319719419569	0.0459404792090207	3.16321731774697	0.00156035806001248	0.00185264860090263	CLUH
CLUL1	9.62173852039651	-3.11356258960524	0.154880841348931	-20.1029550361926	6.95277087623053e-90	2.36011368174667e-89	CLUL1
CLVS1	20.3319408960963	-1.8115844045724	0.0821108427768587	-22.0626697194607	7.21938767453661e-108	2.83995186908509e-107	CLVS1
CLYBL	527.028556628287	0.402186883570792	0.0480116299836552	8.37686376629392	5.43567042698378e-17	8.53147644573503e-17	CLYBL
CMA1	103.119768437449	-1.66473032813696	0.106780049736991	-15.5902748897134	8.47680063364112e-55	2.08173108057536e-54	CMA1
CMAHP	1212.33457283439	0.287724905331772	0.0551179823597498	5.22016396488934	1.78764790887517e-07	2.35315904992044e-07	CMAHP
CMAS	1930.12635157253	-0.000343045430379685	0.0279666626051178	-0.0122662269439654	0.990213212323261	0.991149245720142	CMAS
CMBL	4003.19341874911	-1.10078091919612	0.0972243890541648	-11.3220656864489	1.02038776809691e-29	1.90796719783032e-29	CMBL
CMC1	677.712491109315	0.958006763741622	0.0269216208863415	35.5850328546771	2.38759001631998e-277	2.75506460793436e-276	CMC1
CMC2	1018.64673018976	1.16836688573032	0.0400292405692941	29.1878354201543	2.76718448536743e-187	1.91217228104027e-186	CMC2
CMC4	576.194446038279	1.36983564954215	0.0302970253672253	45.2135360794863	0	0	CMC4
CMIP	2802.48103954327	-1.01110488167424	0.0621238431237336	-16.2756331680962	1.46991187435821e-59	3.79027125774561e-59	CMIP
CMKLR1	701.668696592909	0.85722923617282	0.050358348394998	17.022584407434	5.58501449596677e-65	1.51500672004065e-64	CMKLR1
CMPK1	6002.38346009344	-0.418281869324728	0.0214384889441281	-19.510790635237	8.88965605055206e-85	2.88537141301817e-84	CMPK1
CMPK2	250.09665588001	1.44765584100768	0.05961697476526	24.2826115667187	2.99279927468721e-130	1.38670218130359e-129	CMPK2
CMSS1	1383.5189696213	-0.467331810725421	0.0522112385229416	-8.9507895990645	3.52948534747535e-19	5.72896895761081e-19	CMSS1
CMTM1	18.3724340658426	0.0592835098832124	0.0518705258562079	1.14291322296509	0.253074621917324	0.270265559393317	CMTM1
CMTM2	10.9710391621923	0.942907994044085	0.0826814839851626	11.4041009981545	3.98876623310586e-30	7.49888051823902e-30	CMTM2
CMTM3	1427.33732056367	0.400994327879135	0.0564196657043848	7.1073502983902	1.18291930657328e-12	1.72880818686576e-12	CMTM3
CMTM4	1305.32902720843	-0.562570962385425	0.0294732528028899	-19.0875084656507	3.20704898383044e-81	1.01138908125318e-80	CMTM4
CMTM5	211.865399182885	2.45671845024997	0.10001631088613	24.5631780305012	3.1276109597372e-133	1.47808151447176e-132	CMTM5
CMTM6	2291.70020019756	-0.732601525124373	0.063849099632917	-11.4739523240933	1.78324425722688e-30	3.36797606487683e-30	CMTM6
CMTM7	557.88802464305	-0.65774363166939	0.0687121908391825	-9.57244447653846	1.04407358413617e-21	1.75648304561077e-21	CMTM7
CMTM8	380.02973375417	0.65623060180461	0.0463500019165274	14.1581569508115	1.66298609273135e-45	3.71776113453266e-45	CMTM8
CMTR1	3753.10625572301	0.0232763537049255	0.0135402495111163	1.71904909771538	0.0856054322576299	0.094255513246657	CMTR1
CMTR2	806.660900693984	-0.164093641747443	0.0230647037295247	-7.1144916349994	1.12326081196986e-12	1.64255222390491e-12	CMTR2
CMYA5	173177.671291867	-1.10452311177676	0.137561859080353	-8.02928311060104	9.80438726558613e-16	1.50870896877941e-15	CMYA5
CNBD2	10.7606722063285	-0.895453014631491	0.0547061200065418	-16.3684248585791	3.21425532230838e-60	8.33955175221578e-60	CNBD2
CNBP	33460.5220916989	-0.608868110684894	0.0481148907929672	-12.6544631121534	1.05695655012037e-36	2.13946641838713e-36	CNBP
CNDP1	11.3667801322667	-0.686988609773817	0.0664553909977116	-10.3375903664079	4.76364805137456e-25	8.40690476203858e-25	CNDP1
CNDP2	3704.36906496294	0.491226166307379	0.027075804985656	18.1426246262158	1.46847845923622e-73	4.32282595988735e-73	CNDP2
CNEP1R1	740.984892900248	0.113331658283997	0.0196422400027063	5.7697929700677	7.93689801531622e-09	1.07487286468332e-08	CNEP1R1
CNFN	2305.97424443632	-6.78569731760724	0.141914802366237	-47.8152892049662	0	0	CNFN
CNGA1	168.782941345165	-1.21177863136529	0.0640730160729329	-18.9124643357814	9.00486295078461e-80	2.79814496766915e-79	CNGA1
CNGA3	6.7073623930326	-0.973045043398187	0.132297039528861	-7.35500240113775	1.90923685345551e-13	2.82819063520841e-13	CNGA3
CNGA4	8.69732440139792	-0.270513006355524	0.0790689237434395	-3.42123040947512	0.000623384946943796	0.000749853152685283	CNGA4
CNGB1	3.45259250375021	-0.992855162903691	0.131967694331652	-7.52347131570333	5.33407070601781e-14	7.98226010300329e-14	CNGB1
CNGB3	4.15638024784992	0.894437047469441	0.0762555169185057	11.7294732710989	9.00170819918817e-32	1.72695032818487e-31	CNGB3
CNIH1	2217.05710345658	0.27153160697074	0.0209722339029808	12.9471952404721	2.43696066790208e-38	5.01976530299866e-38	CNIH1
CNIH2	37.4854365267037	-0.808194720570203	0.0731834673515686	-11.0434057010129	2.35918227249473e-28	4.34229448744148e-28	CNIH2
CNIH3	92.3641146260831	-1.16310141620061	0.0390559777218953	-29.7803686924104	7.0156842231499e-195	5.09436594194923e-194	CNIH3
CNIH4	1596.64122075053	-0.244355694519765	0.0222112136065495	-11.0014562395506	3.76010063035829e-28	6.89824413443535e-28	CNIH4
CNKSR1	2326.36437238892	-3.82896330837555	0.0663680826460377	-57.6928420366856	0	0	CNKSR1
CNKSR2	120.698478633148	-1.2009097021774	0.0501269677803454	-23.9573577927104	7.7447019473784e-127	3.51253161387651e-126	CNKSR2
CNKSR3	964.20560203158	0.503269834153416	0.0507958331682412	9.90769917064916	3.8541955108414e-23	6.62585936306523e-23	CNKSR3
CNN1	3889.36159626451	1.81754322105997	0.075554905344761	24.0559261210959	7.23700725656743e-128	3.30056669940386e-127	CNN1
CNN2	3237.00966362062	-0.0803869753592173	0.0683323040758292	-1.17641248083792	0.239430086732635	0.256104402595173	CNN2
CNN2P4	1.5124473872578	0.436334059203084	0.117386259339387	3.71707950878267	0.000201539032262825	0.0002460430057486	CNN2P4
CNN2P9	7.79944540510616	-0.927149209201162	0.061796030921257	-15.0033779739442	6.9775897432305e-51	1.65050713492631e-50	CNN2P9
CNN3	5876.40051215551	0.182495125166479	0.0566356358089367	3.22226673294772	0.00127180677536737	0.00151507023847305	CNN3
CNNM1	105.756897183262	-2.56212613975914	0.10704641012832	-23.9347226748458	1.3329403968344e-126	6.02870856367238e-126	CNNM1
CNNM2	596.098243642183	-0.403767675169496	0.031712318941396	-12.7322027731764	3.916320606423e-37	7.96314099584553e-37	CNNM2
CNNM3	3054.8978758564	-1.38475566745547	0.0505741743076259	-27.3806876021834	4.65785401425062e-165	2.75990882523125e-164	CNNM3
CNNM4	1988.52040373	0.229143127883241	0.0510219417821109	4.49107030974626	7.08661505533535e-06	9.00128123137819e-06	CNNM4
CNOT1	6150.55677274915	-0.671505752833993	0.0261024935613078	-25.7257319595465	6.02545339142869e-146	3.1185792552935e-145	CNOT1
CNOT10	969.827863566803	-0.367166825880556	0.0156853811277371	-23.4082183206425	3.52457022221888e-121	1.53510255432282e-120	CNOT10
CNOT11	2284.16802766414	0.365864218764441	0.0242970610103822	15.05796189128	3.06078266435229e-51	7.26875313205879e-51	CNOT11
CNOT2	3400.71905071477	-0.751220185803723	0.0190846623856977	-39.3625085223775	0	0	CNOT2
CNOT3	2794.11377901748	-0.380251568005269	0.0181432048464114	-20.9583461810761	1.57463674889326e-97	5.69978606813343e-97	CNOT3
CNOT4	1680.97798497282	-0.482757955268258	0.0325560036094383	-14.8285385718627	9.57958589496316e-50	2.2409632968841e-49	CNOT4
CNOT6	1393.04811143957	-0.286940693424552	0.0250845529034722	-11.4389399136882	2.67129496463909e-30	5.03465403187815e-30	CNOT6
CNOT6L	2393.83512896918	-0.509519389363643	0.0245325021322258	-20.7691570398088	8.22897510303227e-96	2.92804468926041e-95	CNOT6L
CNOT6LP1	12.7705528994154	-1.60481663442932	0.0974991769177231	-16.4597967404748	7.13396014598237e-61	1.86519123584355e-60	CNOT6LP1
CNOT7	2955.50083827511	-0.556576731868821	0.0324564820242993	-17.1483998620715	6.46070768983333e-66	1.77096389713248e-65	CNOT7
CNOT7P1	0.66033899400388	0.0725106898655351	0.14569180402393	0.497699169499096	0.618696093548458	0.636954439803591	CNOT7P1
CNOT8	2787.89047492322	-0.399685492949339	0.0321716871688757	-12.4235167043403	1.94806146879159e-35	3.89158300962352e-35	CNOT8
CNP	2844.26394687567	-0.206631818594531	0.017753974516743	-11.6386231375777	2.6221438815592e-31	5.00596160907278e-31	CNP
CNPPD1	4782.06823658748	-0.150692251194215	0.0245085401938366	-6.14856086908477	7.81891213925814e-10	1.08242895807726e-09	CNPPD1
CNPY2	733.946808498429	0.127922434020895	0.0224473000483257	5.69878933081024	1.20661217780678e-08	1.62649586735808e-08	CNPY2
CNPY3	1230.92224405894	0.540826079877803	0.0350250996097466	15.4411004081	8.66098881895926e-54	2.10570583103843e-53	CNPY3
CNPY4	397.001219399919	0.6782166934241	0.0428423788696746	15.8305096803148	1.91662364062784e-56	4.78982953699038e-56	CNPY4
CNR1	1001.06252941973	-3.57917645044024	0.085909940571361	-41.6619593336489	0	0	CNR1
CNR2	2.49596951747733	0.090188013249318	0.107034200806807	0.842609302162253	0.399446986899518	0.419960451526003	CNR2
CNRIP1	925.457635878167	0.210239183161844	0.0461865034151599	4.55196145228946	5.3148075047207e-06	6.77226940556928e-06	CNRIP1
CNST	3013.53454960314	-1.02413209072358	0.045991827609308	-22.267697196628	7.6008183189485e-110	3.03914550331835e-109	CNST
CNTD1	81.3967972472283	-0.168958461704936	0.0496809056329114	-3.40087322387716	0.000671709716679545	0.000807064918565511	CNTD1
CNTF	103.291713282411	-1.66624275921053	0.0698957000487281	-23.8389880643431	1.31731416944554e-125	5.92380024086663e-125	CNTF
CNTFR	3707.35463713187	-4.19231261586581	0.0795403223959746	-52.7067591578932	0	0	CNTFR
CNTLN	434.960683972028	-0.215993275195072	0.03564788882512	-6.05907621218981	1.36905519593607e-09	1.88643314314492e-09	CNTLN
CNTN1	504.970851831594	-4.03904859444036	0.0953178033440932	-42.3745454966012	0	0	CNTN1
CNTN2	74.8340813740137	-0.49764667276355	0.0833516099752782	-5.97045063570038	2.36599164354094e-09	3.24175792170654e-09	CNTN2
CNTN3	169.001433715792	0.409290958215716	0.0747386174321867	5.4762982281159	4.34315483092065e-08	5.79334050473529e-08	CNTN3
CNTN4	129.932707763215	-0.517258089390834	0.0599977293421451	-8.62129442334558	6.62014503492997e-18	1.05291774848714e-17	CNTN4
CNTN5	2.60410543369947	0.782677161803273	0.149010855351087	5.25248418955246	1.50061349305401e-07	1.97778177540381e-07	CNTN5
CNTN6	5.53303046604484	-0.75113358268237	0.1172980233756	-6.4036337618168	1.51721808628353e-10	2.1313752747924e-10	CNTN6
CNTNAP1	757.274665561391	0.960576155117056	0.040109605516488	23.9487809153891	9.5144182622116e-127	4.31082414140627e-126	CNTNAP1
CNTNAP2	12.4486060981784	1.52062822924107	0.0990719317025255	15.3487289801407	3.61193848620189e-53	8.72614477118778e-53	CNTNAP2
CNTNAP3	635.982958602459	-0.212253489134384	0.0772132555496194	-2.74892552610975	0.0059790969565299	0.00694116627850476	CNTNAP3
CNTNAP3B	186.951073293884	-0.556858007191241	0.0633029476221618	-8.79671528907273	1.40879145558974e-18	2.26486156935527e-18	CNTNAP3B
CNTNAP4	15.5883565648057	-1.78917268786909	0.10617317592226	-16.8514568046746	1.0236177576691e-63	2.74934993372149e-63	CNTNAP4
CNTNAP5	2.24718034923583	-1.37748035099622	0.209573546624913	-6.57277778221495	4.93851358570964e-11	7.00426907156943e-11	CNTNAP5
CNTRL	855.048418830798	-0.245248955370312	0.0380646526701637	-6.44295791939662	1.17167189953549e-10	1.64904346079268e-10	CNTRL
CNTROB	1774.39490698676	-0.452637894378371	0.0334462079077336	-13.5333098337199	9.94434043182413e-42	2.12902083864493e-41	CNTROB
COA1	1912.26992563794	0.316699442549769	0.0239252118585719	13.2370590664719	5.36071684657192e-40	1.1242952808475e-39	COA1
COA3	1887.25332320917	0.330181714682277	0.0303604519466527	10.8753886556909	1.51010831272602e-27	2.74885830087785e-27	COA3
COA4	1491.04084703509	0.265762842883093	0.0302695447904778	8.77987577027247	1.63655321266715e-18	2.62844346727528e-18	COA4
COA5	1471.43804681775	0.081784211033645	0.0255479052149215	3.20121005403912	0.0013685172824527	0.0016283085201554	COA5
COA6	693.197954419064	-0.148799284888839	0.0600158138774125	-2.47933461658579	0.0131627756395743	0.0150660090473693	COA6
COASY	3390.71193025664	-0.310493130125731	0.0208941900526914	-14.8602616010825	5.96916445339516e-50	1.39891849141474e-49	COASY
COBL	6685.74534143193	-0.580871841443121	0.0734370674148711	-7.90979081669449	2.57821743511634e-15	3.93609465266129e-15	COBL
COBLL1	2087.59674364685	-0.305088833739061	0.0504925098677389	-6.04225922890776	1.519710341961e-09	2.09194049595779e-09	COBLL1
COCH	113.628375381961	-0.828826130239497	0.0719516286292086	-11.5192129216522	1.0557091066248e-30	1.99892917096382e-30	COCH
COG1	2283.43841047338	-0.015774475508073	0.0184783027914934	-0.853675561336449	0.393284778695511	0.413740827613693	COG1
COG2	930.391144600905	-0.2200848089339	0.0282249753205885	-7.79751997775392	6.31356448767329e-15	9.57217841679499e-15	COG2
COG3	1911.95351440719	-0.28147198247759	0.0132248349268901	-21.2835913668209	1.61116142163017e-100	5.98236731657687e-100	COG3
COG4	3803.24969558998	-0.261114480143281	0.030967889828795	-8.43178148678661	3.40442237786364e-17	5.35737452783665e-17	COG4
COG5	1883.70973541024	0.453211863457666	0.0196868963898857	23.0209909414928	2.87303229298331e-117	1.21716767018104e-116	COG5
COG6	934.226615859918	0.143093700005056	0.0212180780918023	6.74395199159631	1.54135487967243e-11	2.20608485242771e-11	COG6
COG7	1070.08493043165	0.0660202684587035	0.0171284879415295	3.85441310897219	0.000116007573809907	0.000142562284008201	COG7
COG8	1287.85219081735	-0.47370973235016	0.0218421808415873	-21.6878404123558	2.67241044083555e-104	1.02070995852919e-103	COG8
COIL	847.300197095524	-0.535859454719748	0.0139763422541035	-38.3404645491148	0	0	COIL
COL10A1	15.8466553311059	0.21907825969566	0.0967000711825883	2.2655439341094	0.0234793211604565	0.0265902019634714	COL10A1
COL11A1	115.957142649321	-4.25202436495035	0.109823774936196	-38.7167930388539	0	0	COL11A1
COL11A2	285.848557180552	1.14342969263307	0.0494197759747646	23.1370877362322	1.96116546908772e-118	8.38748862177431e-118	COL11A2
COL12A1	8158.59488451623	-0.708540471502123	0.0623437936668913	-11.3650522341954	6.24271130583297e-30	1.17081731836111e-29	COL12A1
COL13A1	159.224504525732	-0.773603592594652	0.0569897417703019	-13.5744358293932	5.67792005578152e-42	1.2193777013138e-41	COL13A1
COL14A1	3634.02307912628	-0.768510018498925	0.0823045572450511	-9.33739326500216	9.87349635130372e-21	1.6399041134879e-20	COL14A1
COL15A1	5870.17935032728	1.22970696838196	0.0664954603751972	18.4930965428828	2.34682978613426e-76	7.08456867016651e-76	COL15A1
COL16A1	5001.02822690569	-1.1174077112583	0.0626268252723575	-17.8423176713622	3.31650114281058e-71	9.58271863109683e-71	COL16A1
COL17A1	18420.3500708279	-9.06435262569499	0.148483583484658	-61.0461602082195	0	0	COL17A1
COL18A1	8095.64767640947	0.376575808563801	0.048393435624377	7.7815473050256	7.16428314064907e-15	1.08537502789786e-14	COL18A1
COL18A1-AS1	5.07331606151005	0.874859372942527	0.0793936573933239	11.0192602490699	3.08584588585692e-28	5.6739848612166e-28	COL18A1-AS1
COL19A1	112.399570126292	0.263911301499353	0.124981831984164	2.11159732026326	0.0347210026092277	0.0389974897341179	COL19A1
COL1A1	34956.6262922291	-0.573315806281448	0.100842375775718	-5.68526675290307	1.30608631919105e-08	1.75913653810387e-08	COL1A1
COL1A2	31065.0615411301	-0.0577347566210975	0.0863901761899848	-0.668302336762575	0.503940622023748	0.524512005611419	COL1A2
COL20A1	11.9833292042947	-1.48465493188603	0.102070669730145	-14.5453628923095	6.24985338764716e-48	1.4360940877079e-47	COL20A1
COL21A1	698.753134473681	2.14747762754826	0.0568587576384079	37.7686343624512	0	0	COL21A1
COL22A1	110.521355867599	-1.60780453180695	0.118140576430362	-13.6092490860214	3.52850528862088e-42	7.60222904852955e-42	COL22A1
COL23A1	667.310833666333	2.45130088107697	0.0586639348199814	41.7854835104249	0	0	COL23A1
COL24A1	141.573944644459	0.922843724310153	0.0641964464982732	14.3753085201527	7.39398272437469e-47	1.67905995990247e-46	COL24A1
COL25A1	333.041755325615	-1.63668290348884	0.077822233183558	-21.0310451979503	3.41053362571646e-98	1.24428487629757e-97	COL25A1
COL26A1	20.6097167983654	-1.02762362590951	0.119028377209604	-8.63343389198619	5.95370709127102e-18	9.47592231211048e-18	COL26A1
COL27A1	2669.5978684003	0.584408018160338	0.044080296332798	13.2578060217238	4.06618439277021e-40	8.53889235350637e-40	COL27A1
COL28A1	551.830522405943	-0.548493077309609	0.0670196313265141	-8.18406586925845	2.74423953768713e-16	4.26258140632548e-16	COL28A1
COL2A1	16.529520081907	-1.36941427219107	0.109847322746119	-12.4665238802049	1.13677698931102e-35	2.27646263039133e-35	COL2A1
COL3A1	25924.3999022942	0.255593582258312	0.0877579306254032	2.91248415313391	0.00358566393607632	0.00419753765450412	COL3A1
COL4A1	15251.98876048	0.500635944418695	0.0625744576705763	8.00064376193713	1.23770391742277e-15	1.90052957583616e-15	COL4A1
COL4A2	18120.0727136062	0.637858913644926	0.0544920233128064	11.7055465161085	1.19387522166831e-31	2.2855416213178e-31	COL4A2
COL4A2-AS2	9.39413382564034	0.00970193114033205	0.0888971451872285	0.109136588356112	0.913094154888966	0.918149285845787	COL4A2-AS2
COL4A3	1968.03257006739	-0.618337207498909	0.107294377576951	-5.76299729270941	8.2633121293682e-09	1.11832104082969e-08	COL4A3
COL4A4	1083.36732874408	1.20379521329464	0.0853412603538553	14.1056648132835	3.50470794356423e-45	7.79830008555002e-45	COL4A4
COL4A5	1833.80103218947	-1.30849752222733	0.0451191701450834	-29.0009217372522	6.40582005816101e-185	4.35300743174618e-184	COL4A5
COL4A6	762.515058839123	0.439120921688864	0.052960283843812	8.29151374988659	1.11816204013362e-16	1.74692196532246e-16	COL4A6
COL5A1	4526.24710420209	0.88587468045669	0.0652746814390643	13.5714899088964	5.91082015760253e-42	1.2690920044967e-41	COL5A1
COL5A1-AS1	1.63977798765688	1.63015679908222	0.106224323647222	15.3463608250035	3.74620373922309e-53	9.04687597394081e-53	COL5A1-AS1
COL5A2	3555.6344164983	0.0584469593801116	0.0609236448033969	0.959347714154698	0.337383605801422	0.356976564276224	COL5A2
COL5A3	5489.55204345648	0.6887631919255	0.044099660421233	15.618333233103	5.46147299063271e-55	1.34379408562574e-54	COL5A3
COL6A1	30779.0829254357	0.651388285159332	0.0503403634579051	12.9396818063109	2.68740235188391e-38	5.532471378804e-38	COL6A1
COL6A2	39450.1137782361	0.291074447798958	0.0548221573219357	5.30943074876937	1.09968156874369e-07	1.45319100858575e-07	COL6A2
COL6A3	21435.2072505306	0.113906033200693	0.0540133462976029	2.10884977525912	0.0349575505954421	0.0392533758510732	COL6A3
COL6A4P1	6.02033689999445	-1.71901828845473	0.112006952037852	-15.3474249337112	3.68526880331495e-53	8.90211000113694e-53	COL6A4P1
COL6A5	42.1378810441722	-5.51192790282256	0.216657496724919	-25.4407439675205	8.93752793442018e-143	4.51162199516258e-142	COL6A5
COL6A6	248.962357696161	1.35050934237568	0.0943172261664061	14.3187983496561	1.66985583803627e-46	3.77579135039453e-46	COL6A6
COL7A1	9429.97195975944	-1.95958243091224	0.0890035639495991	-22.0168984696154	1.98385476604798e-107	7.77856014890649e-107	COL7A1
COL8A1	1128.80503776989	2.34295387577638	0.0570066999695754	41.099622974612	0	0	COL8A1
COL8A2	549.898710374203	-1.13112570974284	0.0794922423416544	-14.2293848609945	6.02090544947211e-46	1.35308762791445e-45	COL8A2
COL9A1	26.670872164831	3.23936168466963	0.0863890121672573	37.4973807826153	1.01619817395591e-307	1.36511815890897e-306	COL9A1
COL9A2	292.889660552432	-1.9496192882112	0.0895068258949579	-21.7817945024573	3.45280279406963e-105	1.33063376356342e-104	COL9A2
COL9A3	290.048227565292	0.671963633961575	0.0697236466322116	9.63752853470425	5.55082733282905e-22	9.38220120359208e-22	COL9A3
COLCA1	115.089695535705	-0.374744434432307	0.0668489737349279	-5.60583676150747	2.07251225981969e-08	2.78163534066614e-08	COLCA1
COLCA2	81.7615348851709	-0.39298275229217	0.0578677633864187	-6.79104788737006	1.11321962959743e-11	1.59788426380538e-11	COLCA2
COLEC10	12.3943004890981	5.36242191720924	0.110068049296129	48.7191510297605	0	0	COLEC10
COLEC11	147.686797952747	3.24842507145588	0.0834425937077253	38.9300587040013	0	0	COLEC11
COLEC12	1150.82059085112	0.539455269900699	0.054923874268329	9.8218721291438	9.06442852099534e-23	1.54823776265715e-22	COLEC12
COLGALT1	4436.00470720617	0.319174984353628	0.0313029732926267	10.196315262768	2.05937879747953e-24	3.60366265514038e-24	COLGALT1
COLGALT2	576.531927887077	1.30062822906674	0.0895915423800196	14.5173103901915	9.41318131985845e-48	2.15910648494868e-47	COLGALT2
COLQ	499.555048091465	0.820508490669034	0.0749313763984974	10.9501323758613	6.63505794590999e-28	1.21330432836576e-27	COLQ
COMMD1	1077.26891190537	0.729923186026586	0.0230885384709477	31.6140922884767	2.36393442988126e-219	1.99312335701605e-218	COMMD1
COMMD10	694.654192552447	0.748292178452162	0.0250333106510436	29.891858447455	2.51075612126244e-196	1.84173271959434e-195	COMMD10
COMMD2	1028.12836020361	-0.2571467428967	0.0200842255645388	-12.8034183877483	1.56889849464177e-37	3.20455483967395e-37	COMMD2
COMMD3	1892.97472521135	0.326475527088245	0.0262045121643996	12.4587523339504	1.25315807990404e-35	2.50729116331584e-35	COMMD3
COMMD4	1406.39889250383	0.178219102798735	0.0199055073299496	8.95325599315869	3.45148240072078e-19	5.60387252596507e-19	COMMD4
COMMD5	874.600090212926	0.106461992273681	0.0148816172453092	7.15392625134468	8.43303843270128e-13	1.23517595465464e-12	COMMD5
COMMD6	1979.99198805087	0.413774302036352	0.0299141963372928	13.832038052131	1.63326602402791e-43	3.56757938339114e-43	COMMD6
COMMD7	2503.85715741915	0.444938184877024	0.0216431974402631	20.5578767233949	6.54344128901763e-94	2.29831193450939e-93	COMMD7
COMMD8	442.391834684191	0.876359244811307	0.0286217096440426	30.6186896488804	6.90320274031245e-206	5.36548154267549e-205	COMMD8
COMMD9	1660.89077108284	-0.210234463482259	0.0268373570508235	-7.83365005295139	4.73906652746565e-15	7.20141284491889e-15	COMMD9
COMP	2981.35133399133	-2.71220240338854	0.114017344265849	-23.7876300386773	4.48504547992968e-125	2.00634452495562e-124	COMP
COMT	3788.26870387892	-0.163945271668868	0.0177759655883678	-9.22286166981275	2.89274886373443e-20	4.7685322615461e-20	COMT
COMTD1	974.924745100966	0.853572206976396	0.0376878302243162	22.6484836589417	1.44395394492603e-113	5.95887550724746e-113	COMTD1
COPA	8757.09824229829	-0.0748075923061815	0.0171609529241348	-4.35917472863489	1.30553845167925e-05	1.6473431703826e-05	COPA
COPB1	4455.90259993249	-0.0964645237817548	0.0145029173432118	-6.65138754492767	2.90342650326785e-11	4.1338749098572e-11	COPB1
COPB2	3014.99391078073	0.00621587407833463	0.0182669332030969	0.340280112114321	0.733645592734354	0.747177047514066	COPB2
COPE	4643.68008810516	0.176116911430586	0.0184842281167585	9.52795595889187	1.6041044912138e-21	2.69109831745942e-21	COPE
COPG1	5694.80434209067	0.138393181290939	0.0153981474814865	8.98765136892811	2.52569749415974e-19	4.10928060307028e-19	COPG1
COPG2	1436.14284695987	-0.473481044723892	0.0235997385848251	-20.0629783682581	1.55486090453363e-89	5.26505852944128e-89	COPG2
COPRS	1421.73610128038	0.580960917764442	0.0246552623287321	23.563363878202	9.15802294133555e-123	4.03459547153649e-122	COPRS
COPS2	4367.49848546941	-0.45432690151472	0.0374133576770555	-12.1434409987037	6.21560408312093e-34	1.22254249453955e-33	COPS2
COPS3	4381.45977624212	-0.529829276968249	0.0526497586477662	-10.0632802614135	8.02780325207807e-24	1.39325574952427e-23	COPS3
COPS4	2992.0699760357	-0.170438321919042	0.0444749523063286	-3.83223169628423	0.000126986057691525	0.000155872896318114	COPS4
COPS5	3444.46736721997	0.2205326265183	0.0525416668520413	4.19729025992506	2.7012763101959e-05	3.38100923792493e-05	COPS5
COPS6	4376.74611520981	0.269333883299964	0.0300811247710875	8.95358419439271	3.44123184683903e-19	5.58773358063769e-19	COPS6
COPS7A	4196.52048760131	0.187899643163471	0.0315092279731841	5.96332107290546	2.47162078416974e-09	3.38468206434687e-09	COPS7A
COPS7B	1715.78555660439	0.0344243116459438	0.0164306068079258	2.09513331116525	0.0361591434920387	0.0405773170001988	COPS7B
COPS8	4961.05595986631	-0.339516844441494	0.0524434963557577	-6.47395517145415	9.54702370696984e-11	1.34535755244375e-10	COPS8
COPS8P2	3.02726957725408	-0.226377841921233	0.108411315856727	-2.0881384948819	0.0367853434708026	0.0412645957386376	COPS8P2
COPZ1	4839.84906293029	0.085698393330898	0.0152464107752352	5.62088970278161	1.89976537295984e-08	2.55187497042385e-08	COPZ1
COPZ2	1788.55228529881	-0.324612478360199	0.0408320762516943	-7.94993809178953	1.86604743503527e-15	2.85489715094934e-15	COPZ2
COQ10A	3403.3218776047	1.4268667079981	0.0951754153970449	14.9919672222666	8.2862082934009e-51	1.95928064481163e-50	COQ10A
COQ10B	1158.33777040726	0.682366228643954	0.0244186748172347	27.9444414470166	7.70173733616105e-172	4.8021812881273e-171	COQ10B
COQ2	797.928509825037	0.2453426408597	0.0478673177342388	5.12547292124976	2.96791822213339e-07	3.89115046734327e-07	COQ2
COQ3	753.868305129444	1.19411235490871	0.0549379049649393	21.735673314641	9.4388652030101e-105	3.62356605927458e-104	COQ3
COQ4	2697.77836152183	-0.0585664186288529	0.0329986282316383	-1.77481373521766	0.0759286476652037	0.0838522445779959	COQ4
COQ5	1837.37280860972	0.155346976102622	0.0477589565478472	3.25272969368559	0.00114302173054595	0.00136388268404863	COQ5
COQ6	520.280181692843	0.69486670594348	0.0395667168179914	17.5618995414731	4.82337599649507e-69	1.36475308571059e-68	COQ6
COQ7	1173.50782228133	0.26398899120427	0.0424000237242145	6.22615196919117	4.78030408211907e-10	6.64378117527991e-10	COQ7
COQ9	6372.40451407594	1.02372631891765	0.0635609781463578	16.1062077515607	2.30748170969517e-58	5.87344149550662e-58	COQ9
CORIN	852.981082662925	3.86416745040995	0.10767445383429	35.8875045361907	4.78530533504215e-282	5.65967682891549e-281	CORIN
CORO1A	510.255093750142	0.260777675162555	0.0525341638263609	4.96396356520479	6.90689060867404e-07	8.98085364394261e-07	CORO1A
CORO1B	2420.55571151601	-0.169084068747773	0.0434311359697304	-3.89315326372344	9.89495939025624e-05	0.000121882553704669	CORO1B
CORO1C	5371.20336151924	-0.401034939940581	0.0263163762478593	-15.2389879276484	1.94865439351996e-52	4.68390008515861e-52	CORO1C
CORO2A	607.91257709858	-3.69468565860866	0.0889150846933536	-41.5529678833545	0	0	CORO2A
CORO2B	738.2217887784	1.32337112701128	0.0440066390081866	30.0720790507334	1.12343163156198e-198	8.38428391365968e-198	CORO2B
CORO6	18506.3081804158	-1.45506298827763	0.107181956962586	-13.57563371217	5.58584862999605e-42	1.19989094497087e-41	CORO6
CORO7	1318.64127749682	0.178696763788899	0.0297885550630669	5.99883960167154	1.98732537756435e-09	2.7277044698083e-09	CORO7
CORT	17.1726450025181	0.279518889719657	0.0457280382007934	6.11263681359518	9.79982282815894e-10	1.3538496602432e-09	CORT
COTL1	1480.28923846777	-0.277057158901612	0.0556269265360494	-4.98063035573362	6.33774945270731e-07	8.24796326620766e-07	COTL1
COX10	2164.98901220459	0.443653635670183	0.0620766914027792	7.14686343045533	8.8783126828215e-13	1.29976013828456e-12	COX10
COX11	1691.69068487967	-0.127167342725408	0.0361404707902544	-3.51869635189423	0.000433672762937667	0.000524351384043588	COX11
COX14	2242.12404572574	1.01066060925624	0.0471749346399427	21.4236779970125	8.03843878485809e-102	3.0170962586787e-101	COX14
COX15	2220.36873132455	-0.0688772386143609	0.032429422660982	-2.1239119590381	0.0336775061969533	0.0378490846632551	COX15
COX16	1251.49938798992	-0.0716944925263375	0.0286769738946575	-2.50007175756066	0.0124168153010087	0.0142284736287134	COX16
COX17	2348.22233672336	0.849051886723464	0.0652093653106226	13.0203979547882	9.36813973867408e-39	1.9367851548854e-38	COX17
COX18	724.81656692196	0.534889046109812	0.0209733219546013	25.5033059268164	1.81163663145228e-143	9.20442308856125e-143	COX18
COX19	985.59214608234	-0.29434755406612	0.0230233512117735	-12.7847397782647	1.99529520079892e-37	4.06948888619774e-37	COX19
COX20	25.585086324244	1.08403355963572	0.0443562386853275	24.4392579660797	6.54641695676841e-132	3.06321943433294e-131	COX20
COX20P1	16.2835350525071	1.34680423786143	0.110123945124648	12.2298945641386	2.15217803292056e-34	4.25401963002119e-34	COX20P1
COX4I1	21344.6826837524	1.35158467531387	0.0402817370031298	33.5532868209943	8.06212580494993e-247	7.8659255617834e-246	COX4I1
COX4I2	331.775331550281	2.24286205323521	0.0508313499321407	44.1235980596504	0	0	COX4I2
COX5A	14058.4129618604	1.2825715172277	0.0741302704981149	17.301589601785	4.57587046047804e-67	1.26801484235014e-66	COX5A
COX5B	12527.9082242197	1.18524235265523	0.0579180345602857	20.4641328327799	4.49609151218554e-93	1.56818723717985e-92	COX5B
COX6A1	2332.76250261181	-0.11112207927191	0.0553541264026263	-2.00747598225374	0.0446990054940106	0.0499210074387446	COX6A1
COX6A1P2	14.5186547110867	-0.112475093104099	0.0675947152862662	-1.6639628205809	0.0961198595484936	0.105561197714138	COX6A1P2
COX6A2	14160.4440228034	1.11549978426621	0.174216831468593	6.40293922730024	1.52413872452944e-10	2.14093025206824e-10	COX6A2
COX6B1	9358.94821869146	1.21581405066725	0.0492634181714076	24.6798556778365	1.76006461814818e-134	8.38616283517348e-134	COX6B1
COX6C	8086.35730920979	1.40400542769678	0.0536611435177838	26.1642845391746	6.77889558683382e-151	3.62851321613427e-150	COX6C
COX7A1	14491.8604718275	1.29991878130596	0.104950813194476	12.3859810299628	3.11255265469776e-35	6.20270788632949e-35	COX7A1
COX7A2	4147.22141346483	1.72563022904144	0.0252004369974404	68.4762025839754	0	0	COX7A2
COX7A2L	3069.49888877075	0.421183168152533	0.0156046656091513	26.9908486796111	1.89269443220895e-160	1.0829749673933e-159	COX7A2L
COX7B	9887.28458634939	1.43607487236391	0.0641070013830393	22.40121736132	3.82969855856351e-111	1.55196766665245e-110	COX7B
COX7C	16027.8845202636	1.13761886014029	0.0537900126866735	21.1492580744852	2.803156649782e-99	1.03062955173051e-98	COX7C
COX7CP1	13.65556186802	1.33238922501427	0.0758738718691257	17.5605803709675	4.93678843668234e-69	1.3966231125054e-68	COX7CP1
COX8A	9997.21026302742	0.847974628490484	0.0550871254707124	15.3933359427389	1.81432151958284e-53	4.39623121200845e-53	COX8A
CP	595.296143732512	-1.09906519422078	0.0767759115451139	-14.315234714927	1.75769704152164e-46	3.97291617835647e-46	CP
CPA1	213.295948257484	0.164175341610249	0.126927121991878	1.2934614685485	0.195851502345088	0.210793596036708	CPA1
CPA2	45.109974785856	0.0193348765902153	0.136127902557023	0.142034632334955	0.887052650340584	0.893855505977433	CPA2
CPA3	520.24254976395	-1.74348494095424	0.0831205337962297	-20.9753819101836	1.10079202318308e-97	3.99664324512276e-97	CPA3
CPA4	1092.10741155777	-6.620358111198	0.143760031551727	-46.0514514343015	0	0	CPA4
CPA6	3.49873782490498	-2.99383766832934	0.170871960090159	-17.5209418019766	9.91700555645799e-69	2.79761819498198e-68	CPA6
CPAMD8	1486.46231064599	2.44578128583608	0.0571522173802359	42.7941626405185	0	0	CPAMD8
CPB1	185.435991600668	-0.704236909957433	0.106455883255539	-6.61529347576747	3.70815346647126e-11	5.26880342173409e-11	CPB1
CPB2	3.11365042096854	0.220716446962919	0.101371585329329	2.17730092950477	0.0294581218848717	0.0332148858158206	CPB2
CPD	2964.59447800401	-0.202832342016846	0.0298130783372504	-6.80346858926721	1.02129766310342e-11	1.46664373622056e-11	CPD
CPE	4271.21998856952	0.30133397169352	0.0443500881186252	6.79443907501441	1.08734754694042e-11	1.56087266287676e-11	CPE
CPEB1	229.425571512099	-1.13835784138895	0.0447206826488649	-25.4548404443429	6.24001496802282e-143	3.15523902919603e-142	CPEB1
CPEB2	2442.6777378779	-0.959610477767503	0.0458394727673603	-20.9341517219803	2.6168142450281e-97	9.45129880111373e-97	CPEB2
CPEB3	1435.83343728312	-0.751892171199556	0.0520281780615297	-14.4516336956937	2.44809504203323e-47	5.58556641956324e-47	CPEB3
CPEB4	6443.71161604601	0.390215636811828	0.05443491145309	7.16848115291049	7.58343708617349e-13	1.11182155878978e-12	CPEB4
CPED1	1594.19387488892	-0.443534204805885	0.0675621307733336	-6.56483446760897	5.20906960432082e-11	7.38334346042356e-11	CPED1
CPLX1	589.688403571535	0.637825835047681	0.0665157260490114	9.58909829199949	8.88581665877014e-22	1.49657172225413e-21	CPLX1
CPLX3	163.322403498295	5.1207077057812	0.091249556681278	56.1176173564012	0	0	CPLX3
CPM	3704.58016984354	-2.21559470045603	0.0730983316638121	-30.3097847793	8.51913312438815e-202	6.4624068846233e-201	CPM
CPNE1	4137.17655423601	-0.32477686638271	0.0236096143029627	-13.756127576466	4.6792780993937e-43	1.01729088245394e-42	CPNE1
CPNE2	1522.730278326	0.163714228082693	0.0357106367767011	4.58446678244353	4.55146434109373e-06	5.80617317015295e-06	CPNE2
CPNE3	3593.69626810912	0.301348484661237	0.0231921875625486	12.9935343032437	1.33133960926723e-38	2.74738556762804e-38	CPNE3
CPNE4	236.358024820604	6.57514932657034	0.106219125726783	61.9017458633856	0	0	CPNE4
CPNE5	909.263570275428	5.02869264865506	0.0691279158671288	72.7447455282862	0	0	CPNE5
CPNE6	14.9032453760648	-0.785304864951884	0.0987632717140864	-7.95138568541242	1.84436763727182e-15	2.82196870705737e-15	CPNE6
CPNE7	70.6763945630466	-3.27637005369891	0.114705051237599	-28.5634330689785	1.91312238125942e-179	1.25916329012983e-178	CPNE7
CPNE8	731.829545506606	-0.0166167268600375	0.0471783627699965	-0.352210756889704	0.724680210357884	0.738547724998713	CPNE8
CPNE9	24.7064889959783	-2.52851485584738	0.109993109737833	-22.9879386251926	6.15429532983253e-117	2.60360682097099e-116	CPNE9
CPO	25.9550581471281	-0.284246335022724	0.0530631546974092	-5.35675529741171	8.47297487447235e-08	1.12206297885218e-07	CPO
CPOX	789.528775247616	0.192708604757386	0.0209248591099062	9.20955327561343	3.27484978161285e-20	5.39346485990969e-20	CPOX
CPPED1	877.572644398686	0.16655674858869	0.026269694151274	6.34026219070437	2.29374471860793e-10	3.21095720348871e-10	CPPED1
CPQ	1435.48328774577	0.563985632380828	0.0439194751271723	12.8413563856982	9.61745209005717e-38	1.97000176460081e-37	CPQ
CPS1	194.58566516561	-0.187653537465801	0.0458321907155707	-4.09436107102882	4.23334159152611e-05	5.27110617618188e-05	CPS1
CPSF1	5190.09245746308	-0.377238307533085	0.0244088580154866	-15.4549757015973	6.9837918870655e-54	1.69977336072291e-53	CPSF1
CPSF2	2674.92157099562	-0.500278335844206	0.0336933001661527	-14.848006380413	7.16684387803482e-50	1.67807435807108e-49	CPSF2
CPSF3	1162.10344377718	-0.320787278613107	0.0189636600074467	-16.9158948476791	3.43558413193884e-64	9.26084905046886e-64	CPSF3
CPSF4	1453.9271834592	-0.544243528215304	0.0251550900747926	-21.6355229338129	8.32006811259999e-104	3.17241148262894e-103	CPSF4
CPSF4L	3.10471115558767	-0.775148139111745	0.0961441148104406	-8.06235660539431	7.48375077274792e-16	1.15427125062321e-15	CPSF4L
CPSF6	3992.76592354708	-0.405753099277308	0.0172024114931399	-23.5869895008103	5.2417401149012e-123	2.31379509093518e-122	CPSF6
CPSF7	6767.19376326122	-0.456474524852617	0.0157915613354935	-28.9062313190421	9.96930434871876e-184	6.7187363377494e-183	CPSF7
CPT1A	3280.82661351434	0.701689759933206	0.0381636523266238	18.3863366621148	1.6902194366783e-75	5.06166030271937e-75	CPT1A
CPT1B	9996.66565880892	1.82408974233826	0.0748512138414405	24.3695412368633	3.59870807269852e-131	1.67737814646934e-130	CPT1B
CPT1C	175.39185802484	0.897444604922562	0.0517222970301537	17.3512132378683	1.93122135199833e-67	5.37724911946203e-67	CPT1C
CPT2	816.87110680271	0.65758872246702	0.0453688461137341	14.4942791980763	1.31677373946363e-47	3.01414599238107e-47	CPT2
CPVL	1166.58805759359	2.78434857026144	0.051509488424082	54.0550616099632	0	0	CPVL
CPXM1	989.264164048262	-2.40579527419895	0.110862493726813	-21.7007140406503	2.02001689432127e-104	7.7317295587236e-104	CPXM1
CPXM2	1168.28405907157	-0.279294519425036	0.0660675211182048	-4.22741030233806	2.36396364189861e-05	2.96376302533897e-05	CPXM2
CPZ	10.9664807432171	-3.7285942966588	0.157600715302541	-23.6584858736278	9.65313483895375e-124	4.2810071504313e-123	CPZ
CR1	97.2680588575108	0.737081962410386	0.0721893558347808	10.2103967252089	1.78134990226482e-24	3.11957190297393e-24	CR1
CR1L	1.35513481467872	0.57482092756727	0.129234857446515	4.44787837372098	8.67226083280853e-06	1.09882006934178e-05	CR1L
CR2	10.8037002174489	-2.17364811984088	0.117835346854901	-18.4464863715082	5.56476381686719e-76	1.67258830301263e-75	CR2
CRABP1	49.6122964201149	-3.52661226906556	0.144046049703512	-24.4825337197676	2.26730261665265e-132	1.06479818425161e-131	CRABP1
CRABP2	1905.64674032163	-4.1340440227132	0.102975146583842	-40.1460367851703	0	0	CRABP2
CRADD	735.498672590606	1.16269791400944	0.0335715577629679	34.6334216070243	7.93664683654998e-263	8.47878811304073e-262	CRADD
CRAT	9024.9408218074	-0.599269832401571	0.0754080917280227	-7.94702290787282	1.91047094540697e-15	2.92211636403015e-15	CRAT
CRB1	28.1794048552033	-1.65052827818603	0.0894165322381143	-18.4588714958293	4.42490373313353e-76	1.331539486796e-75	CRB1
CRB2	11.8987432230554	-0.449346901634703	0.0957140965911485	-4.69467839783444	2.67026487840228e-06	3.42702396093822e-06	CRB2
CRB3	394.23758280067	-6.41832600590339	0.144302387652457	-44.4783077419448	0	0	CRB3
CRBN	1702.06159643484	-0.282811900513578	0.0244103669787428	-11.5857291600678	4.86806394097336e-31	9.25343389666964e-31	CRBN
CRCP	1443.94927219313	-0.136801554845488	0.0147003658869703	-9.30599659201285	1.32741557141591e-20	2.20005595258795e-20	CRCP
CRCT1	1830.06328692997	-8.39171421520976	0.19116769545607	-43.8971354191909	0	0	CRCT1
CREB1	1796.02511920524	0.00025283972814275	0.021915927853016	0.0115368023584707	0.990795167708096	0.991566343131898	CREB1
CREB3	1614.0968154911	0.365221177484586	0.0188043266545401	19.422188531085	5.01083726359866e-84	1.61851931781876e-83	CREB3
CREB3L1	987.898549019659	2.58590313139789	0.0590126271831177	43.8194883846429	0	0	CREB3L1
CREB3L2	2864.00084419058	0.294063781449137	0.0410151657540739	7.16963532982745	7.51978022698624e-13	1.10266832735402e-12	CREB3L2
CREB3L3	2.85002624275303	-0.0142110500904809	0.133703697181132	-0.106287637440786	0.915354139920591	0.920313330692055	CREB3L3
CREB3L4	633.458015507112	-1.09367808186999	0.04912735571839	-22.262099514153	8.6118413298563e-110	3.44034078514743e-109	CREB3L4
CREB5	1286.03499126591	0.93896823450011	0.0572364047558409	16.4050876099846	1.75872858876007e-60	4.57498169454768e-60	CREB5
CREBBP	7581.93331974186	-0.825037668241094	0.0215038154500068	-38.3670363131224	0	0	CREBBP
CREBL2	2059.09791529545	-0.327021170779892	0.0337775365030716	-9.68161697494291	3.60961178323357e-22	6.11544674917529e-22	CREBL2
CREBRF	2495.83193507436	-0.52219756875122	0.028390473477205	-18.393408238524	1.48353934367044e-75	4.44493870263175e-75	CREBRF
CREBZF	5553.23845291616	-0.379032920375363	0.021725587030887	-17.4463833744283	3.66730597909698e-68	1.02955668948417e-67	CREBZF
CREG1	5553.86274560402	-0.454005795873436	0.0265325928439421	-17.1112487401356	1.22348117975027e-65	3.34455348772734e-65	CREG1
CREG2	7.66879053291239	0.109387619800094	0.0921496638298029	1.18706477325982	0.235202072008437	0.251641753237674	CREG2
CRELD1	3082.76337092133	0.890141888787732	0.0322033393313382	27.6412914707111	3.55157756166058e-168	2.15114225058722e-167	CRELD1
CRELD2	1086.32310448056	0.678593147686946	0.024557754418104	27.6325406685672	4.52470727090982e-168	2.73779010365202e-167	CRELD2
CREM	1190.14518317205	0.979716081944498	0.0444202510837757	22.0556178328838	8.43717131217936e-108	3.31610307402927e-107	CREM
CRHBP	137.027735266757	0.298875902175447	0.110667629199065	2.70066237379892	0.00692015483596282	0.00801503713821688	CRHBP
CRHR1	25.1631301976527	-2.87610167167926	0.102662680027567	-28.0150651717545	1.06491378274006e-172	6.69560356378061e-172	CRHR1
CRHR2	106.371664856027	1.93058366487975	0.0691110481881517	27.9345157611244	1.01667111703057e-171	6.33036899953904e-171	CRHR2
CRIM1	8453.46953601223	-0.671842579671011	0.0376975020972831	-17.8219389161976	4.77523250569166e-71	1.37710606111752e-70	CRIM1
CRIP1	2015.97974954802	0.200325127865566	0.0720810992654907	2.77916305254619	0.00544991613507423	0.00633664515873087	CRIP1
CRIP2	12428.5448259497	3.17630320113939	0.0429311994918474	73.9858946112736	0	0	CRIP2
CRIP3	89.9418451596191	4.65642055965219	0.0658799651138958	70.6803737919714	0	0	CRIP3
CRIPT	979.641191828588	0.0953096881443636	0.0177366713803831	5.37359497170234	7.71821230826734e-08	1.02316473791237e-07	CRIPT
CRISP1	0.14251589553704	0.26001487717728	0.559863002998849	0.464425896664964	0.642342639845005	0.65937556226334	CRISP1
CRISP2	12.2171993699412	-1.62151366132409	0.140468585315016	-11.5436035586723	7.95225002445693e-31	1.50825469065693e-30	CRISP2
CRISP3	106.330967903349	-3.07727336173007	0.142048675115292	-21.6635132938229	4.53309626432978e-104	1.72991871643418e-103	CRISP3
CRISPLD1	223.119937720226	-1.38543758210527	0.102205307851766	-13.5554367109255	7.35729684866189e-42	1.57815420129603e-41	CRISPLD1
CRISPLD2	5539.56246264201	-0.115314654781159	0.0607975671386148	-1.89669850634399	0.0578677409655716	0.0642574304559407	CRISPLD2
CRK	3672.9354760861	-0.154367745204225	0.0257116198092254	-6.00381253105017	1.92737229096971e-09	2.64642476046878e-09	CRK
CRKL	6328.33318674518	-0.591197248279204	0.0368477638880431	-16.044318186457	6.26431065281408e-58	1.58755252796433e-57	CRKL
CRLF1	1348.20213955342	0.511819688806796	0.0540478196108654	9.46975645811072	2.80496907580639e-21	4.69084432679216e-21	CRLF1
CRLF2	6.68823031222912	-1.31542949907886	0.113057225941364	-11.6350767332739	2.7334420694638e-31	5.21567635069089e-31	CRLF2
CRLF3	503.189560467392	-0.299230266911918	0.0352464094798609	-8.4896666448505	2.07230663092199e-17	3.273106226483e-17	CRLF3
CRLS1	2935.91097451145	0.652433602731615	0.047732801679468	13.6684539724442	1.56688920110639e-42	3.38846378052813e-42	CRLS1
CRMP1	484.805606061671	0.48319872899625	0.0490171154313889	9.85775529105955	6.34520332460362e-23	1.08656778011977e-22	CRMP1
CRNKL1	1685.85389427826	-0.741122539521682	0.0284165152077449	-26.0806975839067	6.03707181207241e-150	3.21043810012158e-149	CRNKL1
CRNN	180.981673679063	-2.15080244703875	0.132448383316969	-16.2387972821953	2.68129627666357e-59	6.88923983388822e-59	CRNN
CROCC	2259.77308612393	-0.315232982564994	0.0359725181566186	-8.76316139983638	1.89849540294219e-18	3.0453409150207e-18	CROCC
CROCCP2	1985.00072625739	-0.267902483604751	0.0256033201470355	-10.4635837096999	1.26960918020921e-25	2.25765433695012e-25	CROCCP2
CROCCP3	280.727398832465	0.449501054652648	0.0383611387958878	11.7176149812537	1.03546203088774e-31	1.98481013928338e-31	CROCCP3
CROT	1000.67121629841	-0.953631879861767	0.0315018280012038	-30.2722711782099	2.65724744405144e-201	2.01063939640059e-200	CROT
CRP	28.7491613773759	0.416707768538431	0.121911379555082	3.41812035971714	0.000630552161503075	0.000758373051327377	CRP
CRTAC1	208.885326515079	-0.418062756883149	0.069689246141143	-5.99895651097212	1.98589529996853e-09	2.72594946581772e-09	CRTAC1
CRTAM	9.81646372929916	-0.832560073648421	0.0860308390517767	-9.67746081317833	3.75936710918421e-22	6.36676708367908e-22	CRTAM
CRTAP	9587.60070483434	-0.567178862969107	0.0258922286830687	-21.9053705230092	2.30895383338135e-106	8.96924427162228e-106	CRTAP
CRTC1	1491.42188408829	-0.396651229362464	0.0247352048999801	-16.0358982659078	7.17387470232477e-58	1.81754987356155e-57	CRTC1
CRTC2	3268.40878892868	-0.426646495079249	0.0206603025742025	-20.650544373536	9.65260629738824e-95	3.40832808864821e-94	CRTC2
CRTC3	3436.63821540019	-0.0744522246688347	0.0176923998590354	-4.20814729838997	2.57473017366617e-05	3.22463771350203e-05	CRTC3
CRY1	1183.98178862167	0.0753384482178556	0.0295990937255601	2.5452957754851	0.0109185210778934	0.0125435125357815	CRY1
CRY2	8642.94094114906	-0.27796824201563	0.0393612509056147	-7.06197683305789	1.64150359668813e-12	2.39183311024631e-12	CRY2
CRYAB	104324.588742391	1.77557572372194	0.0890626837196327	19.9362477029258	1.97322773362153e-88	6.61330709978051e-88	CRYAB
CRYBA1	1.15193210219313	1.04557959463585	0.101284668402386	10.3231773488357	5.53602083530792e-25	9.76233454705896e-25	CRYBA1
CRYBB1	7.52498670569068	0.588020186561155	0.0863858118106735	6.80690699359152	9.971935123321e-12	1.43225727403576e-11	CRYBB1
CRYBB2	11.0724529597613	-0.755976742896374	0.0784954612138026	-9.63083382410197	5.92467425187709e-22	1.00093910096705e-21	CRYBB2
CRYBB2P1	380.262253582685	0.234232069521082	0.0348061872835204	6.7296101010174	1.70118320322748e-11	2.4329068754507e-11	CRYBB2P1
CRYBB3	9.79971056187568	0.317774823378157	0.0738243901857533	4.30446933023879	1.67386478004564e-05	2.1061959950791e-05	CRYBB3
CRYBG3	1886.07233044689	-0.692406606522592	0.0318209667566435	-21.7594459595743	5.62235268997542e-105	2.16302566301021e-104	CRYBG3
CRYGS	91.7882051274289	0.96217785457792	0.0408900181614833	23.5308737398471	1.97085849932104e-122	8.65303020640928e-122	CRYGS
CRYL1	1033.84228375216	0.279482734490086	0.0282416656199201	9.89611371550813	4.32766303092105e-23	7.43342196752002e-23	CRYL1
CRYM	1049.83292706119	4.98268029015061	0.102294491288999	48.7091751214021	0	0	CRYM
CRYM-AS1	16.69307858099	-0.8845293857959	0.0768842775162307	-11.5046848896925	1.24944852436467e-30	2.3642723522641e-30	CRYM-AS1
CRYZ	1089.94318699149	0.644227100694201	0.0339536364432648	18.973729125323	2.81230252830852e-80	8.78283445733548e-80	CRYZ
CRYZL1	1081.31084138137	0.0397152193262642	0.0141233356035522	2.81202829424199	0.0049230172573186	0.00573475918261775	CRYZL1
CS	22253.5031421605	0.545960099224893	0.0554017269404353	9.8545682486013	6.54975843279184e-23	1.12138293274383e-22	CS
CSAD	1901.84489454985	-0.42586719768965	0.0469178974815718	-9.07686022923172	1.11751977690047e-19	1.82644575122438e-19	CSAD
CSAG1	1.07220044158868	0.765618912197447	0.209917602548103	3.64723540524431	0.000265077051206649	0.000322430704694296	CSAG1
CSAG2	0.132513676890507	0.465624279096091	0.384136230049633	1.21213320346256	0.225461395521891	0.241607964090341	CSAG2
CSAG3	0.49604597509128	0.226695365276122	0.240396055789699	0.94300783983926	0.345676892892843	0.365407818953789	CSAG3
CSAG4	0.0255511020926184	0.588395765706233	1.05986849198323	0.555159220371975	0.578785759229484	0.597780850989153	CSAG4
CSDC2	5178.44374149736	6.74488125551196	0.0583500795259622	115.593351548234	0	0	CSDC2
CSDE1	75036.4750315916	-1.10043391541646	0.0660970616526991	-16.6487569628827	3.08952969526483e-62	8.18946017441646e-62	CSDE1
CSE1L	3791.87098441023	-0.498830348602186	0.0243735418606852	-20.4660591166197	4.32189170784445e-93	1.50829131350594e-92	CSE1L
CSF1	3413.47493394625	0.259622338381228	0.0528832666011466	4.90934760780452	9.1379877911611e-07	1.18561999588216e-06	CSF1
CSF1R	1068.58480343993	0.252293448331947	0.0550098771236746	4.58632997424689	4.51105447367239e-06	5.75543919346352e-06	CSF1R
CSF2	0.388304471991547	0.0490808488443475	0.25159680774348	0.195077391023135	0.845332361890846	0.854733912621307	CSF2
CSF2RA	172.398015348873	-1.16389787851161	0.0789556073116574	-14.7411680834449	3.50666601301008e-49	8.15970720012856e-49	CSF2RA
CSF2RB	486.082477195934	-0.518323703428852	0.0648815590776164	-7.9887676991361	1.36294239407442e-15	2.09123133615186e-15	CSF2RB
CSF3	560.689195568892	-1.26698859466823	0.136875561540114	-9.25649970244624	2.11243774070959e-20	3.49022411845006e-20	CSF3
CSF3R	725.38547558561	1.24444754244824	0.0771003449231314	16.1406222460995	1.32201786446618e-58	3.37220399295108e-58	CSF3R
CSGALNACT1	1242.18567411219	1.89315736628802	0.044043102283185	42.9841965744271	0	0	CSGALNACT1
CSGALNACT2	1530.78502505177	-0.3842857712431	0.0270298429720131	-14.2170922576573	7.17737850813317e-46	1.61077160609532e-45	CSGALNACT2
CSH1	0.0453250777879253	0.513016793323978	0.966359464148693	0.530875737607554	0.595504891832267	0.614343719288936	CSH1
CSH2	0.16976118078374	0.348625148221164	0.331951055439565	1.05023057618997	0.293612114888273	0.312112417627483	CSH2
CSK	2080.31343907213	0.211776492212582	0.0377449815180575	5.61071919219954	2.01487484647128e-08	2.70488195326493e-08	CSK
CSMD1	57.6639167581814	-1.54612503101783	0.0919926803480831	-16.8070440514134	2.16711594994541e-63	5.80078129590592e-63	CSMD1
CSMD2	49.6320189098306	0.53476108981337	0.0641882077817599	8.33114225017093	8.00660567587455e-17	1.25284169655266e-16	CSMD2
CSMD3	2.75702761100975	0.0868007993233519	0.137549773270678	0.631050108330897	0.528007761443778	0.548356759577075	CSMD3
CSN1S1	46.8338080820822	-6.9495872494051	0.243681393278497	-28.5191542772517	6.78055033207751e-179	4.43681157861604e-178	CSN1S1
CSN1S2AP	0.410420555591567	-1.04686540455805	1.0952781749237	-0.955798653279091	0.339173968866766	0.358786543666372	CSN1S2AP
CSN2	7.08580707367593	-4.70577420294702	0.481047943617455	-9.78233929774203	1.34075234851012e-22	2.28420244421075e-22	CSN2
CSN3	13.8124467044336	-6.53977188947637	0.434712236009466	-15.0439103106681	3.7851504431044e-51	8.98305776220465e-51	CSN3
CSNK1A1	12822.6113575331	-0.256618134573519	0.0212784647106654	-12.0599929582746	1.71797602032345e-33	3.36144416759158e-33	CSNK1A1
CSNK1A1L	1.60165281829619	0.34304453450953	0.106460805169251	3.22226131921657	0.00127183080793102	0.00151507023847305	CSNK1A1L
CSNK1A1P1	7.72091100640865	1.32276367572225	0.0757765656855161	17.4561048492474	3.09334191225533e-68	8.69100167980462e-68	CSNK1A1P1
CSNK1D	7368.67790161163	-0.341221716792085	0.0238994228413487	-14.2774040635715	3.02667430503972e-46	6.82746418108019e-46	CSNK1D
CSNK1E	8085.91582181738	-0.0550186585455052	0.02906469437593	-1.89297220310938	0.0583615661448975	0.0647897966188283	CSNK1E
CSNK1G1	891.555404937726	-0.620512577185399	0.0261832331031757	-23.6988524198006	3.70527651148874e-124	1.64810186516701e-123	CSNK1G1
CSNK1G2	3954.97189598163	-0.240232384563602	0.0186903062317842	-12.8533145248883	8.24023870328064e-38	1.68905188906576e-37	CSNK1G2
CSNK1G2-AS1	3.67607734018883	-0.151864912276423	0.0825888915919162	-1.8388055505916	0.065943791569081	0.0730045628557827	CSNK1G2-AS1
CSNK1G3	952.121401478194	-0.0143315484608423	0.0216873260720822	-0.660825977956362	0.508723920996801	0.529337531899619	CSNK1G3
CSNK2A1	6120.71720756466	-0.352678730065568	0.0313405012496389	-11.253129848063	2.23517084002763e-29	4.16816640332926e-29	CSNK2A1
CSNK2A2	2528.77606665185	-0.902144100408975	0.0391517319951037	-23.0422526523679	1.75901964090318e-117	7.46091247782708e-117	CSNK2A2
CSNK2A3	8.23003721945785	-0.0913666203330678	0.0621856678587299	-1.4692552718197	0.141763563703356	0.154099132444102	CSNK2A3
CSNK2B	6500.8881616405	-0.399008661354411	0.0244536562402743	-16.3169326269197	7.48008627321567e-60	1.9340567797207e-59	CSNK2B
CSPG4	5799.9344807471	-0.632870473906973	0.0636010154541467	-9.9506347404664	2.50579798970656e-23	4.31727312525918e-23	CSPG4
CSPG4P11	6.43701232072923	0.189243342057812	0.0713742927465386	2.65142160819506	0.0080153717274426	0.00926089258444764	CSPG4P11
CSPG4P12	43.5665961112403	0.110208057977029	0.0427080891314936	2.58049611252122	0.00986584670874691	0.0113595437254799	CSPG4P12
CSPG4P13	91.3805860620562	1.69043682137613	0.0698370630086368	24.2054397557794	1.94984878390453e-129	8.98827860667488e-129	CSPG4P13
CSPG5	42.9837138398772	-0.8774684216631	0.0570842047469192	-15.3714749211857	2.54313120768753e-53	6.15059853145013e-53	CSPG5
CSPP1	1170.95533152123	-1.02310858366457	0.0488790254193775	-20.9314440066346	2.76977604818899e-97	9.99974702034697e-97	CSPP1
CSRNP1	4815.43596302183	-0.0969756780979221	0.0418534112354529	-2.3170316405602	0.020502008249232	0.023294619105878	CSRNP1
CSRNP2	1996.64094767719	0.0298441541530882	0.0203770438741917	1.46459684424035	0.143030943504944	0.155420742124381	CSRNP2
CSRNP3	185.826334765271	0.802831248135296	0.0615698577098749	13.0393552624133	7.30723466728667e-39	1.51331720255209e-38	CSRNP3
CSRP1	12227.5190395001	-1.00914661429739	0.0589152867918729	-17.1287736892863	9.05431286962304e-66	2.47813115350592e-65	CSRP1
CSRP2	853.931822787964	0.416696632884392	0.0478358409446652	8.71097120183193	3.01282206001715e-18	4.81778536931409e-18	CSRP2
CSRP3	21856.6497701384	2.28888279021248	0.180724759276783	12.6650205504328	9.23961674998204e-37	1.87194531363452e-36	CSRP3
CST1	4.43863689967776	-2.01418650495227	0.349165605920004	-5.7685707607001	7.99466439694384e-09	1.08245170221426e-08	CST1
CST3	19330.1052479182	0.540775898274101	0.0325802379037118	16.5982796034922	7.17171702718131e-62	1.89599174924792e-61	CST3
CST6	3059.04740999797	-7.38160744896645	0.158176239092462	-46.6669803967936	0	0	CST6
CST7	105.566734791716	0.538269012396491	0.0617124642192724	8.72220902545638	2.72826083792733e-18	4.36662428590111e-18	CST7
CSTA	2213.20743082597	-5.36398059713529	0.122355390803193	-43.839348327228	0	0	CSTA
CSTB	4522.92750385885	-0.131152875671985	0.0365362987043483	-3.58965960764865	0.000331110047119554	0.000401665338513316	CSTB
CSTF1	1160.03390515923	-0.155534946590809	0.01850025329245	-8.40717930355488	4.19988766439491e-17	6.60050443921537e-17	CSTF1
CSTF2	433.783748073731	-0.0679191227255836	0.0261705889830121	-2.59524624263029	0.00945231720691921	0.0108924628411595	CSTF2
CSTF2T	1710.59918773094	0.0840722229636615	0.0350280897664233	2.40013724768543	0.0163889256666278	0.0186908927347293	CSTF2T
CSTF3	811.106372869576	-0.165791836473837	0.0179348045320596	-9.24413958220025	2.37140903053368e-20	3.91451022087453e-20	CSTF3
CT45A5	0.0011589056435829	0.591905558632089	3.77224797089341	0.156910564522593	0.875315333714031	0.882917814758841	CT45A5
CTAG2	6.55776334579268	-0.362615156209494	0.360241636562574	-1.00658868771963	0.314132472848864	0.333178095908108	CTAG2
CTAGE1	1.49519317431607	0.204897851139226	0.143786932051645	1.42501024408554	0.154154239919614	0.167235007098955	CTAGE1
CTAGE10P	1.23396159220338	-0.353293454688689	0.17757297389592	-1.98956770806668	0.0466385763181532	0.0520484198575993	CTAGE10P
CTAGE11P	2.19455058279038	1.08007007764962	0.120934203694741	8.93105543883934	4.21963564534676e-19	6.83748863551057e-19	CTAGE11P
CTAGE14P	0.547799949026744	-0.779993829978987	0.208418130013538	-3.74244711786024	0.000182236891321945	0.000222659762484649	CTAGE14P
CTAGE16P	0.232794260598715	0.359973091917212	0.349531918378087	1.02987187432717	0.303070155263239	0.321767376283902	CTAGE16P
CTAGE3P	8.81663089719591	1.32581127585165	0.0584295895522417	22.6907511418721	5.5285482538336e-114	2.28675085287819e-113	CTAGE3P
CTAGE6	1.84076344672931	-1.38618737783509	0.136231327961509	-10.1752467554801	2.55750949351405e-24	4.46794724308486e-24	CTAGE6
CTAGE7P	43.5622071547943	0.434800514949681	0.0462381352325234	9.40350454799153	5.27753197624981e-21	8.79556088366566e-21	CTAGE7P
CTAGE8	13.5186948641341	-2.88696880357433	0.148698775166961	-19.414879512846	5.77713486961983e-84	1.86536690202738e-83	CTAGE8
CTAGE9	4.85806455773463	-2.70323053341342	0.144334801808493	-18.728889356845	2.87858712247651e-78	8.82600013484921e-78	CTAGE9
CTBP1	4611.61151253028	0.0723872909526285	0.0239449045685113	3.0230770285809	0.00250218543948047	0.00294641460692667	CTBP1
CTBP2	2090.685838677	-0.0853645130331967	0.0264135107337312	-3.23185031682224	0.00122991463569862	0.0014656224915405	CTBP2
CTBP2P8	8.41195807562388	0.530466297945957	0.0604501385391172	8.77527017746523	1.70494038494759e-18	2.73656993931712e-18	CTBP2P8
CTBS	368.481261850713	-0.334623734188295	0.032423479142738	-10.320414188594	5.69768330499544e-25	1.0046429344032e-24	CTBS
CTC1	1802.17857025269	-0.0274534354359644	0.0297322395084669	-0.92335578785266	0.355821823969694	0.375712614575227	CTC1
CTCF	2978.92964719678	-0.634178489735116	0.0190323779817504	-33.3210327339659	1.91494242919759e-243	1.82966447282303e-242	CTCF
CTDNEP1	8960.60160214256	-0.884787302890707	0.046642381671807	-18.9695995611115	3.04215071115285e-80	9.49570919914384e-80	CTDNEP1
CTDP1	1810.99051693138	-0.82697549703941	0.033180358937699	-24.9236452984785	4.12430925181158e-137	2.00166327424805e-136	CTDP1
CTDSP1	6717.09991955694	0.286199394666528	0.0203723370309627	14.0484321573686	7.87583889483581e-45	1.74575761539145e-44	CTDSP1
CTDSP2	13330.7473609206	-0.171394598537056	0.0196036142682252	-8.74301015067732	2.26980282920271e-18	3.63770661756392e-18	CTDSP2
CTDSPL	3450.76059966598	-0.167470027227262	0.0396205828070901	-4.22684411389559	2.36991728787999e-05	2.97102034258149e-05	CTDSPL
CTDSPL2	1327.65103965739	-0.589562434818237	0.0203080578194527	-29.0309610135887	2.67662388712039e-185	1.82438116592405e-184	CTDSPL2
CTF1	514.452139585193	1.05840914917605	0.0510053643373218	20.7509379244172	1.20223179826258e-95	4.27020019742003e-95	CTF1
CTH	160.369275854554	-0.558712654065018	0.052843201510077	-10.5730280925253	3.97450264520693e-26	7.1047688298282e-26	CTH
CTHRC1	712.075358343822	-1.68335097887519	0.0865356071360387	-19.4526973876646	2.76496359534454e-84	8.94377532431214e-84	CTHRC1
CTIF	3823.279303021	0.441071336144939	0.0344241928449657	12.8128301549834	1.38971760181633e-37	2.84114781945438e-37	CTIF
CTLA4	25.3096748393595	0.4856414022209	0.086456692966053	5.6171637563281	1.94117433300408e-08	2.60710879418088e-08	CTLA4
CTNNA1	17808.3970097166	0.664474275271777	0.022106805652272	30.0574531537298	1.74472602799315e-198	1.29941304219713e-197	CTNNA1
CTNNA2	9.89355244646899	-0.110557030221052	0.0945183940749805	-1.16968798828034	0.242126553728195	0.258927113031619	CTNNA2
CTNNA3	1310.06826830093	1.68028193999001	0.115574869408981	14.5384714564899	6.91188377406028e-48	1.58740520307297e-47	CTNNA3
CTNNAL1	1986.34474657253	0.979201300661021	0.0369410605935057	26.5071247259524	8.02238443058968e-155	4.41353735131555e-154	CTNNAL1
CTNNB1	11722.5778872294	0.0986567536250765	0.0194205321950979	5.08002317516196	3.77388826895433e-07	4.93453640803711e-07	CTNNB1
CTNNBIP1	7800.48513126549	-1.53370909365542	0.090337392774457	-16.9775665043222	1.20374769573328e-64	3.25648666529829e-64	CTNNBIP1
CTNNBL1	1878.86522784013	0.178916258748947	0.0185577871860362	9.6410340821007	5.364481852898e-22	9.06978846942959e-22	CTNNBL1
CTNND1	14127.0366947529	-0.661183768835272	0.0471805595395686	-14.0139026600726	1.28163972970325e-44	2.83529516706259e-44	CTNND1
CTNND2	194.761957791534	3.27968651749441	0.0879016368716256	37.3108696745223	1.09371180108615e-304	1.44977217462089e-303	CTNND2
CTNS	1220.18085012248	-0.336926328320376	0.0256505159899027	-13.1352651327952	2.06765965754307e-39	4.30437625713344e-39	CTNS
CTPS1	1299.16003716104	-0.488614770664832	0.0339147813907892	-14.4071331327388	4.66683430183838e-47	1.06190979986592e-46	CTPS1
CTPS2	824.185011351457	-0.274268651837115	0.0271533347521595	-10.1007354838913	5.48294166244158e-24	9.53700191956817e-24	CTPS2
CTR9	2334.98578829056	-0.279943853992541	0.0216391390408437	-12.9369220034193	2.78568290333021e-38	5.73348707327317e-38	CTR9
CTRB1	68.534915271876	0.384288319920947	0.128667146568781	2.98668564718281	0.0028201954818432	0.00331546100239416	CTRB1
CTRC	40.7504693063575	-0.0720394665572485	0.101004883728468	-0.713227557896238	0.475704956113161	0.496386581357198	CTRC
CTRL	79.9208882718233	0.558209323157403	0.0404457561581827	13.8014312545983	2.49842437228071e-43	5.44349275301684e-43	CTRL
CTSA	4568.05712746122	0.349673310926216	0.0267163570187062	13.0883604632691	3.83803088884031e-39	7.96959211327886e-39	CTSA
CTSB	23089.9039196072	0.686750738037621	0.0314649744615327	21.8258794036907	1.31778571124831e-105	5.09590990079074e-105	CTSB
CTSC	1680.0267952073	-0.0321896617971909	0.0532243678702439	-0.604791810316402	0.545317335910151	0.565322354510402	CTSC
CTSD	34598.2903141464	0.371206686510591	0.0354832629269434	10.4614586114831	1.29841276596345e-25	2.30841760001068e-25	CTSD
CTSE	4.59089361184295	0.396618121921645	0.114483089649407	3.46442538488652	0.000531365525868213	0.000640749653748239	CTSE
CTSF	5227.01720094507	-0.279874858590349	0.0320925879260851	-8.72085664250421	2.76104831810757e-18	4.41831547464258e-18	CTSF
CTSG	315.506466678964	-1.92566300632624	0.100233087922409	-19.2118495622613	2.94581641722224e-82	9.38376240071096e-82	CTSG
CTSH	3791.07676126302	0.234250185572663	0.0508196218639846	4.60944369479211	4.03747856304457e-06	5.1585386907066e-06	CTSH
CTSK	6607.18650268641	-3.04715750616489	0.0823814524982815	-36.9883925781529	1.75984362834838e-299	2.26926541217043e-298	CTSK
CTSL	4518.65386384044	0.688783355379652	0.0461044348657299	14.9396334080571	1.81973547652543e-50	4.28532944962511e-50	CTSL
CTSO	1276.7408627909	0.301515244018206	0.0469857086476614	6.41716923499488	1.38831564970769e-10	1.95105550865704e-10	CTSO
CTSS	774.366512936565	-0.133120522484567	0.0581479374803775	-2.28934212033728	0.0220594822254208	0.0250279049249842	CTSS
CTSV	908.422102566318	-7.00212193762031	0.128983312779627	-54.2870374990577	0	0	CTSV
CTSW	54.3421821046818	0.147431333675966	0.0640307099612222	2.30250974517153	0.0213064424930417	0.0241903040881264	CTSW
CTSZ	5385.15365881483	0.82367104204168	0.0304272455708467	27.0701809049343	2.21061046492091e-161	1.27501438574308e-160	CTSZ
CTTN	10870.9596676068	0.258069318842421	0.0226279696318778	11.4048817919067	3.95313906555548e-30	7.43500745157917e-30	CTTN
CTTNBP2	304.834818595186	-1.30009661761431	0.0610600814614474	-21.2920878337704	1.34404872147539e-100	4.99261680463855e-100	CTTNBP2
CTTNBP2NL	1977.26044078996	-0.676579987629893	0.0529465579340882	-12.7785452733707	2.16073153601534e-37	4.40640403079327e-37	CTTNBP2NL
CTU1	222.163030361663	0.188179312945337	0.0382134890371255	4.92442113209071	8.46104444438934e-07	1.0988979873265e-06	CTU1
CTU2	720.741007808992	-0.133443930295986	0.029043820712971	-4.59457216785497	4.33638036081056e-06	5.53611226063482e-06	CTU2
CTXN1	93.1655064546416	-1.47749832964157	0.0798369503337784	-18.5064474966105	1.83190839996149e-76	5.53477393549964e-76	CTXN1
CUBN	232.545713539586	-0.665094437060146	0.0495728459107053	-13.4165070582828	4.83993102169011e-41	1.02800705984004e-40	CUBN
CUEDC1	3697.46100667477	0.223425427732741	0.0499029067911281	4.47720267414287	7.56274462340762e-06	9.59995528989215e-06	CUEDC1
CUEDC2	2822.94036064348	0.470362153447209	0.0337500166749798	13.936649512707	3.79334041809614e-44	8.35073020253744e-44	CUEDC2
CUL1	5519.37902778137	-0.655626897674575	0.0367926317380302	-17.8195162102768	4.98658921995895e-71	1.43736737467544e-70	CUL1
CUL2	2386.85561535087	-0.48451451926887	0.0378290744375525	-12.8079929650062	1.47910930762636e-37	3.0228708726819e-37	CUL2
CUL3	4785.6954157518	-1.05431699946587	0.0440721652937739	-23.9225141864044	1.78608848679676e-126	8.07012521356137e-126	CUL3
CUL4A	10687.4060264073	-0.563467553687535	0.0500180256716375	-11.2652897854592	1.94710330023107e-29	3.63248072416412e-29	CUL4A
CUL4B	2607.48559467161	-0.126691893286191	0.0237831891724264	-5.326951417982	9.98748630550886e-08	1.32078122969046e-07	CUL4B
CUL5	3060.26523893664	-0.822951380265254	0.0515009109108905	-15.9793558154567	1.77975631973298e-57	4.49080368818522e-57	CUL5
CUL7	2097.89025980131	-0.725402460169239	0.0228696996014996	-31.7189325968091	8.51872281092799e-221	7.22305837586033e-220	CUL7
CUL9	2000.36774559073	-0.609714149346772	0.031540294377686	-19.3312764315266	2.93076804240127e-83	9.40908784220891e-83	CUL9
CUTA	3459.35290734498	-0.00875916930682147	0.017927743355614	-0.48858181049756	0.625137793246838	0.643108093281309	CUTA
CUTC	4986.86359709178	-1.56416563180327	0.0786113219361051	-19.8974599749717	4.28079157421647e-88	1.43098475631329e-87	CUTC
CUX1	6161.62623678187	0.560719985825599	0.0354067186470703	15.8365419686242	1.7413744639926e-56	4.3548877085761e-56	CUX1
CUX2	61.8533419607701	-2.93763731545298	0.103154778069798	-28.4779568181058	2.19675948635683e-178	1.43222989909124e-177	CUX2
CUZD1	43.9407748741543	0.76494779534733	0.0618648847259716	12.3648140416917	4.05147836200871e-35	8.06309143112424e-35	CUZD1
CWC15	2678.81569168115	0.00494458204101771	0.038978632786134	0.126853655133247	0.89905622806035	0.905241702724822	CWC15
CWC22	1339.66742948445	-0.47798658402137	0.0153238925463241	-31.1922432617181	1.35746499679051e-213	1.10468930412414e-212	CWC22
CWC25	1894.39214039363	-0.619385084362659	0.020216432755067	-30.6377040829529	3.85352433398352e-206	3.00161365365804e-205	CWC25
CWC27	1278.062335291	0.187319043881833	0.0224193910873622	8.35522441942793	6.53084306923757e-17	1.02361084971132e-16	CWC27
CWF19L1	1027.56718468332	-0.36825583226699	0.0158267695019887	-23.2679089829871	9.37186247313274e-120	4.04175602249311e-119	CWF19L1
CWF19L2	843.499443166964	-0.408347160126541	0.0178607711082149	-22.8627956571665	1.09020604895112e-115	4.5702839047902e-115	CWF19L2
CWH43	753.636896250531	-9.20490277342257	0.21089989518524	-43.6458385403065	0	0	CWH43
CX3CL1	5128.50812813383	0.0953700700241021	0.0745006958947038	1.28012321064617	0.200501806774766	0.21569551328229	CX3CL1
CX3CR1	88.1880525521632	-0.545658605191551	0.0768993005504573	-7.09575511461926	1.28647101260154e-12	1.87831654617896e-12	CX3CR1
CXADR	1571.95383713564	-0.483354564943376	0.134000681558154	-3.60710527232362	0.000309632060704571	0.000375965377722966	CXADR
CXCL1	153.787191501811	2.80553538140208	0.0969236177128542	28.9458384613103	3.16599450373072e-184	2.14091161012985e-183	CXCL1
CXCL10	73.253853461529	1.42890940542828	0.126225130232465	11.3203242713768	1.04086190714511e-29	1.94584642128145e-29	CXCL10
CXCL11	15.2834550305962	0.213416099048662	0.131171768118627	1.62699719695519	0.103737693115764	0.113636111104294	CXCL11
CXCL12	8965.43329194803	0.695818676600556	0.0593940042967812	11.7153016510501	1.06411815889746e-31	2.03930490560132e-31	CXCL12
CXCL13	12.9702366591492	-2.80736659092435	0.149272329029168	-18.8070127208626	6.61625777967137e-79	2.04146822577758e-78	CXCL13
CXCL14	18724.1308563737	-5.55842236378669	0.0844880772750034	-65.7894290302568	0	0	CXCL14
CXCL16	944.824125624822	-1.36046148992307	0.074227100083238	-18.3283664375606	4.91443879293678e-75	1.46610561338507e-74	CXCL16
CXCL17	17.4858227358479	-2.55970587934668	0.142273311787514	-17.9914690055829	2.27252900169237e-72	6.62796412175379e-72	CXCL17
CXCL2	945.969338125814	1.79665368804088	0.0880210970708868	20.4116257105267	1.31826246123966e-92	4.57667166148025e-92	CXCL2
CXCL3	89.5834161251134	2.16628965445142	0.0881003413092434	24.5888906019952	1.66082354764275e-133	7.85922310229158e-133	CXCL3
CXCL5	10.3483295808112	1.64280470887714	0.125970508387777	13.0411850353106	7.13395273430296e-39	1.47760077287064e-38	CXCL5
CXCL6	13.930206595384	3.08656891304382	0.164280689921973	18.788385381811	9.39959346472683e-79	2.89382729534031e-78	CXCL6
CXCL9	132.179170722995	0.183783270837986	0.100619954547166	1.82650918165379	0.0677735995013785	0.0750026167849695	CXCL9
CXCR1	50.8398056796861	2.4206671358554	0.0772211599066648	31.3471998967795	1.06225385363841e-215	8.7713906510757e-215	CXCR1
CXCR2	93.8369221253045	0.0261942597661486	0.08672838742945	0.302026366943079	0.762631963072891	0.775513386469049	CXCR2
CXCR2P1	5.53506909486706	1.24825257201422	0.103051586643164	12.112890375347	9.02566134922076e-34	1.77176586638302e-33	CXCR2P1
CXCR3	6.96880112753315	0.227340141541016	0.0854460350137792	2.66062833113736	0.00779949987379177	0.00901784297181101	CXCR3
CXCR4	667.942788898847	-0.0221010973286921	0.067552478483644	-0.327169303403771	0.743539836744637	0.75708244817242	CXCR4
CXCR5	1.33579007195357	-0.812434737339656	0.117872724984557	-6.89247438239928	5.48301685171994e-12	7.91561362962633e-12	CXCR5
CXCR6	193.52302810771	-1.63293893615683	0.0946362298549146	-17.2549026800863	1.02794764431469e-66	2.83717962976215e-66	CXCR6
CXXC1	3029.19863161799	-0.256380437145348	0.0263672506429739	-9.72344218276191	2.39543829582036e-22	4.06526678260228e-22	CXXC1
CXXC4	103.37238390486	2.12854121526859	0.0669089349310606	31.8125108023573	4.34633171265172e-222	3.71149512141573e-221	CXXC4
CXXC5	2641.21102232365	-0.230316881107276	0.0365725389579291	-6.29753601116453	3.02414119547692e-10	4.22225747768402e-10	CXXC5
CXorf38	909.771428659226	-0.33934168967503	0.0251414675823261	-13.4972904252248	1.62233794513694e-41	3.46549250627862e-41	CXorf38
CXorf58	4.99081149582859	1.18168414696764	0.0770836489501979	15.3298937331197	4.82775718328215e-53	1.16556406996059e-52	CXorf58
CXorf65	10.2172470203931	-0.9121581704997	0.0830907760939749	-10.9778511331758	4.88403353935781e-28	8.94379325961139e-28	CXorf65
CYB561	1926.76577238888	-0.953633630143941	0.0731596386031775	-13.0349691216561	7.73983463752037e-39	1.6021706912374e-38	CYB561
CYB561A3	1785.10348952235	-1.06790894546017	0.0277427442854032	-38.4932699690438	0	0	CYB561A3
CYB561D1	1097.1976228967	-0.653768887947234	0.04875508330612	-13.4092456337813	5.33790138811949e-41	1.13324168991083e-40	CYB561D1
CYB561D2	480.891419420792	-0.0951261968165512	0.0268292546568891	-3.54561459246968	0.000391698637232871	0.000474173985798851	CYB561D2
CYB5A	2256.47201966981	-0.372093836541656	0.0615564386755072	-6.04475899756217	1.49633502296219e-09	2.06023609823638e-09	CYB5A
CYB5B	2307.16491104758	0.0544538189706992	0.0152988271565807	3.55934598210532	0.000371779487934747	0.000450302958034812	CYB5B
CYB5D1	20.5866160127277	0.635041809001321	0.0286520295736507	22.163938068294	7.65543974112226e-109	3.03469655978731e-108	CYB5D1
CYB5D2	843.388854714992	-0.493387754062028	0.0242248765706436	-20.3669873249191	3.28261110880571e-92	1.13438822364392e-91	CYB5D2
CYB5R1	15612.2308255425	-0.891568210766773	0.0665594032079305	-13.39507519293	6.46105725214727e-41	1.36975022489581e-40	CYB5R1
CYB5R2	781.717633585918	-2.63381379339146	0.0735865872694165	-35.7920361729576	1.46903171589141e-280	1.72949901358804e-279	CYB5R2
CYB5R3	17060.5066417714	0.482330987328948	0.0229835693178245	20.9859043501518	8.82287869429524e-98	3.20655439886955e-97	CYB5R3
CYB5R4	876.47485111488	-0.197774031561473	0.0228565185946319	-8.65285020300169	5.02289349725439e-18	8.00151379151118e-18	CYB5R4
CYB5RL	418.24687788928	-0.224486924807295	0.0271281039509446	-8.27506873363623	1.28381540795787e-16	2.0039855323144e-16	CYB5RL
CYBA	1266.152135755	0.512230269193646	0.0493421020089277	10.3812008069897	3.01953016291856e-25	5.34039717652751e-25	CYBA
CYBB	416.192161275146	0.467707757402292	0.0583130572358751	8.02063516427245	1.05199755531495e-15	1.61744174865258e-15	CYBB
CYBRD1	10548.7219254153	-0.55693813033633	0.0565482779115044	-9.8488963927056	6.93007198966747e-23	1.18581963769966e-22	CYBRD1
CYC1	12614.0655705593	1.01652330680814	0.0585524036819875	17.3609150587417	1.63103024287226e-67	4.54632632424024e-67	CYC1
CYCS	12455.4871522088	1.38895949868851	0.069018191729403	20.124542006753	4.49909995524229e-90	1.52952404710702e-89	CYCS
CYCSP10	5.98063748009252	0.0258737882489072	0.0627039541364393	0.412634077152578	0.679874730402044	0.695760376462035	CYCSP10
CYCSP34	10.8909277587228	0.445438332401385	0.0560077963694741	7.95314869135187	1.8182989034782e-15	2.78231881685745e-15	CYCSP34
CYCSP52	1.37288173325547	-0.851144980200479	0.146308480788011	-5.81746851321434	5.97455114970174e-09	8.11559728688357e-09	CYCSP52
CYFIP1	4702.53512091808	-0.531047986794087	0.0268600739386622	-19.7709056202448	5.3015734706868e-87	1.75461709957406e-86	CYFIP1
CYFIP2	915.577492551998	1.59716134354319	0.0470753416739254	33.927769544535	2.59549759131512e-252	2.60577535645641e-251	CYFIP2
CYGB	2079.41510093251	1.2738924780956	0.0484113835832726	26.3139035451109	1.3295578068768e-152	7.19151745240061e-152	CYGB
CYHR1	2118.1575335272	0.440210448197775	0.0244329144675396	18.0171075694886	1.43028516591093e-72	4.17828031021789e-72	CYHR1
CYLD	4128.37284029937	-0.756601490303153	0.0395741049329622	-19.1186001953758	1.76788764566454e-81	5.59587577098775e-81	CYLD
CYP11A1	99.0418701955827	-0.806804983027562	0.0634680833589932	-12.7119796333544	5.07336227145003e-37	1.03041401611612e-36	CYP11A1
CYP11B1	28.7811088175956	0.712455633930808	0.161462528734918	4.41251378578671	1.02177286313948e-05	1.29281881699401e-05	CYP11B1
CYP17A1	29.8365477504463	-0.285291121294369	0.0830027771605393	-3.43712741975578	0.000587918955147581	0.000707854264705478	CYP17A1
CYP19A1	116.933342224395	-1.68477204488093	0.0975423914631833	-17.2722035989535	7.61773017081166e-67	2.1064018556802e-66	CYP19A1
CYP1A1	955.084732474003	-0.00744885127433581	0.13329285074725	-0.0558833518270259	0.955434733420173	0.958629989203307	CYP1A1
CYP1B1	1905.41839265496	1.4425876457971	0.0725055388714428	19.8962405941828	4.38618906736784e-88	1.46594484592812e-87	CYP1B1
CYP20A1	846.899345541414	-0.0205799752607134	0.0218900163631603	-0.940153489119744	0.347138835250496	0.366931660208114	CYP20A1
CYP21A1P	29.1421017027459	0.556883337634407	0.0852847403920501	6.52969493809139	6.5903784601425e-11	9.31700327189391e-11	CYP21A1P
CYP21A2	30.2226267764367	0.253349293986495	0.0866626311591248	2.92339720820742	0.00346234523228277	0.00405607682717182	CYP21A2
CYP24A1	30.0923848713318	-5.63013727242097	0.199953420026205	-28.1572441805852	1.95375447078402e-174	1.24142372850629e-173	CYP24A1
CYP26A1	8.25587057966773	-3.18576643855371	0.142899083457758	-22.293819956483	4.24207802729033e-110	1.70108368387733e-109	CYP26A1
CYP26B1	2181.31506957375	-3.13288348533435	0.0754316871390395	-41.532724563878	0	0	CYP26B1
CYP26C1	3.16052963035223	-1.18814419524295	0.113088185900495	-10.5063511787905	8.07579080362719e-26	1.43890240776099e-25	CYP26C1
CYP27A1	1964.63078290819	-0.313119418421368	0.038960491244098	-8.03684472199259	9.21813636366525e-16	1.41922402225742e-15	CYP27A1
CYP27B1	58.1113436846833	-1.55761865226897	0.0674299727626377	-23.0997965511864	4.65182723727078e-118	1.98524281882673e-117	CYP27B1
CYP27C1	201.12206737807	-2.63713281723304	0.100682879651571	-26.1924651575249	3.23820135867753e-151	1.73639745777641e-150	CYP27C1
CYP2A6	19.3167431603836	-1.40838199478662	0.0758736540923091	-18.5622006958194	6.49871620651824e-77	1.9707605782544e-76	CYP2A6
CYP2A7	4.52659292451065	-1.19547758096727	0.110422532407342	-10.8263916331608	2.58127779235978e-27	4.68450262529171e-27	CYP2A7
CYP2B6	1.54658919139322	-0.374310146254371	0.18362195466173	-2.03848252756011	0.0415017003754749	0.0464366054487148	CYP2B6
CYP2C18	97.8591475228105	-5.60818173921143	0.188114973978643	-29.812521675431	2.68861711871261e-195	1.95783967451237e-194	CYP2C18
CYP2C19	17.3301349979273	-3.55340329799276	0.180490397309493	-19.6874922486853	2.76020247331749e-86	9.08177750359862e-86	CYP2C19
CYP2C8	29.7811427952879	-0.626670515673778	0.058796771558572	-10.6582470272114	1.59576797709112e-26	2.86766690182862e-26	CYP2C8
CYP2C9	21.208606581764	-2.25252491956025	0.138289770810973	-16.288442061555	1.19227911944662e-59	3.07746148969868e-59	CYP2C9
CYP2D6	64.4865294505784	-0.955506278831773	0.057734275291878	-16.5500696770016	1.59917470304367e-61	4.21413319125884e-61	CYP2D6
CYP2E1	317.574936248589	-1.57626547106106	0.0630920592312995	-24.9835793959803	9.22131120695229e-138	4.50211074142523e-137	CYP2E1
CYP2F1	0.785046555043752	-0.17656209849527	0.131727807007041	-1.34035555974778	0.18012977639597	0.194535403461954	CYP2F1
CYP2G1P	14.6464450796199	-0.268961993250103	0.0796482747697574	-3.37687155217866	0.000733152784461286	0.00087965628694845	CYP2G1P
CYP2J2	1467.78373764931	2.75527308725458	0.0824306570733482	33.4253442236048	5.87396995845548e-245	5.67564858948777e-244	CYP2J2
CYP2R1	731.358395353226	-0.509154200095061	0.040619850697421	-12.5346152522266	4.82698344505261e-36	9.70410196497565e-36	CYP2R1
CYP2S1	117.985353958027	-1.77717754294289	0.0907162637392524	-19.5905063732681	1.86327863748206e-85	6.08175498700174e-85	CYP2S1
CYP2U1	581.043079829716	0.663548930384422	0.0300468422385456	22.0838158338379	4.52244473516406e-108	1.78449205781868e-107	CYP2U1
CYP2W1	229.617850136116	-7.0490341024781	0.172898686928546	-40.7697376290153	0	0	CYP2W1
CYP39A1	300.700107444983	-0.717545745511435	0.0858188347243183	-8.3611685921448	6.21000274994144e-17	9.74002435320169e-17	CYP39A1
CYP3A4	106.014257807599	-3.49543207733891	0.10460434488433	-33.4157446442984	8.09819023574657e-245	7.80800870025035e-244	CYP3A4
CYP3A43	6.65671960340533	-0.381395013561575	0.0754105451038994	-5.05758197392811	4.24605927255728e-07	5.54547725207165e-07	CYP3A43
CYP3A5	1716.61606623462	-3.5538994979608	0.0911014909322331	-39.0103329988793	0	0	CYP3A5
CYP3A7	10.4190312263592	-3.87921727453445	0.181017707865453	-21.4300430619628	7.01152865133335e-102	2.6327602680987e-101	CYP3A7
CYP46A1	149.987812731032	1.37201721128861	0.036252069169701	37.8465903522917	0	0	CYP46A1
CYP4A11	20.3410627790866	-0.832274468781983	0.066504039942942	-12.5146452681077	6.20846163842237e-36	1.24730488787099e-35	CYP4A11
CYP4A22	21.279289249608	-0.118479799630868	0.0697495697959561	-1.69864559706198	0.0893859796490624	0.0983218466032858	CYP4A22
CYP4B1	3199.40268312921	0.0557708387522589	0.0810733261462945	0.687906138840561	0.491511890509974	0.512227496154116	CYP4B1
CYP4F11	66.8873636469475	-1.31104655256408	0.0976658973915026	-13.4237905715301	4.3868778304416e-41	9.32328073503886e-41	CYP4F11
CYP4F12	1264.29698780882	-1.60635641879949	0.0952182162278379	-16.870263720923	7.44631868073313e-64	2.00151086414629e-63	CYP4F12
CYP4F2	13.9197543527864	-3.87170502934149	0.173949009778247	-22.2577008876176	9.49958350649725e-110	3.79245958528403e-109	CYP4F2
CYP4F22	1699.08679391851	-8.79018474293241	0.146679270335136	-59.927927939977	0	0	CYP4F22
CYP4F24P	28.2264512110192	1.34326067352461	0.11606871246962	11.572978151853	5.64872628697076e-31	1.07305531755763e-30	CYP4F24P
CYP4F3	187.852050050347	-2.0310337042034	0.109187062881963	-18.6014134879611	3.12946443303035e-77	9.51097235505307e-77	CYP4F3
CYP4F8	211.715179415333	-7.70424540784832	0.219834140868603	-35.0457184557754	4.53099527984502e-269	5.01305753119178e-268	CYP4F8
CYP4V2	865.260050668457	1.07972199419953	0.0422305628751919	25.5673124080902	3.52503899768344e-144	1.80011991481701e-143	CYP4V2
CYP4X1	602.749862862738	-0.858699715679694	0.0484809395728043	-17.7121096093894	3.38157179065854e-70	9.66523877479268e-70	CYP4X1
CYP4Z1	124.48022022127	-1.17015151357712	0.0889147867254302	-13.1603702451715	1.48357090322715e-39	3.09380906267284e-39	CYP4Z1
CYP4Z2P	25.8913747587024	-2.19086814765148	0.109341100761975	-20.0370046797023	2.62071559107333e-89	8.85093834050863e-89	CYP4Z2P
CYP51A1	1506.62675461143	-0.232374432818581	0.039888283874533	-5.82563124423967	5.68971243781579e-09	7.73393593544681e-09	CYP51A1
CYP7A1	9.09966873451293	-1.27022582248069	0.0832367044210525	-15.2604050258316	1.40374298762264e-52	3.37637326565944e-52	CYP7A1
CYP7B1	620.997321947965	-0.71277999211556	0.0661640078726863	-10.7729264751782	4.62076002009223e-27	8.35710852222246e-27	CYP7B1
CYP8B1	20.2290171124797	-0.978477161558426	0.078246369300698	-12.5050806868517	7.00286837837105e-36	1.40580610771782e-35	CYP8B1
CYSLTR1	91.5895186662488	-1.01039353500907	0.0688902892745146	-14.6667047801591	1.0533785910511e-48	2.43851183352763e-48	CYSLTR1
CYSLTR2	238.893272690117	4.57984933791396	0.0835230133889245	54.8333824665534	0	0	CYSLTR2
CYSTM1	4600.78745310315	-0.626415919374588	0.0651438216498418	-9.61589147688741	6.85132589917256e-22	1.15608096654486e-21	CYSTM1
CYTH1	4432.73101222468	-0.204332964388586	0.0236030204443719	-8.6570684828309	4.84051905932751e-18	7.71372021839186e-18	CYTH1
CYTH2	3178.20386297639	-0.501711483209083	0.0344316816937183	-14.5712163487099	4.28198384202057e-48	9.86182077024209e-48	CYTH2
CYTH3	3721.59689481445	0.492649775536885	0.0265957177857558	18.5236502923316	1.33099113535943e-76	4.02404625925515e-76	CYTH3
CYTH4	403.030336396953	0.589896972167536	0.0590733184835283	9.98584449478692	1.75797668743788e-23	3.03523291296464e-23	CYTH4
CYTIP	155.508978627138	-0.317943868662156	0.0568119207173232	-5.59642878902364	2.18812136104735e-08	2.93461277158496e-08	CYTIP
CYTL1	70.2280609053944	-2.03669637859067	0.0950145595453355	-21.4356240594777	6.21944006179063e-102	2.33631345059042e-101	CYTL1
CYYR1	1619.82854531946	0.881691088869193	0.0568092404149436	15.5202055586236	2.53238449908343e-54	6.19115216189065e-54	CYYR1
D2HGDH	2619.53651696623	-0.739386422614862	0.0290904472420067	-25.4168117961138	1.64407524987048e-142	8.28063754138737e-142	D2HGDH
DAAM1	2880.98625037779	0.0706446476081404	0.0613751897349201	1.15102939662191	0.249720142006592	0.26679401010509	DAAM1
DAAM2	4040.79862383886	-0.739539156286792	0.0532430915890593	-13.8898612799328	7.29765173669327e-44	1.60084120049007e-43	DAAM2
DAB1	79.9401998007705	3.38202364204808	0.0686134026285545	49.2910060204565	0	0	DAB1
DAB2	3701.98636990678	-0.287072856321985	0.0546128185134611	-5.25651054342172	1.46814363531746e-07	1.93527047300451e-07	DAB2
DAB2IP	7217.18436792577	0.13106246346503	0.0235849020055071	5.55704931207375	2.74373265929176e-08	3.67184087427782e-08	DAB2IP
DACH1	385.798174090979	0.239325148336236	0.0547094134878491	4.37447841383621	1.2172316669677e-05	1.53656291985173e-05	DACH1
DACH2	10.4495822492506	-3.06982256127448	0.102541178994503	-29.9374611387982	6.40743483256835e-197	4.72512226223117e-196	DACH2
DACT1	372.251108024017	0.00859375820374918	0.0610419930724141	0.140784364520248	0.888040295338685	0.894650400514421	DACT1
DACT2	240.320977796576	-0.134989905611782	0.132737521588734	-1.01696870633178	0.309168316523503	0.328164329603135	DACT2
DACT3	493.609185039786	1.53361262438643	0.0544982359218911	28.1405920475016	3.12390090391191e-174	1.98004718913093e-173	DACT3
DAD1	3326.20534697235	0.313464926141074	0.0174143085150212	18.0004233800432	1.93335399746836e-72	5.64239709929118e-72	DAD1
DAG1	10491.4328053586	0.337774155636881	0.0465392520670299	7.25783377761183	3.93338486513796e-13	5.79560128978869e-13	DAG1
DAGLA	469.076872652233	-0.0621140621682457	0.0538290727176714	-1.1539129141984	0.248535874070041	0.26560759137585	DAGLA
DAGLB	1392.18912408061	-0.825559040756948	0.0285019022116977	-28.9650506350458	1.81395266920191e-184	1.22847863048546e-183	DAGLB
DALRD3	897.001256689361	-0.459602886219642	0.0292318539013021	-15.7226732102396	1.05765410751092e-55	2.62134539299244e-55	DALRD3
DAND5	94.0822668696445	6.80084821809192	0.0681295996361717	99.8222249126674	0	0	DAND5
DAP	2788.90461135954	-0.00471527847138001	0.0539565940739894	-0.0873902171236764	0.93036134523355	0.934670977539297	DAP
DAP3	4616.20685725715	-0.0253063187634172	0.0305230721187782	-0.829088194823232	0.407054503292308	0.427701851142006	DAP3
DAP3P1	0.411108386321208	0.476561860406776	0.132278042967623	3.60272838723068	0.000314894518251102	0.000382252088680159	DAP3P1
DAP3P2	2.56990539456565	-0.703069333017089	0.0896072623365979	-7.84611999835573	4.29106370338288e-15	6.52669520275414e-15	DAP3P2
DAPK1	813.162889836623	-1.3684294638184	0.0494261566100417	-27.6863417605968	1.01969612575154e-168	6.19283062066582e-168	DAPK1
DAPK2	5060.44900642554	-0.528751973995873	0.0746335306915521	-7.08464371303988	1.3940248031808e-12	2.0338661437881e-12	DAPK2
DAPK3	4606.13729329845	0.559598934518214	0.0356606651234017	15.6923302630995	1.7067340683723e-55	4.21902224179754e-55	DAPK3
DAPL1	1299.31720795017	-8.72780991183283	0.18446648333069	-47.3137979010888	0	0	DAPL1
DAPP1	398.176618647049	-3.84234188318973	0.0869828673082348	-44.1735482181094	0	0	DAPP1
DARS2	651.168954575027	0.538861315878403	0.0264624027152899	20.3632799967575	3.54068632132319e-92	1.22310294511876e-91	DARS2
DAW1	8.07269352456747	1.53537123644231	0.129985155947429	11.8118967142931	3.38830274263557e-32	6.54008553186607e-32	DAW1
DAXX	2764.28940285768	-0.442844605379158	0.0219428456570642	-20.1817308611743	1.41696699642636e-90	4.83908611319881e-90	DAXX
DAZAP1	4988.96304648093	0.0308551836800039	0.0220451164438889	1.39963804494021	0.161621735159786	0.175030252352985	DAZAP1
DAZAP2	9912.30247914887	-0.00837927786463127	0.019345265956363	-0.433143585801939	0.664910459971271	0.681221012518091	DAZAP2
DAZAP2P1	1.46260715498189	0.0031248019921733	0.101299556203574	0.0308471439489193	0.975391442857046	0.977346026321719	DAZAP2P1
DAZL	1.18301124331419	-0.219583504901424	0.21532427925513	-1.01978051737142	0.307832565085536	0.326765774507886	DAZL
DBF4	238.479864805909	-0.678966906870753	0.0321903557777758	-21.0922461235894	9.37052200328496e-99	3.4319179365439e-98	DBF4
DBF4B	331.305085223172	0.300503894123813	0.026638147802843	11.280960536293	1.6295687513122e-29	3.04198559497779e-29	DBF4B
DBF4P1	1.14740282008661	-0.404217556399913	0.132393221345491	-3.05315900838363	0.00226445914706379	0.00267050112069544	DBF4P1
DBH	11.7075205175465	0.561971934335348	0.0697921525457559	8.05207912117222	8.13992548814825e-16	1.25429548632218e-15	DBH
DBI	5937.85025434022	0.758355777660722	0.0429704973854819	17.6482894963404	1.0488505317647e-69	2.98598108845428e-69	DBI
DBN1	3791.61811185753	0.306959215427651	0.0370440865365676	8.2863216271952	1.16804655202311e-16	1.82438229787142e-16	DBN1
DBNDD1	1338.99522313965	-2.18018005282124	0.0809174266323504	-26.943269744933	6.84025426770391e-160	3.90397644492511e-159	DBNDD1
DBNDD2	7368.52602727428	1.66282533240904	0.0506576336242546	32.8247731574436	2.60990730536864e-236	2.40557815688381e-235	DBNDD2
DBNL	4755.82415564077	-0.0421379718622276	0.028182582237548	-1.49517781965652	0.134868040581527	0.146781112364453	DBNL
DBP	1001.90684963813	-1.14068419051045	0.0725670475848832	-15.7190381650317	1.12011208991991e-55	2.77576235278747e-55	DBP
DBR1	589.92183150678	-0.0288997843476734	0.0176079547483771	-1.64129137998478	0.100736944596767	0.11044312928232	DBR1
DBT	2080.06506841126	0.678073346024085	0.0358088327912749	18.9359242725527	5.76941971532723e-80	1.79680491860909e-79	DBT
DBX2	26.1926370201449	-2.17849258938818	0.0944165980733823	-23.0731951144333	8.60670906312619e-118	3.65917264632344e-117	DBX2
DCAF10	1860.56012419091	-0.454687055531104	0.0151480187612956	-30.0162722727057	6.01893298226053e-198	4.46238931687281e-197	DCAF10
DCAF11	5028.76752095045	0.0405938826987682	0.040342276609963	1.00623678458303	0.31430168128541	0.333318284718903	DCAF11
DCAF12	1922.80180588984	-0.549457298640879	0.0196412832151188	-27.9746130954385	3.30945832895829e-172	2.06780837832621e-171	DCAF12
DCAF12L2	20.505930821768	-1.28566625284787	0.0699637717031092	-18.3761712891007	2.03859423736495e-75	6.1018847467254e-75	DCAF12L2
DCAF13	1094.3060795294	-0.0494909692957723	0.0230262166938686	-2.14933134495128	0.0316081434844663	0.0355811513266136	DCAF13
DCAF13P3	5.94066707738225	0.0590995189708657	0.0784382976642979	0.753452340638514	0.451178140429697	0.471750563770619	DCAF13P3
DCAF15	1958.55143309184	-0.298138059165442	0.0235705406692782	-12.6487577586217	1.13657687259743e-36	2.2995976490532e-36	DCAF15
DCAF16	1724.17671929085	-0.366458516448531	0.0249733861632154	-14.6739618749942	9.46531071973971e-49	2.19314015016134e-48	DCAF16
DCAF17	853.799179951184	-0.384190123989733	0.0207227984315006	-18.5394904679345	9.91566453737707e-77	3.0018815562954e-76	DCAF17
DCAF4	1007.55076900048	-1.12333180567439	0.0284641402208154	-39.4648071910818	0	0	DCAF4
DCAF4L1	101.002685763696	-0.0958174400724408	0.0644365483071764	-1.48700454306876	0.13701361106461	0.149053122183722	DCAF4L1
DCAF5	6395.54955325674	-0.397396074031079	0.0280185184095275	-14.1833364713513	1.16188377832439e-45	2.60202412212209e-45	DCAF5
DCAF6	21504.5483869551	-1.01072678381281	0.0884809643232867	-11.4230986466182	3.20595674254317e-30	6.03728709305572e-30	DCAF6
DCAF7	3146.17901898306	0.188075011268807	0.0122911324255969	15.3016829333912	7.45048557970474e-53	1.79491690203781e-52	DCAF7
DCAF8	12635.0297843353	-0.356691747121329	0.0367753688538369	-9.69920243462394	3.03864572111755e-22	5.15295917341846e-22	DCAF8
DCAKD	1552.35836832486	0.128887742829072	0.0321895429214219	4.00402525577021	6.22737120345652e-05	7.7203105394918e-05	DCAKD
DCBLD1	685.714218996017	0.382619676895686	0.0349069670994443	10.9611263506699	5.87633960785542e-28	1.07499989106713e-27	DCBLD1
DCBLD2	1596.92028063262	1.47406681583012	0.0252092180382066	58.473325653975	0	0	DCBLD2
DCC	7.44465725937201	-2.05618362893552	0.124506277708052	-16.5146984295599	2.87594946799604e-61	7.55214680866473e-61	DCC
DCD	14053.0022210552	-9.56882810227202	0.186435726684962	-51.3250774002204	0	0	DCD
DCDC1	11.9672301402894	-1.5466343008138	0.105576942104866	-14.6493568574622	1.35996889868042e-48	3.14380379416286e-48	DCDC1
DCDC2	44.3132132180642	-4.78299015389095	0.116274377531663	-41.1353752686268	0	0	DCDC2
DCDC2B	4.80661661294776	-0.242251400465174	0.0634677393796087	-3.8169218382939	0.000135126953468028	0.000165730073542139	DCDC2B
DCDC2C	7.57667536677307	-1.45222497989121	0.108283688122936	-13.4112995693542	5.19209479844262e-41	1.10241682551033e-40	DCDC2C
DCHS1	1769.25568598704	0.881622690714122	0.0544074201764693	16.2040892189815	4.71825449250782e-59	1.20867082851335e-58	DCHS1
DCHS2	32.4633428410745	-2.14283744372114	0.0821436703909241	-26.0864584395037	5.19364182674039e-150	2.76354556675004e-149	DCHS2
DCK	590.303327034242	-0.619229408804799	0.022927866724446	-27.0077201794168	1.19944605958729e-160	6.87618742631554e-160	DCK
DCLK1	2175.07724873464	-0.817441889056812	0.0668510721675865	-12.2278052176575	2.20824772001038e-34	4.36293131466434e-34	DCLK1
DCLK2	554.538519813723	2.26189378040776	0.0445069050031783	50.8211878639109	0	0	DCLK2
DCLK3	68.2966211281039	-0.252559232211728	0.0678236900327976	-3.72376130065464	0.000196276512171847	0.000239699694410137	DCLK3
DCLRE1A	339.735334186356	0.203636617521488	0.036843068252333	5.52713514864749	3.25502215066653e-08	4.35187564870382e-08	DCLRE1A
DCLRE1B	250.697830636035	-0.441287033972634	0.0359354154921088	-12.2800036657302	1.15993005801761e-34	2.29803004340469e-34	DCLRE1B
DCLRE1C	533.369688347949	-0.488642281848803	0.0294687875748801	-16.5816893758239	9.45335396949548e-62	2.49552463418226e-61	DCLRE1C
DCLRE1CP1	0.402213213424575	-0.358746484248699	0.289030281582976	-1.24120726134264	0.21452919306311	0.230304151021532	DCLRE1CP1
DCN	62728.317651144	0.125032823193703	0.0570447996927949	2.19183560757591	0.0283913789953245	0.0320422077300838	DCN
DCP1A	1756.12508890181	-0.0752653721962824	0.0164183508780792	-4.58422242009532	4.55678985077553e-06	5.81255485429495e-06	DCP1A
DCP1B	634.144992252645	-1.148822127247	0.0213707196577732	-53.7568292338315	0	0	DCP1B
DCP2	1583.58304403242	-0.5706392286305	0.0219558053254534	-25.9903574554361	6.36520616655837e-149	3.3700022413005e-148	DCP2
DCPS	929.156801475665	-0.459108753892703	0.0243967505092641	-18.8184386981523	5.33331061743731e-79	1.64645728733474e-78	DCPS
DCST1	59.2333095281053	-3.0988215954203	0.0873708001741711	-35.4674741360145	1.56023897031843e-275	1.78322931458426e-274	DCST1
DCST2	286.036963057141	-2.00981013738283	0.0793248247302317	-25.3364585956263	1.26724277777691e-141	6.35775842886345e-141	DCST2
DCSTAMP	5.46884300303445	-1.45071984655432	0.19871824334783	-7.30038582323331	2.86943702413348e-13	4.23730400914083e-13	DCSTAMP
DCT	1107.90427324083	-6.00128080256323	0.122770445582816	-48.8821293599935	0	0	DCT
DCTD	2505.91556951517	-0.174968982700934	0.0150086521838025	-11.6578744419011	2.09199690091432e-31	3.99809281381874e-31	DCTD
DCTN1	11478.6058120596	0.607448390872138	0.0254158088014559	23.9004155097886	3.03241926327355e-126	1.36911409977896e-125	DCTN1
DCTN2	6924.03077868231	-0.149456813519699	0.0211587241814085	-7.06360233435161	1.62240618046155e-12	2.36419765680307e-12	DCTN2
DCTN3	2994.69188770828	0.16594728749739	0.0233543524004902	7.10562573740671	1.19778598615598e-12	1.75010921564885e-12	DCTN3
DCTN4	4025.12518111338	-0.581599055819219	0.0329366897541736	-17.6580907237504	8.81720822757889e-70	2.51256237620148e-69	DCTN4
DCTN5	2894.64756131315	0.0400924120836299	0.0154778377658282	2.59031091359191	0.00958892837503655	0.0110463522129165	DCTN5
DCTN6	882.330933043275	0.505966069547479	0.0189535406829746	26.6950686423446	5.37009776545091e-157	3.00862526846816e-156	DCTN6
DCTPP1	934.271058524805	-0.0272609010558437	0.0281281496601968	-0.969167946884887	0.332461400780542	0.351892613362177	DCTPP1
DCUN1D1	1996.63908021481	-1.00850932563183	0.0474535516371754	-21.2525573078866	3.12190307244557e-100	1.15656260973642e-99	DCUN1D1
DCUN1D2	3144.65074552712	1.10650214345745	0.0592166422580941	18.6856616867061	6.47707647929355e-78	1.9801945262188e-77	DCUN1D2
DCUN1D3	1274.45738424617	-0.12315697617516	0.0409225596219879	-3.00951302442449	0.0026166685941222	0.00307920843059383	DCUN1D3
DCUN1D4	1928.06197815782	0.000520249651310445	0.0215009268585241	0.0241966150916974	0.980695778106711	0.982332908669462	DCUN1D4
DCUN1D5	1173.40490020282	-0.00118909433381524	0.0302859759883095	-0.0392622094884521	0.96868133582971	0.97094675239549	DCUN1D5
DCX	18.39151455569	-2.13737905933631	0.148497619955815	-14.3933556643688	5.69636136275319e-47	1.29535372525164e-46	DCX
DCXR	4169.78757547283	0.242114601148388	0.0416064056358377	5.81916648286106	5.91418054020832e-09	8.0341984683639e-09	DCXR
DDA1	2038.64088375526	0.221292994668821	0.0212814368645839	10.3984047729922	2.5211847401472e-25	4.46691402631788e-25	DDA1
DDAH1	1565.06076136288	-0.683126328715591	0.0539797836710718	-12.6552253873089	1.04674737677528e-36	2.11927786855605e-36	DDAH1
DDAH2	3006.40153939199	0.210730693353537	0.0560830501779779	3.75747561312714	0.000171636087739632	0.000209892745611489	DDAH2
DDB1	14804.5523699529	-0.634642978048552	0.0333392036480021	-19.0359369332621	8.59417163657727e-81	2.69988976666715e-80	DDB1
DDB2	1618.17657265044	-1.0861796932201	0.0526618553582837	-20.6255492866764	1.61882104994268e-94	5.71156364563273e-94	DDB2
DDHD1	1258.21486323605	-0.0123527616907225	0.0219956321417807	-0.561600667400614	0.574388125597047	0.593715799533301	DDHD1
DDHD2	2398.46184027629	0.0241545626380155	0.0200183040899303	1.20662382435113	0.227577047376121	0.243773545362544	DDHD2
DDI1	1.27050384519551	-0.0648155732001869	0.176578332076751	-0.367064137699603	0.713571176923306	0.727926711764504	DDI1
DDI2	4882.22918745294	-1.37202750689133	0.0402946618482728	-34.049857821307	4.0784903870793e-254	4.14784776597821e-253	DDI2
DDIT3	1036.2370426235	0.139681151989704	0.044913653920104	3.10999305997638	0.00187091739682002	0.00221349878804845	DDIT3
DDIT4	14097.6524023044	-1.41396476066249	0.0535291864423989	-26.4148374865366	9.25477170119542e-154	5.0452799937377e-153	DDIT4
DDIT4L	6359.23506762528	-6.49624665149106	0.131133743665262	-49.5390924556662	0	0	DDIT4L
DDN	10748.4840192083	-7.29234970080639	0.161232016925112	-45.2289181756841	0	0	DDN
DDO	383.074845002349	2.43367667776361	0.0778288809098262	31.2695833386491	1.20965052909657e-214	9.91571911396512e-214	DDO
DDOST	5603.5788718236	0.499795336369751	0.0170021812990547	29.3959538237331	6.18616135660376e-190	4.33464735617845e-189	DDOST
DDR1	7818.31799108856	-2.12773480660179	0.0484239031107334	-43.939762594853	0	0	DDR1
DDR2	3856.1876859042	0.0168437580392757	0.0561942915084507	0.299741443252162	0.764374384055471	0.77715353218766	DDR2
DDRGK1	2402.03577254542	-0.43444766853731	0.0217857057250811	-19.9418680312544	1.76354523106075e-88	5.9127542753445e-88	DDRGK1
DDT	370.656523409418	0.549230489644484	0.0304683551388525	18.0262599389266	1.21218917516165e-72	3.54518559578958e-72	DDT
DDTL	122.423970896971	0.864138061511482	0.0291624731434569	29.6318510868604	5.81154628895443e-193	4.16621444633487e-192	DDTL
DDX1	7772.35265840727	0.100526194518049	0.0391919912956928	2.56496777006319	0.0103185389239193	0.0118678690926759	DDX1
DDX10	1059.75419589839	-0.538716290108414	0.0197546076152263	-27.2704120781011	9.51942029719905e-164	5.60180074435698e-163	DDX10
DDX10P2	0.545860485939975	-0.34559471361622	0.181447798020761	-1.90465090999163	0.0568254641281469	0.0631312213646098	DDX10P2
DDX11	1351.49390468818	-0.695434664775192	0.0430460013911963	-16.1556159062296	1.03677851694592e-58	2.64799235010549e-58	DDX11
DDX11L1	0.470998252388071	1.10279174289971	0.127665045555156	8.6381651148455	5.71230206865815e-18	9.0949185864068e-18	DDX11L1
DDX11L10	1.26363469301426	0.224573224755176	0.114866240461168	1.95508466067623	0.0505730784718842	0.056331042978305	DDX11L10
DDX11L2	96.6930645042637	0.314462678756113	0.065598749563944	4.7937297714735	1.63708758792388e-06	2.11142893674986e-06	DDX11L2
DDX12P	146.339478980136	-0.747372502021895	0.0551805803475473	-13.5441218144984	8.58342605703621e-42	1.83940776729415e-41	DDX12P
DDX17	37379.7630567608	-0.118254813162031	0.0174979169665144	-6.75822232945412	1.39695057126095e-11	2.00211044850863e-11	DDX17
DDX18	2638.0968863451	-0.294043652126521	0.0173252686761476	-16.9719533718599	1.32451951671311e-64	3.58213278550971e-64	DDX18
DDX18P1	7.58086038291323	-0.420389040126897	0.0697519407482864	-6.02691531758168	1.6711850765654e-09	2.29799118197646e-09	DDX18P1
DDX18P5	0.83027299285074	-0.591681622353736	0.158857203754133	-3.72461310139575	0.00019561499774752	0.000238924248504078	DDX18P5
DDX19A	2561.0619088078	-0.691766221879999	0.0377997342825302	-18.3008223473071	8.15092576242869e-75	2.42720950619485e-74	DDX19A
DDX19B	1145.37331349506	-0.670016450552752	0.0172779396970061	-38.7787237542479	0	0	DDX19B
DDX20	959.379053553312	-0.550976764400441	0.0269030152365343	-20.4801119709516	3.23912989698929e-93	1.13196616726275e-92	DDX20
DDX21	5768.6510524579	-0.961331052102394	0.0417493781221559	-23.0262364457167	2.54561068830201e-117	1.07921662741697e-116	DDX21
DDX23	4985.14226402623	-0.538595500011389	0.0177202296165434	-30.3943860585511	6.51621128067042e-203	4.97870625056657e-202	DDX23
DDX24	9586.05981982263	0.20341360267234	0.0225634006885323	9.01520145302053	1.96508958577161e-19	3.20325795829709e-19	DDX24
DDX25	32.4387136814177	-2.09262745836155	0.0848912320900302	-24.6506901459769	3.61794043695718e-134	1.71973978890061e-133	DDX25
DDX27	2110.41569278069	-0.569713915963262	0.0178752531120129	-31.8716558805196	6.59796313326521e-223	5.65840563896651e-222	DDX27
DDX28	761.403246699412	-0.3292397229576	0.0364618848791664	-9.02969564104242	1.72149922335683e-19	2.80847448972687e-19	DDX28
DDX31	881.82765108177	-1.13221987908417	0.0288781213020466	-39.2068399201554	0	0	DDX31
DDX39A	2087.4050260766	-0.0512436745903095	0.0278296584467697	-1.84133321967728	0.0655727424469559	0.0726071807090886	DDX39A
DDX39B	11376.2120175235	-0.133952710143473	0.0145947792047	-9.17812515453035	4.38662004120451e-20	7.20996597532162e-20	DDX39B
DDX3X	17453.4485438591	-0.568363161393955	0.0256534751788718	-22.1554061362438	9.25223142264321e-109	3.66526007568223e-108	DDX3X
DDX3Y	3191.37920727935	-0.237538933592199	0.121938691119104	-1.94801938098698	0.0514126441651015	0.0572343232910323	DDX3Y
DDX4	3.3433353654482	-0.757425645003321	0.134732735861917	-5.62168978576653	1.890986033369e-08	2.54027161094592e-08	DDX4
DDX41	2680.46977639961	-0.4329652194686	0.0172884337757465	-25.0436346683986	2.04812545980205e-138	1.00431235090974e-137	DDX41
DDX42	7688.85781849834	-0.567490127184677	0.0145138610926591	-39.0998731186498	0	0	DDX42
DDX43	45.2683970456145	-0.431712395192862	0.0752655918411561	-5.73585332463694	9.70226006359561e-09	1.31099221892197e-08	DDX43
DDX46	4059.87271764848	-0.80242456682419	0.0234023344395327	-34.2882274799341	1.1754544599682e-257	1.21815519481218e-256	DDX46
DDX49	2063.73551070422	-0.379854280749985	0.0225989986689937	-16.8084562645314	2.11610612436579e-63	5.66592686965768e-63	DDX49
DDX5	35829.9597081964	0.318169200008356	0.0203041126081707	15.6701849594904	2.41874499691805e-55	5.96763002871735e-55	DDX5
DDX50	1740.1176191707	-0.344966385871584	0.014170136347783	-24.3446059660221	6.61239194154744e-131	3.07570199844433e-130	DDX50
DDX50P1	29.8302083727669	-0.357279051139057	0.0552415936600954	-6.46757320828604	9.95892971421272e-11	1.40307344279207e-10	DDX50P1
DDX51	1969.15123314769	-0.488029922541788	0.0197977635480505	-24.6507602415448	3.61168413524243e-134	1.71721939034599e-133	DDX51
DDX52	1129.70193525965	-0.359347008428299	0.0172733530432505	-20.8035468000067	4.01957810619393e-96	1.43422052506634e-95	DDX52
DDX53	0.469982354756071	-0.327184337585047	0.305492500467827	-1.07100611990148	0.284166677911606	0.302393258990708	DDX53
DDX54	3639.89876899981	-0.886929606480766	0.0323482659882885	-27.4181499188202	1.66653309953158e-165	9.88443569181812e-165	DDX54
DDX55	884.078293537316	-0.558152936088019	0.0289650823279689	-19.2698549849818	9.62052359287532e-83	3.07545809261852e-82	DDX55
DDX56	3673.82753503558	-0.230749990802725	0.0161438145082067	-14.2933995361148	2.40573069755597e-46	5.4315261867183e-46	DDX56
DDX58	953.837026540309	-0.456980641916658	0.0309529514568053	-14.7637178494714	2.51051217195565e-49	5.84854789793887e-49	DDX58
DDX59	1287.38272742094	-1.05575207411731	0.0321379241028831	-32.8506617520638	1.11449950054667e-236	1.02988221300517e-235	DDX59
DDX6	5758.39982832012	-0.134415180889826	0.0202194693653206	-6.64780951771013	2.97486943700965e-11	4.23458996802236e-11	DDX6
DDX60	838.034129492531	0.15292793307551	0.0460811609296278	3.31866493791361	0.000904488881973718	0.0010822722922367	DDX60
DDX60L	807.396999928975	0.645828425477941	0.0414916197825454	15.5652738760907	1.25332510632117e-54	3.07330135388739e-54	DDX60L
DDX6P2	0.162037270957571	0.456584337753352	0.310765519035999	1.4692245753959	0.141771886695559	0.154099132444102	DDX6P2
DEAF1	1590.29926006374	-0.381546755417024	0.0213587643277925	-17.8637092278108	2.26101947912524e-71	6.543506695134e-71	DEAF1
DECR1	5439.50192325631	1.86796178817738	0.0404069492186385	46.2287261052547	0	0	DECR1
DECR2	850.163670501029	-0.43858547780455	0.034760223152574	-12.617452882263	1.69205993484717e-36	3.41734218413373e-36	DECR2
DEDD	2037.74596418698	-0.555600969632501	0.0244930278361505	-22.6840459803202	6.43880098260097e-114	2.66203161432705e-113	DEDD
DEDD2	1427.8049879943	-0.512296421003799	0.0360317631882283	-14.2179115223306	7.09385730968594e-46	1.59222600288849e-45	DEDD2
DEF6	849.430574622016	-2.20186882539688	0.0861653956608176	-25.5539803248202	4.95892095122303e-144	2.52876872642962e-143	DEF6
DEF8	2993.42638711937	0.189005287324492	0.0207150550285633	9.12405432010095	7.23652702570858e-20	1.18541016461716e-19	DEF8
DEFA3	35.5555294622755	2.29275920728412	0.152539057825354	15.0306370051738	4.62536373796769e-51	1.09655172721133e-50	DEFA3
DEFA4	8.77526988460701	2.55078241688031	0.175259405638608	14.5543253874781	5.48241007315907e-48	1.2602332234317e-47	DEFA4
DEFB1	672.208707940769	-6.02037510848765	0.128563943258388	-46.8278660089627	0	0	DEFB1
DEFB124	29.1806156988752	-0.162587307943962	0.0710283470525112	-2.28904817148231	0.0220765536714357	0.0250456950046962	DEFB124
DEFB132	19.3358736285319	-4.70619194318723	0.297574322187659	-15.8151815942619	2.4450368636104e-56	6.10360679265717e-56	DEFB132
DEFB134	0.150000979603451	0.349169800433914	0.398671946740285	0.87583238120685	0.381121163715157	0.40160171328435	DEFB134
DEFB4A	1.56405428040196	-2.67760655065294	0.403018550424662	-6.64387916593799	3.05533086210997e-11	4.34740422487088e-11	DEFB4A
DEGS1	10255.6600629558	-2.03815249607592	0.0822786872665356	-24.7713297791624	1.8266737151224e-135	8.76618329669908e-135	DEGS1
DEGS2	1356.8501022838	-6.67310780111484	0.127113025443932	-52.4974350803903	0	0	DEGS2
DEK	4998.11973095622	-0.701762706374216	0.0258073015572662	-27.1924092806452	7.98633409178185e-163	4.66456846158874e-162	DEK
DENND1A	1420.40415124839	-0.122385924320548	0.0224365809902343	-5.45474929419136	4.90419880593476e-08	6.53203719612516e-08	DENND1A
DENND1B	707.730099802837	0.483469344964808	0.0353563993068948	13.674168027357	1.44854561537076e-42	3.1344235632034e-42	DENND1B
DENND1C	287.784833992774	-1.57290580502516	0.0764497526888106	-20.5743740130552	4.65703733627196e-94	1.63829058218158e-93	DENND1C
DENND2A	963.794706289823	1.59721495791008	0.0505739822936203	31.5817518311497	6.57477312506458e-219	5.53307578421167e-218	DENND2A
DENND2C	2701.64554043665	-3.23347366921624	0.0703890782122825	-45.9371503554086	0	0	DENND2C
DENND2D	710.147964757576	-2.7088523724752	0.0815302614116172	-33.2251157493433	4.67127921007921e-242	4.43033177347924e-241	DENND2D
DENND3	3386.2066620346	0.540449598892981	0.0453146668480116	11.9265932309662	8.60223729360661e-33	1.67097090236552e-32	DENND3
DENND4A	1586.65617443734	-0.607965644727301	0.0343181121205079	-17.7155911896445	3.17870259337166e-70	9.08828230357104e-70	DENND4A
DENND4B	5938.00575141563	-0.0771294508299293	0.0408359096818426	-1.88876533988967	0.0589232789865804	0.0653932148605076	DENND4B
DENND4C	3050.87852987425	-0.764480903404168	0.0271516899600149	-28.1559234261287	2.02787331227254e-174	1.28761014088952e-173	DENND4C
DENND5A	4265.10505120333	1.18330593516846	0.0276931061875711	42.7292600242707	0	0	DENND5A
DENND5B	1364.12616149527	1.00383539489011	0.0581384688005005	17.2662853976207	8.44033292938928e-67	2.33242912284213e-66	DENND5B
DENND6A	1369.04297330719	-0.19021165379551	0.0220660171842858	-8.62011717868908	6.68856310501762e-18	1.06370549035623e-17	DENND6A
DENND6B	297.932144654401	-0.249052993523279	0.0531036631006904	-4.68993999624936	2.73285177445161e-06	3.50659810335045e-06	DENND6B
DENR	2540.2739856757	-0.557310052379292	0.0248268078089764	-22.4479142331698	1.34118670353293e-111	5.44736052578887e-111	DENR
DEPDC1	38.4147520018474	-1.28003778183046	0.101337298355079	-12.6314575443417	1.41630253760236e-36	2.86298281632566e-36	DEPDC1
DEPDC1B	32.2659284213556	-1.99112820816285	0.101936028275392	-19.5331154435759	5.74268487214721e-85	1.86764354803111e-84	DEPDC1B
DEPDC4	20.8723584217049	0.121880618780237	0.0555024868956369	2.19594878711315	0.0280956091900135	0.0317143701655128	DEPDC4
DEPDC5	844.18967123751	-0.364347335843452	0.0179636819986381	-20.2824418663766	1.83777617507816e-91	6.31332231442403e-91	DEPDC5
DEPDC7	162.244698013588	-2.37392239761128	0.0602832252031259	-39.3794855801475	0	0	DEPDC7
DEPTOR	3835.50147468581	-3.3976526724921	0.0822446242278888	-41.3115471605495	0	0	DEPTOR
DERA	1081.73477908519	-0.233420348502522	0.0157629980377757	-14.8081188580456	1.2982290067185e-49	3.03420155153722e-49	DERA
DERL1	3142.66528001489	-0.0533768468896941	0.0324357965032606	-1.64561542012167	0.0998429623699361	0.109509698124617	DERL1
DERL2	1304.88784453028	-0.0545698531001838	0.0165836678563487	-3.29057802971452	0.000999817681975876	0.0011953057111807	DERL2
DERL3	25.3230034810264	0.179666245384372	0.084259409534066	2.13229888955884	0.0329822832896144	0.0370839526231324	DERL3
DES	530000.318358507	0.972928477962348	0.134905789911388	7.21191046434263	5.5172249419866e-13	8.10937912800693e-13	DES
DESI1	2528.37272186403	0.874431351338146	0.0207815763396276	42.077238850776	0	0	DESI1
DESI2	2003.19613393503	0.0586611786291756	0.0188786313287074	3.10727920937646	0.00188817971158231	0.00223333484382634	DESI2
DET1	492.005574020356	-0.0326774568984498	0.0345012156242816	-0.947139290809559	0.34356780575193	0.363306354422869	DET1
DFFA	1653.00586876878	0.0889756481845682	0.0170228817173454	5.22682643643743	1.72444234232591e-07	2.27012480650935e-07	DFFA
DFFB	284.368804202451	0.504065546290872	0.0287161285490457	17.5533949651309	5.60285189999317e-69	1.58405743759663e-68	DFFB
DGAT1	3051.08862297913	0.326042885210731	0.0312307709014094	10.4397962586321	1.63160508949765e-25	2.89678698254731e-25	DGAT1
DGAT2	5070.9306343436	-3.55385440668027	0.106750981019412	-33.291070234137	5.19926941003154e-243	4.95458171783895e-242	DGAT2
DGAT2L6	23.7197201542515	-5.176902494974	0.204725011686138	-25.2871031845912	4.42849903579924e-141	2.2125287577969e-140	DGAT2L6
DGCR11	82.9305011574026	-0.106705286031803	0.0498816632692721	-2.13916856492505	0.0324220190641472	0.0364676809031314	DGCR11
DGCR2	6654.13837120764	-0.27340421052863	0.0343982281662265	-7.9482062043262	1.89231488791696e-15	2.89483813184271e-15	DGCR2
DGCR6	1770.26298903794	-0.404122395179818	0.0750845292292676	-5.38223252283898	7.35676467861474e-08	9.75752438695432e-08	DGCR6
DGCR6L	2056.60296292079	0.143101806524474	0.0301870194100163	4.74050798393802	2.13183051175862e-06	2.74166471687982e-06	DGCR6L
DGCR8	1938.65375047042	-0.211830689206018	0.0212326291442507	-9.97665846122386	1.92852288787604e-23	3.32745523863285e-23	DGCR8
DGKA	2721.59868156292	-2.16504667266635	0.0871886581219524	-24.8317466893235	4.07235435426312e-136	1.96216409879792e-135	DGKA
DGKB	28.7864761900376	0.57392384987319	0.0789743361399521	7.267219680785	3.66961778603892e-13	5.40872756623979e-13	DGKB
DGKD	6971.06319820103	-0.291558465403197	0.0742605631993076	-3.92615478313415	8.6314623770183e-05	0.000106567183984024	DGKD
DGKE	622.831067109902	0.713981736549623	0.0411609428042681	17.3460977301906	2.11106539192641e-67	5.87527645641114e-67	DGKE
DGKG	578.300981526051	2.76069997658568	0.0502402152905904	54.950002913358	0	0	DGKG
DGKH	1682.52829663573	0.148692834679744	0.0380667215024911	3.90611087088267	9.37934900605931e-05	0.000115594729192163	DGKH
DGKI	64.7930679623011	0.696334580977533	0.0751731742254099	9.26307274041062	1.98631964321938e-20	3.28335536249698e-20	DGKI
DGKQ	1333.6299294082	-0.341898395904775	0.0423904440879349	-8.06545916800352	7.29611193668742e-16	1.12542682924002e-15	DGKQ
DGKZ	7405.24958260962	-0.264097001148557	0.0488443157232191	-5.40691372656519	6.41200092243102e-08	8.5157465401122e-08	DGKZ
DGKZP1	58.91340109656	-0.261147845688057	0.0584051800011172	-4.47131308700806	7.77407883077931e-06	9.86279841306477e-06	DGKZP1
DGUOK	928.436697565654	-0.102520757538396	0.0233779820294422	-4.38535530608592	1.15796610128905e-05	1.46328871809787e-05	DGUOK
DGUOK-AS1	63.7596649000611	-1.00020225447322	0.057721638375562	-17.3280295331444	2.89063897667844e-67	8.0250450677342e-67	DGUOK-AS1
DHCR24	19950.5358026269	-3.44474654979553	0.060689270454103	-56.7603881875737	0	0	DHCR24
DHCR7	2690.40204932069	-0.771887441461106	0.0670985184716278	-11.503792617828	1.26243653574619e-30	2.38859786419668e-30	DHCR7
DHDDS	1921.36908128049	-0.26027664174402	0.0340487407836923	-7.64423693074369	2.1018806365366e-14	3.16116244784822e-14	DHDDS
DHDH	9.4420928289674	-0.516123348703081	0.0658331780589298	-7.83986682582876	4.51024511245005e-15	6.85659338478281e-15	DHDH
DHFR	383.650984148222	-0.360798415917589	0.048114820381711	-7.4986960993568	6.44557698870809e-14	9.62485028285924e-14	DHFR
DHFRP1	2.07083120607197	-0.0221990516860683	0.0981913164179268	-0.226079581126946	0.821139525376323	0.83195433085491	DHFRP1
DHH	45.6179454413176	0.795413281579369	0.06851830771698	11.6087700949195	3.71926690234337e-31	7.08471148244265e-31	DHH
DHODH	601.42911155767	0.0721440675764351	0.0256390395899296	2.813836583987	0.00489541073885738	0.00570333885898464	DHODH
DHPS	2925.97708951181	-0.470641848469725	0.0276127763610922	-17.0443508582818	3.84994818088508e-65	1.04623969209107e-64	DHPS
DHRS1	1355.02473136682	-1.195944601114	0.0676325385359099	-17.6829766707485	5.67209124724865e-70	1.61888876711151e-69	DHRS1
DHRS11	709.919417511389	0.112912298046511	0.0262930686312999	4.29437505488034	1.75186106660215e-05	2.20279764318981e-05	DHRS11
DHRS12	723.141974973727	-0.121811665236396	0.0306152963927645	-3.97878445054625	6.92685037668298e-05	8.57920968973926e-05	DHRS12
DHRS13	77.9472436718391	-1.08785649896058	0.0584623181849137	-18.6078235132541	2.77670016112924e-77	8.44456489280071e-77	DHRS13
DHRS2	244.524282145166	-6.10564919695416	0.173775098910046	-35.1353515851815	1.94585611472662e-270	2.16485512491927e-269	DHRS2
DHRS3	4880.40336963209	-0.397679865524193	0.0327585042053434	-12.1397443250576	6.50289127793984e-34	1.27862966569301e-33	DHRS3
DHRS4	727.739403293266	0.0209778367361907	0.0343222361279051	0.611202506095895	0.541065524497948	0.561237784170079	DHRS4
DHRS4-AS1	604.051584206084	-0.247635324033526	0.0263649916139116	-9.39258117961471	5.85475530834027e-21	9.75034233559378e-21	DHRS4-AS1
DHRS4L2	932.962195872404	0.283043688605965	0.0302190469485923	9.36640024046658	7.50484831313685e-21	1.2479886788432e-20	DHRS4L2
DHRS7	8339.54948925334	-2.55186245640331	0.079236031488578	-32.2058337408174	1.46236044222717e-227	1.27786166604521e-226	DHRS7
DHRS7B	1298.75195567704	-0.243062897284903	0.0279092222771978	-8.70905304600653	3.06423862599078e-18	4.89957003965714e-18	DHRS7B
DHRS9	136.584174282743	1.4707562438106	0.102706873269061	14.3199398151053	1.64265408387665e-46	3.71475077435473e-46	DHRS9
DHRSX	813.003713864556	0.702764274349473	0.0247037085716256	28.4477236408407	5.19951316928216e-178	3.37527719294079e-177	DHRSX
DHTKD1	1917.64645115234	0.0364773465262494	0.0454776276836918	0.802094312833519	0.422498404515441	0.44307566441494	DHTKD1
DHX15	6419.39927877732	-0.511093932549639	0.0189301789383759	-26.9988960069221	1.52267334968699e-160	8.72085363274435e-160	DHX15
DHX16	3301.83712054449	-0.501740193699011	0.0224940126837691	-22.3054997235353	3.26766851736924e-110	1.310927144666e-109	DHX16
DHX29	2622.82112069205	-0.604248974708749	0.0277469804910203	-21.7771074191046	3.8247102624996e-105	1.47301261093828e-104	DHX29
DHX30	4926.4146850775	-0.134322291439947	0.0170597799954687	-7.87362389641745	3.44513580151157e-15	5.24535985477542e-15	DHX30
DHX32	1846.8487011201	0.114031188104681	0.0272547586685628	4.18390012149369	2.86550046664726e-05	3.58406572402149e-05	DHX32
DHX33	1359.93258222862	-0.554919082596907	0.0214915214265739	-25.8203722101665	5.23699897913688e-147	2.73408406680519e-146	DHX33
DHX34	1316.34204903598	-0.323010245458081	0.02665309822949	-12.1190505762925	8.37233848449277e-34	1.64459259121949e-33	DHX34
DHX35	1141.67265474197	0.453606770638301	0.0194566493445749	23.3137146383727	3.2184550547398e-120	1.39267811154738e-119	DHX35
DHX36	4174.70527762431	-1.18777305584058	0.0469378566524872	-25.3052256866877	2.79803315108575e-141	1.40065057710497e-140	DHX36
DHX37	1836.09712483769	-0.880085599544208	0.0369195107002474	-23.8379540479205	1.35024700017545e-125	6.06886298380981e-125	DHX37
DHX38	4333.65421085442	-0.43271985504301	0.0173948559212282	-24.8763115373051	1.34288188309797e-136	6.49294031094453e-136	DHX38
DHX40	1855.33302587113	-0.67556762104679	0.015971685417563	-42.2978291510747	0	0	DHX40
DHX57	1032.35831361437	-0.569977336493276	0.0203659107016788	-27.9868327443021	2.35004461239439e-172	1.47141401974648e-171	DHX57
DHX58	588.854944222296	-0.0349357275280726	0.0437762440470509	-0.798052192200946	0.424840203102244	0.44542771833208	DHX58
DHX8	2665.28455103154	-0.621927836716492	0.0203488880130345	-30.563234527514	3.77211115399925e-205	2.92176303283737e-204	DHX8
DHX9	5731.85888562218	-0.399317382853238	0.0142526079666184	-28.0171449175123	1.00456380168544e-172	6.31836233198451e-172	DHX9
DHX9P1	1.76763677749976	-0.204822236496984	0.107241041327726	-1.90992398023303	0.0561430019802456	0.0623884300664486	DHX9P1
DIABLO	12.5742963425019	-0.318785710288517	0.0247475219523597	-12.8815204569652	5.7197521708002e-38	1.1745523480102e-37	DIABLO
DIAPH1	13306.2696283785	-1.06638694805068	0.0504452658452692	-21.1394851465667	3.44818750399814e-99	1.26649302712651e-98	DIAPH1
DIAPH2	1793.59892218913	-0.826776737555265	0.0274954829898788	-30.0695477093312	1.21238736758037e-198	9.04441981094664e-198	DIAPH2
DIAPH3	44.377735473529	-1.61262347780595	0.112299663020026	-14.3600028213653	9.22233946093123e-47	2.09240399087753e-46	DIAPH3
DICER1	5295.13155171152	-0.7137002066676	0.0228031637068893	-31.2982977205035	4.92193418599705e-215	4.04749827693618e-214	DICER1
DIDO1	5383.55493967976	-0.394424493294988	0.0175368665176697	-22.4911612857163	5.06564506457046e-112	2.06538339314457e-111	DIDO1
DIMT1	579.890861772076	0.0298119156596069	0.0253646484316498	1.17533328876768	0.239861401482794	0.256535267547488	DIMT1
DIO1	11.1192707009984	-0.904493690392422	0.0948357711621483	-9.5374738804616	1.46353746314045e-21	2.45642311179405e-21	DIO1
DIO2	1159.98195591469	0.964693390163718	0.0762427692651051	12.6529164596496	1.07797599962758e-36	2.18176815485677e-36	DIO2
DIO3	159.933651334222	-3.34328673203171	0.0615607185598338	-54.3087671853962	0	0	DIO3
DIO3OS	1166.03943936109	-1.51731994076377	0.0557959392588419	-27.1940926332435	7.6285232075068e-163	4.45702844071178e-162	DIO3OS
DIP2A	3005.48673590968	0.0841688294516677	0.0197975656759044	4.25147368265128	2.12368468669559e-05	2.66530349614497e-05	DIP2A
DIP2B	2792.33894600946	-0.94641187238441	0.0416027000964972	-22.7488088558967	1.47450330758082e-114	6.13274816075841e-114	DIP2B
DIP2C	3459.28696400604	-0.166415083772505	0.0478561180113902	-3.47740457621105	0.000506293230326687	0.000611171166785856	DIP2C
DIRAS1	2465.73827060329	5.57205840566446	0.0577579871102203	96.4725172127489	0	0	DIRAS1
DIRAS3	206.69375917721	2.66903329934992	0.0532558482916683	50.117186843637	0	0	DIRAS3
DIRC3	48.8558339424041	0.0808411718924867	0.0529084469750857	1.52794452520132	0.126526312027111	0.137977836239173	DIRC3
DIS3	2061.24895234326	-0.211339034956751	0.0161782581652608	-13.0631513478104	5.34677563898648e-39	1.10858452289099e-38	DIS3
DIS3L	2152.28560111029	-0.209083579475093	0.0411841917153816	-5.07679210800206	3.83860472205654e-07	5.01842716259277e-07	DIS3L
DIS3L2	1477.75687255447	-0.417637996481127	0.0212930907111732	-19.6137799883592	1.17932673291809e-85	3.86053110006521e-85	DIS3L2
DISC1	434.722583238434	0.982312239484553	0.0355896484076327	27.6010661368007	1.08039905167384e-167	6.51751452050295e-167	DISC1
DISP1	660.328579139297	0.402519836566033	0.0259310311289933	15.5227084709323	2.4355011819323e-54	5.95752911753817e-54	DISP1
DISP2	53.8747308824492	0.862315519832642	0.0638283337919396	13.5099174395422	1.36674634637606e-41	2.92333661847854e-41	DISP2
DIXDC1	1472.71870323069	0.0105428239094251	0.0444297671292939	0.237291901142419	0.812430344658686	0.823454878051858	DIXDC1
DKC1	2427.62489595096	-0.664701240552317	0.0223980822241446	-29.6767032954181	1.53461229000998e-193	1.10542440306001e-192	DKC1
DKK1	363.561515991773	-3.72596618099367	0.1223745900827	-30.4472209343106	1.30379686637527e-203	1.00169216353484e-202	DKK1
DKK2	205.207878923252	-1.46102363766821	0.0743098836776024	-19.661228969311	4.63365213504201e-86	1.52208708180459e-85	DKK2
DKK3	7408.76335457993	3.53234641969138	0.0573809328161156	61.5595851501967	0	0	DKK3
DKK4	7.8370896444079	-3.45249065298561	0.145602063081645	-23.711825093094	2.72288221353585e-124	1.21263242765608e-123	DKK4
DKKL1	7.19353266446194	-0.115133618701139	0.0844918976913964	-1.36265869091567	0.172990102495232	0.187015484656578	DKKL1
DLAT	3670.31015766278	0.818454817477733	0.063853493892355	12.8176982587279	1.30517763493528e-37	2.66922320000794e-37	DLAT
DLC1	3612.7329762245	0.771533374175539	0.0555475700724569	13.8895972077472	7.32460572513086e-44	1.60655815350409e-43	DLC1
DLD	8341.93037833801	0.993714184123058	0.0578601422546257	17.1744165396278	4.12782305574489e-66	1.13356129407267e-65	DLD
DLEC1	84.9526949940653	-0.345092911812497	0.0615765931848939	-5.60428718062234	2.09113748924717e-08	2.80642406202477e-08	DLEC1
DLEU1	140.666075352023	-0.086782750179179	0.0427665813706392	-2.02921878246641	0.0424360113227762	0.0474436767791625	DLEU1
DLEU2	173.059618004229	0.0960002912600595	0.0423811734108039	2.26516359822135	0.0235026420523717	0.0266149383231469	DLEU2
DLEU2L	118.948013080071	-2.33459441042062	0.0819532166105391	-28.4869161574849	1.70145831046228e-178	1.11011058523492e-177	DLEU2L
DLEU7	18.7875961401337	-2.60264226857653	0.106137465346239	-24.5214285086443	8.72850748458959e-133	4.11098543249862e-132	DLEU7
DLG1	3415.69217973384	-0.211650280411909	0.0285073776000797	-7.42440372387382	1.13289112381833e-13	1.6848292399086e-13	DLG1
DLG2	822.297534995269	-1.44604080031809	0.0831891269112441	-17.3825697420878	1.1182823212254e-67	3.12192929038126e-67	DLG2
DLG3	1127.44267371746	-0.0367498974602043	0.0657111774709967	-0.559264022873807	0.575981544915495	0.595157786006763	DLG3
DLG4	894.06281422173	0.925951878825048	0.0369733832061827	25.0437422418571	2.04260641537949e-138	1.00187896684594e-137	DLG4
DLG5	4270.6977954813	-2.18251850424716	0.037658406860548	-57.9556780595949	0	0	DLG5
DLGAP1	39.9086158570224	-0.505502532051677	0.0678429399616708	-7.45107055114755	9.25858313407896e-14	1.37886783318073e-13	DLGAP1
DLGAP1-AS1	213.616510771276	1.44251977255254	0.0569799598181831	25.3162651773617	2.11501981031186e-141	1.05992404246725e-140	DLGAP1-AS1
DLGAP2	28.784389047944	-1.6842493301645	0.0790937258763408	-21.2943480851786	1.28075888470842e-100	4.76046679406078e-100	DLGAP2
DLGAP3	24.5729565763503	-0.234236166772394	0.0535650038242678	-4.37293288619672	1.22588418799286e-05	1.5473768507159e-05	DLGAP3
DLGAP4	7457.86659630277	-0.740772504175861	0.0343163848050549	-21.586554305882	2.40272753696899e-103	9.11325292730274e-103	DLGAP4
DLGAP5	46.3589204599788	-1.43464612849218	0.11750049765553	-12.2097025724781	2.75895894155959e-34	5.44681069390372e-34	DLGAP5
DLK1	833.951397059481	3.02050223767577	0.121575433572544	24.8446758437709	2.9522434329565e-136	1.42322801383637e-135	DLK1
DLK2	240.170200590649	-1.63009310731712	0.0977144005077169	-16.6822198043203	1.76535283022967e-62	4.69257476328474e-62	DLK2
DLL1	1924.66471710612	-0.00683511465016735	0.0616015134693228	-0.110956927276977	0.911650502807663	0.91689689915302	DLL1
DLL3	3.45160195330165	-0.4200718980553	0.0907931413707237	-4.62669196938649	3.71552477498297e-06	4.75360067338084e-06	DLL3
DLL4	1736.68946531745	1.12910237312712	0.0571096641535332	19.7707759249232	5.31521982393363e-87	1.75881014798951e-86	DLL4
DLST	10127.3495592675	0.439519340265684	0.0320894321414844	13.6967004691082	1.06243607422586e-42	2.30087966459814e-42	DLST
DLX1	25.0680125732969	-1.67014682143336	0.0911841895776948	-18.3161886854331	6.14698955683383e-75	1.83198607636698e-74	DLX1
DLX3	1543.7645007406	-8.33634196002794	0.163977932000973	-50.8381942515198	0	0	DLX3
DLX4	79.3484180427075	-4.18214181274759	0.119992937987387	-34.8532328893154	3.80362491813898e-266	4.13960412040023e-265	DLX4
DLX5	452.841211154342	-5.38610450576642	0.123185055042424	-43.7236846946369	0	0	DLX5
DLX6	26.1843271297788	-3.64610670449597	0.118916704141366	-30.6610137812225	1.88476268167965e-206	1.47255264899806e-205	DLX6
DMAP1	2565.3765559314	-0.166410255329658	0.0181335394623006	-9.17693182159076	4.43548942258456e-20	7.2896233996115e-20	DMAP1
DMBT1	30.1540298320016	-2.27920140665893	0.11979166826428	-19.0263767061883	1.0314246007551e-80	3.23856170210928e-80	DMBT1
DMBX1	6.11819075411447	-3.51451610345351	0.169564493443563	-20.7267219220235	1.98884389707046e-95	7.05302974609246e-95	DMBX1
DMC1	39.7370180138504	-0.549052585278761	0.0454323080921637	-12.0850691575025	1.2666354265329e-33	2.48265508634785e-33	DMC1
DMD	8880.85096536209	-0.176940270729747	0.0737611261121629	-2.39882821827703	0.0164476287073213	0.0187566527944561	DMD
DMGDH	144.772392149999	-0.383047180522263	0.049815239543716	-7.68935739405839	1.47875854830131e-14	2.23090283506302e-14	DMGDH
DMKN	46145.1335240901	-7.22021352680231	0.151919911091193	-47.5264465002764	0	0	DMKN
DMP1	1.89270378254957	0.410929952583946	0.139061149693787	2.9550305997672	0.00312638040812431	0.00366846840014639	DMP1
DMPK	11270.3618000226	1.23091053204111	0.0670357505086753	18.3620012113061	2.64671369447617e-75	7.9128870975362e-75	DMPK
DMRT2	143.430464831717	-3.45266268705248	0.0817322740593671	-42.2435656757158	0	0	DMRT2
DMRT3	59.9548154439727	-6.17533283759438	0.0977397907745605	-63.1813592873138	0	0	DMRT3
DMRTA1	86.4141790916741	-0.137831671293479	0.0600644799132324	-2.29472845669499	0.0217486909244251	0.0246830707603919	DMRTA1
DMTF1	3493.36042414233	-0.0474836295873644	0.0230754625279632	-2.05775418498429	0.0396137360476075	0.0443655112669061	DMTF1
DMTN	3197.53146580167	0.891295729729877	0.0425030768025218	20.9701460878003	1.22886150516466e-97	4.45892682009051e-97	DMTN
DMWD	2264.20661297573	0.692829220045876	0.0231362271906126	29.9456438743387	5.01374188174491e-197	3.70190187093069e-196	DMWD
DMXL1	2070.36790385197	-0.507561061479824	0.017644878963358	-28.7653467350977	5.82251816935936e-182	3.88333269976428e-181	DMXL1
DMXL2	651.587483986452	0.137517622084615	0.0442119746591578	3.11041574471116	0.00186824186119738	0.00221047862123137	DMXL2
DNA2	217.421061857675	0.365896022274664	0.0331727405476739	11.0300209218114	2.73801346481339e-28	5.03596407276039e-28	DNA2
DNAAF1	44.4256243146097	-0.598391344602163	0.0660782517371886	-9.05579867612313	1.35571964133694e-19	2.21434618126362e-19	DNAAF1
DNAAF2	392.573809909227	0.133615708674715	0.0268329428866581	4.97953986035397	6.37356255118337e-07	8.29397090174596e-07	DNAAF2
DNAAF3	110.935018076219	4.56381490626797	0.0775423904599175	58.8557417329951	0	0	DNAAF3
DNAH1	1224.08194191522	-0.0503705615472085	0.0319148980346999	-1.57827737667977	0.114501900906278	0.125145641664475	DNAH1
DNAH10	31.7845881106945	0.105465902742602	0.0484093934078851	2.17862475272049	0.0293595558176271	0.033107897279528	DNAH10
DNAH10OS	183.414762372782	0.0485885936399923	0.0351998230772217	1.38036471187364	0.167474379550361	0.181161366882162	DNAH10OS
DNAH11	104.319393758456	-1.41492736038894	0.083830237322432	-16.8784844893946	6.47867257189084e-64	1.74271645198157e-63	DNAH11
DNAH12	19.2100295209463	-0.984819814830627	0.0564518980918739	-17.4452914449017	3.73806888380305e-68	1.04876835999593e-67	DNAH12
DNAH14	63.6337951123626	-0.703876069999638	0.0876847470164479	-8.02734904244641	9.96014100235423e-16	1.53254550118282e-15	DNAH14
DNAH17	258.094994647465	-0.535569573944109	0.0569218536193146	-9.40885687816709	5.01561849560318e-21	8.36137697160149e-21	DNAH17
DNAH2	52.0444719232712	-1.60106408325256	0.0740998641601147	-21.6068423525445	1.54885248256049e-103	5.88825629114497e-103	DNAH2
DNAH3	74.3116254047527	-0.0196261148852554	0.10624506154405	-0.184724961330257	0.853444766793246	0.862403685137826	DNAH3
DNAH5	99.6209977320755	-3.03179187235187	0.116657563281942	-25.9888153588854	6.6258868990496e-149	3.50595502850652e-148	DNAH5
DNAH6	47.9763704962213	-1.50085638324744	0.0862839461858768	-17.3943873639509	9.09944383094771e-68	2.54188529486173e-67	DNAH6
DNAH7	38.71119896346	-0.846402330988857	0.0833149312970027	-10.1590713430656	3.01938593785529e-24	5.27023817195124e-24	DNAH7
DNAH8	26.3750223618656	-2.45565599546397	0.135671631386769	-18.0999960740757	3.18690527377295e-73	9.35085278454555e-73	DNAH8
DNAH9	62.0231777534658	-3.33370368285144	0.100328492739697	-33.2278856366431	4.26019987935926e-242	4.04258608478366e-241	DNAH9
DNAI1	18.6297067448313	-0.81859469758654	0.103956000847243	-7.87443428868926	3.42288044383833e-15	5.21191599302434e-15	DNAI1
DNAI2	2.91839929648315	-0.923782391332966	0.115697113722607	-7.98448951412745	1.41105015576904e-15	2.16393881870834e-15	DNAI2
DNAJA1	4210.00578628209	0.68129598020963	0.0325426874790947	20.9354553353128	2.54620690300833e-97	9.19997399860558e-97	DNAJA1
DNAJA1P3	1.03194619560292	0.625275863053986	0.12475057521751	5.01220825606438	5.38089211762467e-07	7.0169109685136e-07	DNAJA1P3
DNAJA2	4768.85929036892	0.0549952397423685	0.0286264645674982	1.92113278999911	0.0547149686863303	0.060816557661169	DNAJA2
DNAJA3	4492.44825092212	-0.0866930490720942	0.0486046868404939	-1.78363558552687	0.0744828992708495	0.0822909635901652	DNAJA3
DNAJA4	5832.00709296524	1.13606801078636	0.0628966965961395	18.0624432167093	6.29726969955317e-73	1.84500572691498e-72	DNAJA4
DNAJB1	6383.48274742727	1.20084083102222	0.0573879039427529	20.9249815469845	3.17187087780664e-97	1.14422540423642e-96	DNAJB1
DNAJB11	1678.15250773053	0.53869746809711	0.0241993906170982	22.2607865057763	8.86779665937156e-110	3.54102057820203e-109	DNAJB11
DNAJB12	3381.75724878052	-0.239956451082636	0.0175128351690907	-13.7017478190023	9.91094949220414e-43	2.14715371054479e-42	DNAJB12
DNAJB14	1430.84693782582	-0.213874178459617	0.0278916622327057	-7.66803271440842	1.74654347138854e-14	2.63048268310451e-14	DNAJB14
DNAJB1P1	0.680026631875179	1.07740228553743	0.151291361872342	7.12137343602295	1.06856832395937e-12	1.56270195788388e-12	DNAJB1P1
DNAJB2	8073.35423248191	-0.147304151307793	0.0310331942651412	-4.74666417028348	2.06798883556251e-06	2.66127159200462e-06	DNAJB2
DNAJB3	2.36873171616103	-2.92690422169298	0.208776468971339	-14.0193204536608	1.1874622896557e-44	2.62792090928107e-44	DNAJB3
DNAJB4	2408.78701053895	0.86646422414571	0.0515393849106782	16.8116912075563	2.00372296581033e-63	5.36821210113883e-63	DNAJB4
DNAJB5	5253.54854572027	-0.0772676649494432	0.0964262443021726	-0.801313641411857	0.42295009553057	0.443523515649877	DNAJB5
DNAJB6	12582.9626187426	-0.478740028737903	0.0494833929585291	-9.67476157382991	3.85990301230436e-22	6.53457294502876e-22	DNAJB6
DNAJB7	13.8716744502546	-1.66988511455183	0.067019535374506	-24.9163934846831	4.94266157197586e-137	2.39689792449185e-136	DNAJB7
DNAJB9	2110.50147756335	0.5707542129429	0.04779045667275	11.9428491100472	7.07572106607544e-33	1.37518953692965e-32	DNAJB9
DNAJC1	1028.6215933337	-0.0491648836686344	0.0232645365711056	-2.1132973579064	0.0345753247330061	0.0388362923074281	DNAJC1
DNAJC10	3172.27918509949	0.460471002803791	0.0241549223671431	19.0632367103009	5.10188196825902e-81	1.60585727068772e-80	DNAJC10
DNAJC11	2022.11458110186	0.369568250767028	0.0311917496301142	11.8482693388327	2.19680892416827e-32	4.24710100353916e-32	DNAJC11
DNAJC12	232.808724647033	0.152803304010819	0.0939539225246781	1.62636428479804	0.103872183835538	0.113776510966503	DNAJC12
DNAJC13	3017.64933086101	-0.0827512179566197	0.0195779242528893	-4.22676157531906	2.37078639705646e-05	2.97190292015413e-05	DNAJC13
DNAJC14	987.699810895737	-0.0235653800911416	0.0195484969476014	-1.20548296650669	0.228016909810644	0.244215647855144	DNAJC14
DNAJC15	1780.01885201157	0.927319921768674	0.0360023636496818	25.7571955772651	2.67742234742396e-146	1.38894177740572e-145	DNAJC15
DNAJC16	1304.36758169208	-0.322003507143787	0.0282351434947074	-11.4043517152355	3.97729156037827e-30	7.47887029963118e-30	DNAJC16
DNAJC17	584.156412112356	-0.309481134255907	0.0235951420035426	-13.1163073402754	2.65562841232767e-39	5.52072607117569e-39	DNAJC17
DNAJC18	853.205486130879	0.565897165369017	0.0376502842093564	15.030355739742	4.64504529630161e-51	1.10107269395214e-50	DNAJC18
DNAJC19	1870.48962033559	0.598788348048596	0.0469870674350329	12.7436841823873	3.38046231013818e-37	6.8758985361353e-37	DNAJC19
DNAJC19P9	4.34943237637741	1.21401146216811	0.0917578438980808	13.2306014460907	5.84180194514324e-40	1.22447923631257e-39	DNAJC19P9
DNAJC2	1240.92460709931	-0.709466536770717	0.0318579457905407	-22.2696887437536	7.2704463664673e-110	2.90834011206173e-109	DNAJC2
DNAJC21	3539.93177251654	-0.357807201208421	0.0478625074548458	-7.47573038345268	7.67762241709488e-14	1.14502801267709e-13	DNAJC21
DNAJC22	24.0500837532867	-1.35129199450602	0.100041833213371	-13.507269420223	1.4167959301466e-41	3.02858847388302e-41	DNAJC22
DNAJC24	830.955223399563	-0.133303676574275	0.0287942603842491	-4.6295225088398	3.66509887021105e-06	4.68975296862873e-06	DNAJC24
DNAJC25	554.138887584039	-0.031770150685242	0.0232159849300837	-1.36846017004747	0.171168081196105	0.185101323417703	DNAJC25
DNAJC27	707.213984714756	0.308706142664165	0.0243577483342593	12.6738374347176	8.25738550671685e-37	1.67369886844286e-36	DNAJC27
DNAJC28	100.862007365887	1.05579970386131	0.0593333076025561	17.7943847481685	7.81206566490537e-71	2.24856082561499e-70	DNAJC28
DNAJC3	2229.88683579611	0.177429107606321	0.0197195055416518	8.99764485633539	2.30611426822437e-19	3.75541550048009e-19	DNAJC3
DNAJC30	491.489539295362	0.796486493294668	0.0311318413729228	25.584303984904	2.28109557857453e-144	1.16653413380455e-143	DNAJC30
DNAJC4	1918.35849825883	0.71429079866557	0.0241509692082569	29.5760717719504	3.03566399997847e-192	2.16587347061484e-191	DNAJC4
DNAJC5	4121.58631408976	0.511959546644993	0.0240498785843264	21.2874067056057	1.48522376667479e-100	5.51588880212767e-100	DNAJC5
DNAJC5B	6.89355533050056	-2.67505905875171	0.147595546188086	-18.1242532572276	2.05108711274438e-73	6.03393023639672e-73	DNAJC5B
DNAJC5G	20.6809968608353	4.80271769878028	0.097302074865844	49.3588415807377	0	0	DNAJC5G
DNAJC6	209.455590940684	1.38311998409329	0.0469364988257178	29.4678985160147	7.42602071997749e-191	5.24836273970611e-190	DNAJC6
DNAJC7	3834.41511721223	-0.192875066940584	0.0279535126185532	-6.89985081919793	5.20571775142227e-12	7.51709652200804e-12	DNAJC7
DNAJC8	3484.73477960185	0.0244653990072987	0.0141309475029799	1.73133464703194	0.0833920953336367	0.0919084741382964	DNAJC8
DNAJC8P1	0.95941818965762	0.210371514282384	0.117776430017654	1.78619367432729	0.0740679049557313	0.081852560446198	DNAJC8P1
DNAJC9	365.940101063044	-0.559705574289248	0.0175452967055237	-31.9006046853022	2.61899202568927e-223	2.25248329930399e-222	DNAJC9
DNAL1	447.160267506245	0.745960025415356	0.0320226860219391	23.2947362661674	5.01277229973526e-120	2.16598449754043e-119	DNAL1
DNAL4	616.476782228252	0.149591732295855	0.035239295138216	4.24502623304821	2.18567848977833e-05	2.74234324210634e-05	DNAL4
DNALI1	305.350677022569	0.197888263787365	0.0662715876847796	2.98601966092346	0.0028263447110715	0.00332182235205002	DNALI1
DNASE1	687.097899195463	0.45347743775853	0.038215963543306	11.8661783117061	1.77387335649526e-32	3.43386324231329e-32	DNASE1
DNASE1L1	1715.98653948174	-0.640966442028517	0.0699735656644265	-9.16012262548419	5.18383777343519e-20	8.51174530325703e-20	DNASE1L1
DNASE1L2	543.297317766835	-4.1098890249062	0.114459480461499	-35.9069341249427	2.38104913963402e-282	2.82167646889743e-281	DNASE1L2
DNASE1L3	186.465658955979	-0.415043835530027	0.0863455177674233	-4.80677916192444	1.53381256578429e-06	1.97908106921962e-06	DNASE1L3
DNASE2	1402.18428678679	-0.239877021090736	0.0302402107487329	-7.93238589121893	2.14975216533514e-15	3.2855908242654e-15	DNASE2
DNASE2B	24.0498626581169	-3.56271564413938	0.140500395767016	-25.3573352921171	7.45919890316749e-142	3.74645757410485e-141	DNASE2B
DND1P1	21.3585419139316	-0.117451692907554	0.0957346143936088	-1.22684667036581	0.219880225818545	0.235809588618388	DND1P1
DNER	451.852297906981	-2.05167960909496	0.0974992751338763	-21.0430242304653	2.64930823758705e-98	9.66758515807914e-98	DNER
DNHD1	1377.51914983505	0.0246439214512625	0.0278419710481024	0.885135661145736	0.376083467886698	0.396455756935374	DNHD1
DNLZ	449.942153944918	1.0276255533975	0.0322907776422909	31.8241190962101	3.00299985787229e-222	2.56802852453962e-221	DNLZ
DNM1	1719.53362946884	-0.512610418498035	0.0620720746306518	-8.25830973989878	1.47749740441628e-16	2.30471670510376e-16	DNM1
DNM1L	3621.05621531569	0.248086852279885	0.0280664116331523	8.83927933226929	9.63379835931636e-19	1.55211674810752e-18	DNM1L
DNM1P46	20.3758806890963	0.697663021269441	0.0633459990058609	11.0135293817829	3.28863071607145e-28	6.0419107491327e-28	DNM1P46
DNM1P47	10.6825872307865	0.118268634093788	0.0701505961932734	1.68592486039525	0.0918102728937997	0.100896014796171	DNM1P47
DNM2	10264.8202848691	-0.00443448860489259	0.0233149411971337	-0.190199433376129	0.849152855117044	0.858355825750331	DNM2
DNM3	299.697021111336	-0.0380545814075063	0.0478672865850328	-0.795001850374473	0.426612425793244	0.447181638426844	DNM3
DNMBP	2829.23147494702	-1.29151956631346	0.0356134584199191	-36.2649297095812	5.7807991033562e-288	7.05014665714871e-287	DNMBP
DNMT1	2277.22714342571	-0.0752686007778512	0.0265525715445007	-2.83470098749965	0.00458685950558189	0.00535044439865083	DNMT1
DNMT3A	1867.0937949176	-0.304746633787851	0.0403695740235857	-7.54891873790406	4.38886592554728e-14	6.57544532049742e-14	DNMT3A
DNMT3B	234.304228124237	-0.564274898773328	0.0666553723005531	-8.46555767821651	2.5492991450695e-17	4.02260991500667e-17	DNMT3B
DNPEP	4421.72157609969	-0.029902268127282	0.0244314022485879	-1.22392762490783	0.220979531365537	0.236903849926212	DNPEP
DNPH1	851.510945313594	-0.131490318830755	0.033665955430447	-3.90573554647545	9.39392027339395e-05	0.000115766385186119	DNPH1
DNTT	0.256566019835564	0.356061395968315	0.258501311182278	1.37740653747494	0.168386592803443	0.182126242687904	DNTT
DNTTIP1	1531.35157885002	-0.75982315382382	0.035252334886216	-21.553839093958	4.87338300243896e-103	1.84491624451953e-102	DNTTIP1
DNTTIP2	3350.99524458995	-0.47228581851284	0.0336048225734846	-14.0541083792387	7.26916627569067e-45	1.61167954340076e-44	DNTTIP2
DOC2A	56.9026594045341	0.907304692844822	0.085402678252744	10.6238435539423	2.3085563806337e-26	4.142376735226e-26	DOC2A
DOC2B	1430.51681347686	-0.2368194303854	0.0648916126848365	-3.64946131845386	0.000262790805950583	0.000319692998439985	DOC2B
DOCK1	3485.82918447417	-0.377356867617029	0.0536284268408967	-7.03650824471434	1.97116993502118e-12	2.86893838941755e-12	DOCK1
DOCK10	385.390062383011	-0.783671129513122	0.0533910269358013	-14.6779557256958	8.92405427726611e-49	2.06826189062788e-48	DOCK10
DOCK11	1243.44145453002	-1.53082548460557	0.0683544366611317	-22.3954078093667	4.36303801030948e-111	1.76770306602703e-110	DOCK11
DOCK2	341.475895732375	-0.181858554341904	0.0551805346050902	-3.29570120411861	0.000981763728819617	0.00117387770723892	DOCK2
DOCK3	487.581772055245	0.52562461493121	0.0632613139869724	8.30878433918482	9.66874587807917e-17	1.51213809340837e-16	DOCK3
DOCK4	1178.44131258286	0.492009080979727	0.039594702889536	12.4261339288836	1.88534004826381e-35	3.76670435169776e-35	DOCK4
DOCK5	1762.53937779715	0.873070507084547	0.0409792262316926	21.3051974712331	1.01598255428057e-100	3.77943830535329e-100	DOCK5
DOCK6	4954.08894396736	0.723780420217746	0.0438067197451226	16.5221323219101	2.54247991939542e-61	6.68231581676697e-61	DOCK6
DOCK7	1297.87261036721	-0.657966419812757	0.033268810826026	-19.7772749754564	4.67269023570265e-87	1.5476190788019e-86	DOCK7
DOCK8	677.244854288521	-0.714517507814699	0.0531303343373016	-13.4483909564456	3.14644610225003e-41	6.69889725447698e-41	DOCK8
DOCK9	6126.0042982789	0.0642469661507826	0.0405418641300093	1.58470676002356	0.113032975257575	0.123562676116573	DOCK9
DOHH	948.906024014429	-0.1518010324146	0.0338173487998143	-4.48885077636345	7.16084348937794e-06	9.09299828246983e-06	DOHH
DOK1	268.759824776265	0.469242668192142	0.0589412784847239	7.96118917430266	1.70393639104453e-15	2.60909824559311e-15	DOK1
DOK2	181.987200940578	0.26379900661648	0.0597216959095984	4.41713857248456	1.00016114345425e-05	1.26583004593404e-05	DOK2
DOK3	269.732365350814	0.335168102589483	0.036634817644109	9.14889507149981	5.75188252223276e-20	9.4367150275895e-20	DOK3
DOK4	1562.17810315392	-0.561713669249328	0.0783198106340711	-7.17205091153487	7.38824539284537e-13	1.08373374606103e-12	DOK4
DOK5	512.63402156726	-0.417380904447858	0.0975840815730313	-4.27714128902769	1.89308658916935e-05	2.37838160885242e-05	DOK5
DOK6	116.183659707133	1.91142983613441	0.0563150423553891	33.9417277549378	1.61558847794638e-252	1.62470436824094e-251	DOK6
DOK7	1584.95104922238	1.50951694100551	0.109895800548453	13.7358928500637	6.18883870747544e-43	1.34320334667549e-42	DOK7
DOLK	520.517202324183	0.313876698657051	0.025712973067968	12.2069391908656	2.85426131254581e-34	5.63434125311297e-34	DOLK
DOLPP1	499.322930794614	-0.33251454289611	0.0445312883701157	-7.46698681009318	8.20519892185691e-14	1.22300062757594e-13	DOLPP1
DONSON	667.350730887775	-0.102249591214355	0.0245661046079965	-4.16222241360449	3.15165149873369e-05	3.93704917617662e-05	DONSON
DOT1L	2607.8734088072	-0.409883327283866	0.0275499006913169	-14.87785135331	4.59005235686195e-50	1.07669445498921e-49	DOT1L
DPAGT1	1077.77493097465	0.293145396970535	0.0234846827826942	12.4824082012533	9.31267375596186e-36	1.86637096727978e-35	DPAGT1
DPCD	434.900210871583	1.06838844241187	0.0258058886618202	41.4009552785738	0	0	DPCD
DPEP1	46.6674382937162	-3.37910052360565	0.132697603744843	-25.4646687524452	4.85675936217636e-143	2.45856370299597e-142	DPEP1
DPEP2	88.8125604460903	0.579585643756502	0.0488485502773382	11.8649507603787	1.80008361591764e-32	3.48385175466438e-32	DPEP2
DPEP3	5.47485645874001	0.154766472829027	0.0913501036421378	1.69421233976178	0.0902249408305374	0.0992143652956936	DPEP3
DPF1	20.8981289412932	1.05362513813547	0.0716275779941725	14.7097691649045	5.57974223588724e-49	1.29584492308355e-48	DPF1
DPF2	2528.55095483932	0.226463016122693	0.0224842333473697	10.0720808498985	7.34082857602307e-24	1.2746431484228e-23	DPF2
DPF3	1991.1750870574	1.02097838859174	0.100069965442472	10.2026455598076	1.92943919695105e-24	3.37694068880077e-24	DPF3
DPH1	1344.91949071499	-0.788613651919501	0.0220127623733849	-35.8252925526964	4.46109726178597e-281	5.25895296721737e-280	DPH1
DPH2	1572.2231583739	-0.472861133484549	0.0431243657504965	-10.9650571145874	5.62650188422702e-28	1.02950457834896e-27	DPH2
DPH3	1746.52664300753	-0.252554231718959	0.057647623252352	-4.38099990026309	1.18135925371501e-05	1.49211675035953e-05	DPH3
DPH5	873.530607104223	0.415322976488449	0.0274318229804089	15.140188706564	8.79609437198622e-52	2.10221049907228e-51	DPH5
DPH6	443.185942199338	-0.0612124397164189	0.0258465204687774	-2.36830484746926	0.0178698050016762	0.0203423992812985	DPH6
DPH7	1576.06871113997	0.196594920719547	0.0213285941416703	9.21743455821378	3.04293193760437e-20	5.01426380527428e-20	DPH7
DPM1	1560.88984786381	0.142109714712444	0.023452837128958	6.0593826636427	1.36644963494062e-09	1.88298705340014e-09	DPM1
DPM2	978.280018518293	-0.0262341925395347	0.0319280555898474	-0.82166583761138	0.411267107345727	0.431951642413819	DPM2
DPM3	642.856311677194	0.271212402679833	0.0236940466813176	11.4464365807838	2.4501171309129e-30	4.61924575550515e-30	DPM3
DPP10	8.88171286161631	-0.674624556536479	0.11357129207761	-5.94009757391388	2.8485248230453e-09	3.894599372599e-09	DPP10
DPP3	1508.92570414229	-0.753585045608543	0.0374522307122161	-20.1212326015801	4.80970528767304e-90	1.63480938223947e-89	DPP3
DPP4	665.897648803173	-0.231065356576385	0.0675009653862787	-3.42314150996357	0.000619018426595155	0.000744700307233802	DPP4
DPP6	140.371512308319	-2.0546156519534	0.0705152133675526	-29.1371968378504	1.21376381174952e-186	8.34885837802945e-186	DPP6
DPP7	4974.65839961548	0.735305504117814	0.0191441224636187	38.4089427716095	0	0	DPP7
DPP8	3230.29276149235	-0.387126936551417	0.0323634327768084	-11.9618626126964	5.62850553489381e-33	1.09462757274874e-32	DPP8
DPP9	5114.94385674582	-0.325303532700293	0.0403092634843365	-8.07019291798028	7.01871786424707e-16	1.08310278846388e-15	DPP9
DPPA3P2	0.874803976701241	-1.89851528544681	0.291106946209235	-6.5217106983158	6.95099892399414e-11	9.82142320493081e-11	DPPA3P2
DPRX	8.99483270073363	0.83417265520694	0.106965775540358	7.79850051096213	6.26470997328956e-15	9.49890871202707e-15	DPRX
DPRXP4	11.0421906311759	-0.805527139819555	0.0775274690047259	-10.3902158829724	2.74730563723385e-25	4.86514990416592e-25	DPRXP4
DPT	5807.69197263927	0.248370751763074	0.0799400775287031	3.10696160726007	0.00189020945514418	0.00223558872549609	DPT
DPY19L1	882.358111087834	1.48424078448587	0.0318410661570972	46.6140416644009	0	0	DPY19L1
DPY19L1P1	107.996975524427	0.865497650194555	0.0383382244431755	22.5753190911954	7.57609784034733e-113	3.11079692573203e-112	DPY19L1P1
DPY19L1P2	4.59046597537907	0.926832745008028	0.0586937165787516	15.7910045407409	3.5881986478971e-56	8.94242888838373e-56	DPY19L1P2
DPY19L2	917.133945067592	3.19909006262383	0.0722165470047849	44.2985741538137	0	0	DPY19L2
DPY19L2P1	399.863965580918	8.96393403072078	0.0813669588156502	110.16675762738	0	0	DPY19L2P1
DPY19L2P2	47.1721345714603	1.64419773070604	0.0510120562019229	32.2315517766574	6.38045088534334e-228	5.59719767968155e-227	DPY19L2P2
DPY19L3	1026.08353234855	-0.338784369369239	0.0338623079317347	-10.0047631145584	1.45238866687993e-23	2.51075082997268e-23	DPY19L3
DPY19L4	1029.21416859916	0.473562259448195	0.0217656557902894	21.7573163892205	5.88957401905645e-105	2.26534662215887e-104	DPY19L4
DPY30	956.352923846153	-0.0767319929219926	0.016511505840789	-4.64718322252829	3.36498266752116e-06	4.3106357100803e-06	DPY30
DPYD	989.920819419649	-0.209741662425109	0.0399483817128668	-5.25031686972077	1.51837790349265e-07	2.00104843991297e-07	DPYD
DPYS	12.2830878820286	-2.09434793017109	0.127037721903392	-16.4860318556702	4.62333636851461e-61	1.21106923704353e-60	DPYS
DPYSL2	5335.68049403852	0.892445949049655	0.0403700523114759	22.1066334560077	2.72880483415657e-108	1.07816540429439e-107	DPYSL2
DPYSL3	7125.92873013152	-0.631614574183296	0.0459687236933615	-13.7400937732476	5.84001038884415e-43	1.26795352803743e-42	DPYSL3
DPYSL4	732.596993101989	4.37394556784285	0.0561279530439524	77.9281147918885	0	0	DPYSL4
DPYSL5	11.6286701922243	-0.567043158388271	0.103700131076202	-5.46810454821498	4.54873569505136e-08	6.06486862059251e-08	DPYSL5
DQX1	74.6757288423247	-3.76459079235521	0.130227554926685	-28.9077898642462	9.52961327241733e-184	6.42481530025409e-183	DQX1
DR1	3060.03238378612	-0.469560773358128	0.02035840982781	-23.0647077708741	1.04719754191446e-117	4.45114591546685e-117	DR1
DRAM1	694.713883652545	0.140089718507416	0.0430644662740984	3.2530234466571	0.0011418407502267	0.0013625638279636	DRAM1
DRAM2	1502.92138538808	-0.000170996091117884	0.0221676790163138	-0.00771375708715575	0.993845373349917	0.994121502871297	DRAM2
DRAP1	3744.76591445466	0.0832035105540929	0.0274808034580381	3.02769570333491	0.00246426092756209	0.0029030864500684	DRAP1
DRAXIN	10.8505472716512	0.368355308955266	0.0774363545947893	4.75687822448259	1.96609689088575e-06	2.53159586071777e-06	DRAXIN
DRC1	6.9274271806642	0.54168415582798	0.0806155998718542	6.71934658662884	1.82541256638351e-11	2.60870527210778e-11	DRC1
DRD1	13.0533993601717	-1.84366112093387	0.0983120240925099	-18.7531600325817	1.82422360296653e-78	5.60277240692724e-78	DRD1
DRD2	62.006724280559	-3.20164474975373	0.074077164616969	-43.2204008658874	0	0	DRD2
DRD4	61.0932216382459	-0.111423548620583	0.0594837816851959	-1.87317526666792	0.0610441865410065	0.0676760732847606	DRD4
DRG1	3392.62874465211	-0.393124479403686	0.0437195112617282	-8.99196875853057	2.42840752676538e-19	3.95241988149219e-19	DRG1
DRG2	1500.81124528643	-0.405033066632003	0.0189479018310608	-21.3761433980011	2.2279850697654e-101	8.32592053993085e-101	DRG2
DROSHA	2280.00105898174	-0.0979163743574173	0.0154727053017709	-6.32832930297007	2.47829808040413e-10	3.46580513870065e-10	DROSHA
DRP2	79.0487614496661	-1.2712252822771	0.0887967100279722	-14.316130427317	1.73519490878134e-46	3.92303988356855e-46	DRP2
DSC1	5837.81098331925	-5.53724524176722	0.175171326468337	-31.6104544813622	2.65233812382758e-219	2.23524056961705e-218	DSC1
DSC2	993.401478458914	0.830114394570923	0.0830208019275694	9.99887227414578	1.54142362289249e-23	2.66338708347934e-23	DSC2
DSC3	13239.6575632695	-8.6404791730109	0.154769032083112	-55.828217419948	0	0	DSC3
DSCAM	5.2325867920659	-1.00669024904557	0.121917519209162	-8.25714184126802	1.49202082311903e-16	2.32716981517769e-16	DSCAM
DSCAML1	88.2426172725289	2.02652892105373	0.0573604889248764	35.3297009672951	2.05552287293551e-273	2.32421276606231e-272	DSCAML1
DSCC1	130.093730158659	-0.290237499707703	0.030173045063054	-9.61909873866495	6.6410477069499e-22	1.1209142032143e-21	DSCC1
DSCR4	0.0690074394445129	0.528367729184956	0.614882459129475	0.85929875107024	0.390175713057383	0.410638038514146	DSCR4
DSCR8	0.447037757617283	-0.53307774404374	0.299754805890376	-1.77837930724851	0.0753415788955516	0.0832090166083088	DSCR8
DSCR9	4.65790701415957	0.2232330171573	0.0717065602098667	3.11314636351199	0.00185104195018463	0.00219041586545316	DSCR9
DSE	2291.55314880283	-0.930068964998869	0.0403031256550785	-23.0768445345547	7.9103657137294e-118	3.36391432111606e-117	DSE
DSEL	314.750165641336	0.0395811816567186	0.0485179020120909	0.815805713257237	0.414611265084697	0.435184687043127	DSEL
DSG1	22463.5784802574	-8.41472673356983	0.167661634138444	-50.1887433986327	0	0	DSG1
DSG2	1640.2540520968	0.572479462153039	0.0840727504777414	6.80933428369999	9.80514053679715e-12	1.40863794734945e-11	DSG2
DSG3	2129.48155139193	-7.68905789058535	0.153399575257395	-50.1243753620804	0	0	DSG3
DSG4	26.648174515719	-5.71257567255021	0.20871370089667	-27.3703913447369	6.17677040532225e-165	3.65870497091826e-164	DSG4
DSN1	460.249013730924	-0.220712847813044	0.0282642516873239	-7.80890469893568	5.76870972636448e-15	8.75348088883816e-15	DSN1
DSP	84474.0179678647	-1.83497792015373	0.142797033842709	-12.8502523531054	8.57301215632387e-38	1.75686238417561e-37	DSP
DSPP	1.2870480888118	0.092148025934812	0.141296857831604	0.65215905964896	0.514298567663779	0.534890716230396	DSPP
DST	34406.0528387687	-0.1617587415643	0.0366754025600284	-4.41055122161349	1.03107811939641e-05	1.30422579068616e-05	DST
DSTN	15764.1482783216	1.09941647400115	0.0403684430173121	27.2345523341008	2.5328070928843e-163	1.48463238290492e-162	DSTN
DSTNP1	29.2262580872986	0.386210518105897	0.0505881127256771	7.63441245970552	2.2685256757125e-14	3.41065152330248e-14	DSTNP1
DSTNP2	130.178507608425	-0.0674333807231491	0.0316012574697497	-2.13388283006458	0.0328523733130612	0.0369425019995261	DSTNP2
DSTYK	2021.93971124538	-1.02708307126847	0.0285069337729913	-36.0292369374911	2.91630757669725e-284	3.49976351254181e-283	DSTYK
DTD1	1231.84802076133	-0.608206655825038	0.0198570691068368	-30.6292259221494	4.99770975213075e-206	3.88948436005645e-205	DTD1
DTD2	75.7154061370459	-0.434112764562978	0.0439019246406231	-9.88823993746477	4.68186694927056e-23	8.03798635706432e-23	DTD2
DTHD1	10.7403598010651	0.303619210507583	0.0786608967216363	3.85984934270486	0.000113456952806476	0.000139446852892898	DTHD1
DTL	61.1904561938312	-1.04359928121244	0.0804098633014458	-12.9784983876931	1.62026030461962e-38	3.34169405859965e-38	DTL
DTNA	4801.33751790492	0.811374365897907	0.0853138300959243	9.51046700148877	1.89808500421682e-21	3.17984440771586e-21	DTNA
DTNB	488.806015347238	-1.06112509785496	0.0428966392073757	-24.7367886496924	4.30131457065205e-135	2.05706598263304e-134	DTNB
DTNBP1	951.520455265753	0.150783091245384	0.0252837410372346	5.96363849097055	2.46682185157082e-09	3.37836732730723e-09	DTNBP1
DTWD1	1209.10091948403	-0.276241612484792	0.0216323865282	-12.769816780256	2.41722781437274e-37	4.92613131286354e-37	DTWD1
DTWD2	622.279059806107	0.547730917045332	0.0531587112415256	10.3036906699398	6.7808742684577e-25	1.19318199126595e-24	DTWD2
DTX1	682.919180502569	-0.785845760877175	0.0769806424080735	-10.2083554552769	1.81921996337596e-24	3.1852717207208e-24	DTX1
DTX2	1247.61780422011	-1.20517262676336	0.0431256810755302	-27.9455905786769	7.45803826380704e-172	4.65184153800383e-171	DTX2
DTX2P1	233.337409911102	-1.49353620234604	0.0551876342402659	-27.062877815051	2.69448499851117e-161	1.55260641671573e-160	DTX2P1
DTX3	1926.66537879371	1.59444780637942	0.0390239561600193	40.8581795203264	0	0	DTX3
DTX3L	1489.11591647981	0.131758574286287	0.0330312863134153	3.98890231025531	6.63797491886776e-05	8.22651886502848e-05	DTX3L
DTX4	790.645175943713	-0.182482538349125	0.0746094951910483	-2.44583531736614	0.014451699407304	0.0165171454622781	DTX4
DTYMK	503.702722472154	0.110418900106106	0.0293454811408754	3.76272242993841	0.00016807370994504	0.000205620147663495	DTYMK
DUOX1	3414.5788855766	-4.09469897862138	0.121379526499813	-33.7346758279511	1.79376567475932e-249	1.77512786758343e-248	DUOX1
DUOX2	408.621215677561	-1.82654550873303	0.11459550216051	-15.9390680637243	3.39377272497199e-57	8.53707417862225e-57	DUOX2
DUOXA1	1084.33741243648	-4.78067311074414	0.133766214960528	-35.7390175998837	9.79939621002606e-280	1.14693713378855e-278	DUOXA1
DUOXA2	29.8222447985096	-2.39042654391771	0.137939871158424	-17.3294822145535	2.81854595721778e-67	7.82731344891658e-67	DUOXA2
DUS1L	5507.9251496206	-0.311014109557124	0.0227265941320792	-13.685029430702	1.24756627300921e-42	2.70018522068519e-42	DUS1L
DUS2	544.179464182258	-0.465792781315115	0.0267751279108121	-17.3964726841519	8.7742312142513e-68	2.45179969089937e-67	DUS2
DUS3L	1576.30766790726	-0.537623380836178	0.0261461896058095	-20.5622076846227	5.9847155340329e-94	2.10370756352521e-93	DUS3L
DUS4L	132.337161621491	0.504045723748989	0.0265099537734531	19.0134516286384	1.31976101201534e-80	4.13813237716219e-80	DUS4L
DUSP1	33991.9806147184	-0.75550428955677	0.0559076045872402	-13.5134441036166	1.30281017164275e-41	2.78724576892573e-41	DUSP1
DUSP10	641.028235537726	-1.65329614951121	0.0531280133875149	-31.1191035405765	1.32855768295339e-212	1.07533124329335e-211	DUSP10
DUSP11	935.740436587226	-0.689910945676694	0.0226850769910268	-30.4125459194867	3.74931962588662e-203	2.86831715195856e-202	DUSP11
DUSP12	489.975829066498	-0.145441669210467	0.0234043001379336	-6.2143139659509	5.15493657772933e-10	7.16003189318716e-10	DUSP12
DUSP13	4450.28031492958	-2.78766765222622	0.163038693729135	-17.0981966824239	1.53067679558059e-65	4.17733671880628e-65	DUSP13
DUSP14	1258.80541279142	-0.744754567409753	0.0539393263628504	-13.8072648961127	2.30415126248947e-43	5.02264796271167e-43	DUSP14
DUSP15	104.818204326069	1.1556465499996	0.068183341942622	16.9491039464171	1.95409291554754e-64	5.27528892813006e-64	DUSP15
DUSP16	2209.53964659362	-0.785701783773089	0.0277173035116747	-28.3469776719855	9.11970534458271e-177	5.87768764439074e-176	DUSP16
DUSP18	97.9145720432925	-0.179578410036087	0.0476980727069541	-3.76489866035836	0.000166616642481056	0.000203879150384168	DUSP18
DUSP19	137.196274257754	1.87614605418443	0.042297046411597	44.3564317925999	0	0	DUSP19
DUSP2	718.5277214974	-0.0329861181320243	0.0889184305617497	-0.370970539219279	0.710659474827455	0.725161907282412	DUSP2
DUSP22	3755.00789878329	0.0217652048263143	0.0207818136390419	1.04731979625806	0.294952108772745	0.313499817549491	DUSP22
DUSP23	1303.63586289097	-1.02563084669276	0.0351474615152465	-29.1807943583026	3.39926637699084e-187	2.34624977194065e-186	DUSP23
DUSP26	6690.98228658482	-0.725238793951226	0.156867324224471	-4.62326234948355	3.77751469400868e-06	4.83050664252683e-06	DUSP26
DUSP28	661.735265122364	-0.223322665099105	0.0527971247478469	-4.22982626735203	2.33871857623342e-05	2.93272539817331e-05	DUSP28
DUSP3	13814.7888436641	0.644884535082528	0.0672836716654325	9.58456218455513	9.28505990676195e-22	1.56337445871875e-21	DUSP3
DUSP4	1566.40423966152	-3.01231359022649	0.0699036068291886	-43.092391463965	0	0	DUSP4
DUSP5	1615.87325374754	1.30382036630622	0.0774884847533697	16.8259886672971	1.57411949784609e-63	4.2216515316936e-63	DUSP5
DUSP5P1	7.06988701918183	-1.09126223179186	0.0893023173369583	-12.2198646612302	2.43489721479799e-34	4.8086214770794e-34	DUSP5P1
DUSP6	1682.46734369068	0.839417520313488	0.0614894682622748	13.6514031432679	1.98028458587442e-42	4.28039179038491e-42	DUSP6
DUSP7	3265.74844748166	-0.405373698490881	0.0480015165324555	-8.44501856971109	3.03997126409561e-17	4.78762228565048e-17	DUSP7
DUSP8	1658.06563301278	0.998748164171273	0.0508356174685092	19.6466220714239	6.17906919456816e-86	2.02751411905617e-85	DUSP8
DUSP8P5	211.793291418993	-0.282593625740133	0.0308777791421737	-9.15200618668068	5.58858860422219e-20	9.1729901946388e-20	DUSP8P5
DUSP9	8.85507947968899	-1.46801021069106	0.105374588785155	-13.9313493662512	4.08562942956473e-44	8.98978307805826e-44	DUSP9
DUT	2068.79193894655	0.212117850221643	0.0209382986660202	10.1306153668482	4.04098242138406e-24	7.03838650869226e-24	DUT
DVL1	10680.4737475312	-0.586303451773324	0.0524668495495086	-11.1747409422797	5.42083102426656e-29	1.00608701173134e-28	DVL1
DVL2	2018.25925056591	-0.664835853770952	0.0249654955369016	-26.6301885651841	3.03606113678382e-156	1.69096957064497e-155	DVL2
DVL3	7180.96401693608	0.058974973640831	0.0133691249269343	4.41128151342324	1.02760611578657e-05	1.30001670463659e-05	DVL3
DXO	788.113392323975	0.376062067676851	0.0227674014747692	16.5175664905634	2.74242123442375e-61	7.20465917117075e-61	DXO
DYDC2	4.16694907315843	-0.815309001361474	0.112390303121672	-7.25426463596984	4.0384985372291e-13	5.94950586534586e-13	DYDC2
DYM	3800.76570989729	-0.677760577355909	0.0358834226585916	-18.8878464522289	1.43584973138184e-79	4.45402912538419e-79	DYM
DYNC1H1	21806.8205906381	-0.110678092869678	0.032145143915013	-3.44307349073608	0.000575142999009403	0.000692796381502159	DYNC1H1
DYNC1I1	781.243983128917	1.81916944108142	0.0576087879491646	31.5779849887955	7.40618527818156e-219	6.226937935196e-218	DYNC1I1
DYNC1I2	4141.98249749055	-0.025288079931169	0.0152901516241521	-1.65388025918751	0.09815184438538	0.107720482305891	DYNC1I2
DYNC1I2P1	17.4873394097966	0.131432903972967	0.0483981712817533	2.71565847411508	0.00661441118039151	0.00766881461150506	DYNC1I2P1
DYNC1LI1	3089.04215457696	-0.0145215336128181	0.0327314910856933	-0.443656342291274	0.657291064083352	0.67402850886205	DYNC1LI1
DYNC1LI2	5069.06325318096	-0.304833786510317	0.0162010538852516	-18.8156763547227	5.61868320788935e-79	1.73425782622113e-78	DYNC1LI2
DYNC2H1	820.321982058979	-0.91259070405854	0.0517215912897771	-17.6442889961685	1.12582273422549e-69	3.20410040139019e-69	DYNC2H1
DYNC2LI1	668.773716110335	-0.448182202984774	0.0256893721470321	-17.4462108462449	3.67839725940999e-68	1.03250941940806e-67	DYNC2LI1
DYNLL1	5476.92969155683	-0.440574026275495	0.0622711039256586	-7.07509580690055	1.49345544371144e-12	2.17716969891883e-12	DYNLL1
DYNLL1P1	2.90138931260402	-2.25901546962304	0.137133772405034	-16.473079023531	5.72792781198078e-61	1.49823348653685e-60	DYNLL1P1
DYNLL2	9704.1117818917	0.882979755908911	0.0485387728939858	18.191225349628	6.05707456318379e-74	1.78713980022736e-73	DYNLL2
DYNLRB1	694.828030742023	0.491419142816935	0.0227256712964403	21.6239659725215	1.06885877776592e-103	4.06948537617688e-103	DYNLRB1
DYNLRB2	20.6125290994985	-1.57607623467316	0.0843492126845104	-18.6851327299062	6.54159594868878e-78	1.99924055470877e-77	DYNLRB2
DYNLT1	1998.27857357556	0.58277588944491	0.0317126691286912	18.376753059794	2.01685246423578e-75	6.03781160963052e-75	DYNLT1
DYNLT3	1053.61370419815	0.441905913778233	0.0306590086356353	14.4135747841697	4.25124412163381e-47	9.67589397313569e-47	DYNLT3
DYRK1A	5981.28346863542	-0.309290334239286	0.0271682455906265	-11.3842586267696	5.00924454999505e-30	9.40755463165997e-30	DYRK1A
DYRK1B	4191.51790560672	-1.48292300076748	0.0752279451204268	-19.7123954189308	1.68784959546217e-86	5.56668753534527e-86	DYRK1B
DYRK2	2015.85409933007	0.416100307009264	0.0455798708675998	9.12903654812779	6.91115896840155e-20	1.1326272085779e-19	DYRK2
DYRK3	608.037240999134	2.24118571333025	0.056039614266593	39.9928825824609	0	0	DYRK3
DYRK4	531.842949477582	0.439916279739821	0.0174472185560291	25.2141209974012	2.80443427279872e-140	1.3914724736673e-139	DYRK4
DYSF	7566.23222383365	-0.113538822645433	0.0867453909503639	-1.30887441282501	0.190576895230404	0.205362148520952	DYSF
DZANK1	161.848447848106	-0.767889479238178	0.0452568405368032	-16.9673682504134	1.43207733354263e-64	3.87185702629931e-64	DZANK1
DZIP1	534.170225975664	0.62001951067278	0.0476967012651862	12.9992115644554	1.2361108603549e-38	2.55203940787343e-38	DZIP1
DZIP1L	413.495021144265	-0.355533198914281	0.058455019841861	-6.08216710688165	1.18568894096167e-09	1.63564921651093e-09	DZIP1L
DZIP3	1019.97511244671	0.44516396586733	0.0422962475758024	10.5249044863736	6.63286820284907e-26	1.18274651331834e-25	DZIP3
E2F1	217.741055611191	-0.820744739158566	0.0476015801299883	-17.2419641725614	1.28592510874536e-66	3.54431754440747e-66	E2F1
E2F2	229.846512090009	-3.16131831994967	0.118593507474188	-26.6567570795368	1.49434668259201e-156	8.34617891198843e-156	E2F2
E2F3	903.731635398066	-0.430368662126858	0.047527342529461	-9.05518043345435	1.36342184852171e-19	2.22672443252035e-19	E2F3
E2F4	3399.5658714257	-0.0115589506973916	0.0212551903095546	-0.543817793633002	0.586566863004644	0.605504650816986	E2F4
E2F5	282.044606107806	0.334512836971571	0.0445816420016435	7.50337632156392	6.21946647861555e-14	9.29486227327177e-14	E2F5
E2F6	1160.45880561611	-0.433421351811962	0.0522107644299293	-8.30137916087486	1.02909689249929e-16	1.60861177161164e-16	E2F6
E2F7	36.4605226306389	-0.23981672283842	0.0971077920864243	-2.46959299234182	0.0135266856042257	0.0154776168040723	E2F7
E2F8	418.608077161927	-1.16111274188837	0.105804201271955	-10.9741648056479	5.08738059175413e-28	9.31237929958979e-28	E2F8
E4F1	1924.75859796107	-0.393774870005507	0.0206429537474169	-19.0755099693415	4.03467602525881e-81	1.27150215564923e-80	E4F1
EAF1	809.42383258747	-0.644693986409683	0.0308243591020857	-20.91508161693	3.90360128896665e-97	1.40678131737114e-96	EAF1
EAF2	71.1099555651277	0.152631303024734	0.04577327886266	3.33450665578699	0.000854508554295753	0.00102301200358326	EAF2
EAPP	1685.10059518514	-0.898882481843631	0.019728217678049	-45.5632889150341	0	0	EAPP
EARS2	1549.83862750233	0.150990079948438	0.0300290647400483	5.02813128732144	4.95282745737354e-07	6.4643160571477e-07	EARS2
EBAG9	1085.6274935764	-0.203847178491485	0.0290984752985969	-7.00542473101036	2.46237686161101e-12	3.57750168570297e-12	EBAG9
EBF1	1719.09581012444	-0.436148020796247	0.0544670285961139	-8.00756039089977	1.17006292263802e-15	1.79758493389152e-15	EBF1
EBF2	1041.51013575399	1.19171195963626	0.0566710320100582	21.0285911049714	3.59158665704852e-98	1.31007399014246e-97	EBF2
EBF3	990.196690773988	0.435037090195925	0.0506322649972569	8.59209222063231	8.53998007410839e-18	1.35670445074596e-17	EBF3
EBF4	688.543955767362	0.252681957994093	0.06285477839238	4.02009146252476	5.81755513767981e-05	7.21970424221816e-05	EBF4
EBI3	34.9990893159515	0.769734709364579	0.0731232265913811	10.5265419107655	6.51853312476226e-26	1.16247389319245e-25	EBI3
EBLN2	100.854979473051	-0.296468526854375	0.0351082592133912	-8.44440976274022	3.05585512596769e-17	4.81221661469202e-17	EBLN2
EBNA1BP2	1960.84817335898	-0.0793983270617833	0.0250847950408498	-3.16519736089076	0.00154977790593187	0.00184032931490729	EBNA1BP2
EBP	1077.40533455834	0.942653812435758	0.0531542129193708	17.7343198339831	2.27836648505498e-70	6.52136668746617e-70	EBP
EBPL	654.576635864574	-1.34575720250384	0.0505884426310631	-26.6020682296612	6.42418009219185e-156	3.56918721726992e-155	EBPL
ECD	1347.43984858093	-0.253844372114542	0.0155575581293327	-16.3164662477421	7.53743898211132e-60	1.94860604792454e-59	ECD
ECE1	8150.88888448478	0.542277279838848	0.0465539318693056	11.6483669169174	2.3389817438271e-31	4.4691657330041e-31	ECE1
ECE2	4.08393748166489	0.386723346819314	0.103096573390694	3.75107856741067	0.000176075510217385	0.000215263193386522	ECE2
ECEL1	76.7238654229369	-2.29768231306275	0.0849574069790408	-27.0451087758551	4.36049496393781e-161	2.50697125026651e-160	ECEL1
ECH1	17936.2391306231	0.879760832387013	0.0599187273865658	14.6825687186451	8.33712999925825e-49	1.93273248057499e-48	ECH1
ECHDC1	2090.1939527707	-0.202995070149373	0.0275927537320115	-7.35682535063073	1.88335496270863e-13	2.79031050894799e-13	ECHDC1
ECHDC2	4152.44124053705	0.454843441972951	0.0309330672156623	14.7041170796878	6.06569008073506e-49	1.4083385417685e-48	ECHDC2
ECHDC3	4051.7259695831	-0.0442332509594483	0.0675436635587371	-0.654883798551766	0.51254257213488	0.533095212399606	ECHDC3
ECHS1	8373.44620129082	0.716933720328129	0.0459311546768708	15.608876488558	6.3342613446425e-55	1.55790461080625e-54	ECHS1
ECI1	4113.63910549296	0.684757784808013	0.049971216087553	13.7030442406739	9.73553351707367e-43	2.10965858722575e-42	ECI1
ECI2	3135.94710952413	0.749439075349137	0.0590347657972195	12.6948767430265	6.31292574463581e-37	1.28116095072367e-36	ECI2
ECM1	2603.33990424406	0.36986823828707	0.0644395882775278	5.73976724826555	9.48067605817919e-09	1.28143602435263e-08	ECM1
ECM2	1249.84944155678	-0.00102216544102471	0.0685803236758768	-0.0149046459135372	0.988108253431869	0.98926232870006	ECM2
ECSCR	1164.52617476845	1.0912598488383	0.0549390767345923	19.8630904212336	8.49208296739731e-88	2.83295006479094e-87	ECSCR
ECSIT	4353.68413564151	1.09125238789218	0.0501700061712955	21.7510913625626	6.745591142673e-105	2.59294012725297e-104	ECSIT
ECT2	353.132207431465	-0.108352474409301	0.0400584117132291	-2.70486196969009	0.00683327767436122	0.00791696153801739	ECT2
ECT2L	33.2101443401003	1.97553100819507	0.0600291569389521	32.9095244533273	1.6060736824775e-237	1.49025424527204e-236	ECT2L
EDA	264.412688721073	0.904631189052239	0.0419282165137513	21.5757135473565	3.03757839940495e-103	1.15163118718805e-102	EDA
EDA2R	281.316938765859	0.0507236957524861	0.0619744972904199	0.818460785809826	0.413094124821345	0.433668125089463	EDA2R
EDAR	75.3335617011122	-4.79983407191894	0.168492379623652	-28.4869504641096	1.69979426159252e-178	1.10942699430482e-177	EDAR
EDARADD	62.5633128741558	-0.787414069386305	0.117811100313825	-6.68370015464411	2.32983272558644e-11	3.32166314694135e-11	EDARADD
EDC3	1332.68986601009	-0.287394865343444	0.0203713853584479	-14.1077722642099	3.4015460400843e-45	7.569690971388e-45	EDC3
EDC4	4601.35700343196	-0.263244613380214	0.0167156525765814	-15.7483898504219	7.04523905737732e-56	1.7507088386506e-55	EDC4
EDEM1	2278.05251205373	-0.700164371215954	0.0378860068953107	-18.4808172883117	2.94683531807322e-76	8.88244851986538e-76	EDEM1
EDEM2	892.344929487506	0.203427641517526	0.0347419141135868	5.85539532601543	4.75876668919014e-09	6.47780997974227e-09	EDEM2
EDEM3	2289.35620737308	-0.402957452816732	0.0362920875599717	-11.1031764747855	1.21063230137342e-28	2.23835169032693e-28	EDEM3
EDF1	7990.03514715362	0.331391858017407	0.0208901685817048	15.8635320113038	1.13336604341942e-56	2.83593580033263e-56	EDF1
EDIL3	608.994539850161	0.718316098598457	0.0719405681277182	9.98485440541989	1.77561560925713e-23	3.06539336168003e-23	EDIL3
EDN1	908.151798622405	-0.781031211025064	0.0630557442647579	-12.3863609910887	3.09784474628644e-35	6.17408140809368e-35	EDN1
EDN2	181.12073446089	-2.30234967732385	0.14021644594096	-16.4199688693671	1.37637326990567e-60	3.58658008563578e-60	EDN2
EDN3	88.5714885664528	-4.30402921643277	0.103847555554409	-41.4456478388434	0	0	EDN3
EDNRA	898.337508669539	1.1399838540835	0.0488112636587026	23.3549342638305	1.22790477575668e-120	5.32358233824565e-120	EDNRA
EDNRB	2713.03594208184	0.677060134363603	0.0604651102291293	11.1975341117865	4.19240817301152e-29	7.78899159070909e-29	EDNRB
EEA1	2545.64516751289	-0.881810447969187	0.0254727700823845	-34.6177681154119	1.36529232969222e-262	1.45509930294788e-261	EEA1
EED	696.297229518609	-0.105917398434636	0.0177668953866665	-5.96150290354744	2.49928475936237e-09	3.42230526040483e-09	EED
EEF1A1	178829.643231134	-1.26850814421102	0.0512033893771382	-24.7739096892168	1.71340348286051e-135	8.22698748865619e-135	EEF1A1
EEF1A1P10	5.0330915216121	-0.244868155972814	0.0674782708162592	-3.62884456004484	0.00028469258680957	0.000346079906480218	EEF1A1P10
EEF1A1P11	52.7105216232297	-1.13854158371804	0.0668520470609346	-17.0307662034684	4.85641725006232e-65	1.31835872294332e-64	EEF1A1P11
EEF1A1P12	22.9540625011973	-0.870299470231398	0.0561636143299765	-15.4957881648811	3.70390581422681e-54	9.03809252567397e-54	EEF1A1P12
EEF1A1P13	69.0182774643429	-0.910339247218353	0.0516275171582805	-17.6328302681576	1.37888482581071e-69	3.92121733798082e-69	EEF1A1P13
EEF1A1P14	5.7115761931003	-0.309997420941755	0.071757096638844	-4.32009425495548	1.55962571167771e-05	1.96368625836963e-05	EEF1A1P14
EEF1A1P19	42.6530826343608	-0.903605794515698	0.0512023356638559	-17.6477456116042	1.05899881103512e-69	3.01439557201822e-69	EEF1A1P19
EEF1A1P22	6.75511516519057	-0.8854354856664	0.0679473989925074	-13.0311902853564	8.13289396763214e-39	1.68334166162293e-38	EEF1A1P22
EEF1A1P24	4.02311102895457	-0.837116432891351	0.0769568578891293	-10.8777366417087	1.47171883039775e-27	2.67979068035504e-27	EEF1A1P24
EEF1A1P25	3.47422858032194	-0.659108953185184	0.0800325207015641	-8.2355141061089	1.78788178763538e-16	2.78429449426632e-16	EEF1A1P25
EEF1A1P3	5.78750402647596	-1.23778057840478	0.0852415852095331	-14.5208535876261	8.93901340730345e-48	2.05113040592568e-47	EEF1A1P3
EEF1A1P30	6.95568876535396	-0.31756232520206	0.0645038207191144	-4.92315527455193	8.51598273153741e-07	1.10595343157351e-06	EEF1A1P30
EEF1A1P33	0.78843999102978	-0.884367931132606	0.128548579415127	-6.87963986188193	6.00040607558453e-12	8.6583815444166e-12	EEF1A1P33
EEF1A1P4	12.4521263104619	-0.794715460010544	0.0592086272529317	-13.4222915963855	4.47653381046559e-41	9.511577563998e-41	EEF1A1P4
EEF1A1P5	704.51626928915	-1.41701316682375	0.0636463673537861	-22.2638498588162	8.28206198057699e-110	3.31006655666888e-109	EEF1A1P5
EEF1A1P6	124.322634819006	-1.09001795812514	0.0579872241776427	-18.7975536608872	7.90805703949901e-79	2.43755025287708e-78	EEF1A1P6
EEF1A1P7	4.30232519325652	-0.83544232899695	0.0749231891346571	-11.150650935259	7.10844354800217e-29	1.31726469330438e-28	EEF1A1P7
EEF1A1P8	5.86742695445409	-0.908156468873444	0.0681184690346171	-13.3320152631723	1.50769121099316e-40	3.18133272641987e-40	EEF1A1P8
EEF1A1P9	27.6125040165649	-0.82114443430152	0.0581923180871471	-14.1108734158313	3.25521152022599e-45	7.2458343731406e-45	EEF1A1P9
EEF1A2	81185.0470495485	-0.206925145244171	0.141952147159649	-1.45771056926282	0.144920337442103	0.157416787007922	EEF1A2
EEF1B2	18693.8851165643	-1.19260766863223	0.0272974791920014	-43.6892967384945	0	0	EEF1B2
EEF1B2P1	2.53991574665008	-0.813659225685344	0.086537710979998	-9.40236593354555	5.33497059491578e-21	8.89046525449721e-21	EEF1B2P1
EEF1B2P2	2.56220555865317	-0.723813986375236	0.0886178039054081	-8.16781678710799	3.14020323741937e-16	4.87215984112964e-16	EEF1B2P2
EEF1B2P3	123.693888979641	-1.08607002124965	0.0398361679632143	-27.2634160557952	1.15230546732974e-163	6.77421643285524e-163	EEF1B2P3
EEF1D	5649.57127935677	-0.0902868161823618	0.0240278205688819	-3.75759490643488	0.000171554309306817	0.000209806992447314	EEF1D
EEF1DP1	33.1840448682508	-0.613875551613625	0.0477438557522062	-12.8576869618507	7.78721526763e-38	1.59637469573634e-37	EEF1DP1
EEF1E1	443.733765318319	0.312934245117378	0.0299712224576398	10.4411571986984	1.60837977484888e-25	2.85583392454673e-25	EEF1E1
EEF1G	83998.5880883079	-1.11635034255222	0.0308226225868882	-36.2185384908521	3.10972144652896e-287	3.77210887863664e-286	EEF1G
EEF1GP1	4.46405875459184	-0.365112015200248	0.0942987742902614	-3.87186384922031	0.000108006280383108	0.000132838279118361	EEF1GP1
EEF1GP2	3.58418115355176	-2.1795352181719	0.134296130687421	-16.2293225204295	3.1289375323209e-59	8.03137095669593e-59	EEF1GP2
EEF1GP5	7.70299556878394	-0.722012237450857	0.0683699214799001	-10.5603783333746	4.54824963095927e-26	8.12313142245241e-26	EEF1GP5
EEF2	151288.057571478	-0.560145791454224	0.0354292462766794	-15.8102655382463	2.64350288694343e-56	6.59721273642988e-56	EEF2
EEF2K	7394.83196950886	-1.8297521257468	0.0453712599609454	-40.328439794747	0	0	EEF2K
EEFSEC	1397.6421886786	0.470470973380039	0.0234042605262953	20.1019371174514	7.09686624701035e-90	2.40857257376382e-89	EEFSEC
EEPD1	2629.06801657674	-1.50884737449975	0.0544121432508846	-27.7299750451425	3.03897756217848e-169	1.85502323149457e-168	EEPD1
EFCAB1	85.0254783125656	-3.43773053073857	0.120524451895825	-28.5230961573669	6.05868961059846e-179	3.96735073409905e-178	EFCAB1
EFCAB10	8.10984793061925	0.504625141574227	0.052329148558982	9.64328974329568	5.24786425842047e-22	8.87345524289186e-22	EFCAB10
EFCAB11	129.196719020088	-0.361269567981556	0.0379757348053528	-9.51316860182608	1.84941669034171e-21	3.09975324421239e-21	EFCAB11
EFCAB12	16.3662141103381	-0.280127446325119	0.0783934733541256	-3.57335163680915	0.00035244096826147	0.000427196139631992	EFCAB12
EFCAB13	194.261661475322	0.0362970219355148	0.0485326186294451	0.747889212668471	0.454526984764521	0.475141710380148	EFCAB13
EFCAB14	6447.59530166587	-0.388075110885886	0.0154240499924346	-25.1603898506705	1.08771966282847e-139	5.37470262162375e-139	EFCAB14
EFCAB14P1	0.300378857593818	0.254159360280242	0.203505678915527	1.2489054931275	0.211699642241519	0.227375015512505	EFCAB14P1
EFCAB2	597.880324909152	0.986992216822361	0.044584624262576	22.1375021803388	1.37656872815206e-108	5.4484638688358e-108	EFCAB2
EFCAB5	13.9240227247836	-0.258518174547947	0.0548927027247271	-4.70951805460098	2.48303219587126e-06	3.18923029310585e-06	EFCAB5
EFCAB6	73.9575574620953	-0.535407029595317	0.0424357619180897	-12.6168826809041	1.70435314395118e-36	3.44178381694696e-36	EFCAB6
EFCAB7	599.957583142252	-0.880204781786674	0.0621684826990401	-14.1583764565685	1.65780040025308e-45	3.70662836976222e-45	EFCAB7
EFCAB8	12.6023781629859	-0.984344802433348	0.055101891907823	-17.8640835795621	2.24590285105658e-71	6.50080354106279e-71	EFCAB8
EFCAB9	0.214536144425758	0.251239668554616	0.287069944167094	0.875186252199142	0.381472572279549	0.401924950167056	EFCAB9
EFCC1	325.43432152023	1.35244512527237	0.0489873831373518	27.6080296324537	8.91236650975444e-168	5.37999696653554e-167	EFCC1
EFEMP1	4730.23167985725	-0.0717163611463497	0.0662682188922052	-1.08221350060738	0.279157670915781	0.297238686511001	EFEMP1
EFEMP2	2869.70958420415	1.37679188828642	0.0377715920679344	36.4504595361026	6.76501991745621e-291	8.33518983806497e-290	EFEMP2
EFHB	32.8729894357132	-0.946003809456504	0.0800770358220276	-11.8136716693536	3.31750764663729e-32	6.40481071933911e-32	EFHB
EFHC1	1156.12257594922	-0.249986411726819	0.052406806514695	-4.7701134328176	1.84122206558843e-06	2.3725009593885e-06	EFHC1
EFHC2	168.768533136753	1.81018816003141	0.101556669376317	17.8244143998439	4.56849419328718e-71	1.31769690712005e-70	EFHC2
EFHD1	2919.94567338167	-0.242547917287985	0.0563319075318772	-4.30569330801964	1.66463552204165e-05	2.09487584118231e-05	EFHD1
EFHD2	1873.13529759022	0.506323404871687	0.0527522199954513	9.59814401963265	8.13968641426622e-22	1.37167660684522e-21	EFHD2
EFNA1	4159.20202497955	-0.445396963521258	0.0603510376549201	-7.38010448251088	1.58165360915518e-13	2.34583065159449e-13	EFNA1
EFNA3	2035.86359288116	-5.16738987479355	0.123141445400155	-41.9630438639227	0	0	EFNA3
EFNA4	467.55497935007	-1.85582459455347	0.0839330426058076	-22.1107746953648	2.48959422233503e-108	9.83867960400724e-108	EFNA4
EFNA5	1078.90659312978	0.113755350061042	0.0835828415982447	1.36098926389494	0.173517082295978	0.187573924958558	EFNA5
EFNB1	3810.71622084853	0.0766328776485947	0.0581271530698736	1.31836626432531	0.187381068320845	0.20209985685102	EFNB1
EFNB2	1306.43313378698	0.441355394737979	0.0446472751018589	9.88538256211752	4.81738215418385e-23	8.2690660968307e-23	EFNB2
EFNB3	236.482722876561	-1.74854382430689	0.0866504172033105	-20.1792891568454	1.48871586693613e-90	5.08218743044137e-90	EFNB3
EFR3A	4064.80615945209	-0.459233467974067	0.0371028004944163	-12.3773262895122	3.46701273405107e-35	6.90449122974371e-35	EFR3A
EFR3B	389.883010905767	1.28447854111544	0.0618619166763694	20.7636395722296	9.23041378918809e-96	3.28178310525726e-95	EFR3B
EFS	2265.12757365349	-1.69754697768667	0.0742877316391526	-22.8509733738052	1.42918242353935e-115	5.98574053190597e-115	EFS
EFTUD2	5009.14051043877	-0.418752037137979	0.0293983868258482	-14.244048138376	4.88153974202432e-46	1.09868213173518e-45	EFTUD2
EGF	2182.01088529162	-2.11947836861235	0.110867046210995	-19.1172980705079	1.81257251046938e-81	5.73630762323475e-81	EGF
EGFEM1P	6.70454486364116	-0.376934052473966	0.128900521113203	-2.9242244268581	0.00345315682083809	0.00404583936031674	EGFEM1P
EGFL6	72.362232120518	-5.15761786487455	0.155451889520022	-33.1782256285167	2.21906945512133e-241	2.09467589206288e-240	EGFL6
EGFL7	6077.52876276199	1.39062541062346	0.0549406857489422	25.3113952195297	2.39296516583782e-141	1.198213239228e-140	EGFL7
EGFL8	1033.70155351931	0.0401393826021968	0.0488832224398064	0.821127998499352	0.411573363440238	0.432248081405351	EGFL8
EGFLAM	2336.81239011527	-0.0909367312159247	0.0690911939574518	-1.31618410403974	0.188112257674248	0.202839867640717	EGFLAM
EGFR	8864.23605978571	-1.96178139891368	0.0546923690705121	-35.8693805416338	9.17346336456115e-282	1.08354011827733e-280	EGFR
EGFR-AS1	39.2609766776534	-2.14508495812822	0.0828225449976366	-25.8997711092968	6.69935515583317e-148	3.51794317853422e-147	EGFR-AS1
EGLN1	19823.0344161295	-1.63399061338005	0.0785289878125371	-20.8074834388631	3.7027833816183e-96	1.32170937244717e-95	EGLN1
EGLN2	2869.44661043092	0.641274019133082	0.0238436778920237	26.894928795679	2.51764889442341e-159	1.43011037388816e-158	EGLN2
EGLN3	5189.77488486885	0.969825199916337	0.0800405131144293	12.1166789439472	8.61810729212347e-34	1.69249999307784e-33	EGLN3
EGR1	15403.5802298809	0.258663729112469	0.0846710884789091	3.05492386786665	0.00225117659195453	0.00265553275437572	EGR1
EGR2	598.493105648918	0.785316394933782	0.0948046798973859	8.28351929233649	1.19587591549338e-16	1.86752514572711e-16	EGR2
EGR3	2530.98240806727	-0.641766173750408	0.101261916772085	-6.33768542219939	2.33242430797372e-10	3.26459606312378e-10	EGR3
EHBP1	1597.45652129494	-0.733807743102744	0.0273543657879078	-26.8259826892836	1.60837442418258e-158	9.09593088586572e-158	EHBP1
EHBP1L1	17124.5878453267	-0.980387007001772	0.0682208058735699	-14.3707919372672	7.89235733539313e-47	1.79132926988289e-46	EHBP1L1
EHD1	4243.53606433028	0.471250741561095	0.031613282285606	14.9067324709799	2.97982081308694e-50	7.00166485529018e-50	EHD1
EHD2	9658.43221380871	0.379944246585348	0.0471347533916821	8.06080904737261	7.57911427278421e-16	1.1688796780705e-15	EHD2
EHD3	787.457396575206	2.55315175166858	0.0409666697759831	62.322658044452	0	0	EHD3
EHD4	2392.43559196659	0.960164169475639	0.0477456428252111	20.1099851768808	6.03418630911586e-90	2.04907352858696e-89	EHD4
EHF	2737.50911405826	-5.98373901090644	0.136159295189267	-43.9466068224632	0	0	EHF
EHHADH	368.794541069222	1.54741616616575	0.0493375843891911	31.3638412849568	6.30062587063904e-216	5.20741810364432e-215	EHHADH
EHMT1	3598.63083417572	-0.619019354572023	0.0183626473744723	-33.7107902770371	4.01689914651687e-249	3.96861698882822e-248	EHMT1
EHMT2	1452.97453070303	-0.456046162329347	0.0290533008063123	-15.6968795170518	1.58866707270441e-55	3.92932068916627e-55	EHMT2
EI24	5803.45607646773	-0.63957463296521	0.0271386240983065	-23.5669513181076	8.41436227983168e-123	3.70788091552632e-122	EI24
EI24P2	4.86264136891572	-0.455491870482259	0.110163794344286	-4.13467848664279	3.55451909034869e-05	4.43446518437638e-05	EI24P2
EID1	7530.18269532131	0.807774979643972	0.0397958545828496	20.2979679193041	1.34013173472368e-91	4.61344642508337e-91	EID1
EID2	493.25441316527	0.190564178520197	0.0213043669545084	8.94484116458902	3.72485042383154e-19	6.04226660172944e-19	EID2
EID3	81.9862891309394	0.0334684747568655	0.0546422974621826	0.61250123642822	0.540206180207074	0.560378692439782	EID3
EIF1	50185.68997541	-0.370192665426126	0.0374305336002195	-9.8901252485472	4.59452710364957e-23	7.88954329798682e-23	EIF1
EIF1AD	1287.8234250923	-0.356407114971314	0.024381028585752	-14.6182148844858	2.1496294033467e-48	4.95968711736017e-48	EIF1AD
EIF1AX	4694.20319241935	-0.551824739074532	0.0376122688263328	-14.6714026112722	9.82920165308165e-49	2.27657564278336e-48	EIF1AX
EIF1AXP1	9.20980669591882	-0.31818251013382	0.0653314083061203	-4.87028396269872	1.1143798253272e-06	1.44305814227141e-06	EIF1AXP1
EIF1AY	1932.70031469198	1.51438870848	0.143186302691692	10.5763517879275	3.83605175952139e-26	6.8586380336854e-26	EIF1AY
EIF1B	4668.37156365005	1.8841009762853	0.0391469784816851	48.1288990711448	0	0	EIF1B
EIF2A	4724.36349034976	-0.386496685106034	0.0241744021124851	-15.9878487710943	1.55301958783618e-57	3.92088437596622e-57	EIF2A
EIF2AK1	4962.77347559834	-0.34847993267335	0.0172826380103564	-20.1635845444734	2.0451543984351e-90	6.97382540750716e-90	EIF2AK1
EIF2AK2	1594.07462221397	0.448383946412533	0.0274623618628416	16.327217180079	6.32021749798193e-60	1.63556979846424e-59	EIF2AK2
EIF2AK3	1138.49786486872	-0.133841155549244	0.0361201181445756	-3.70544622842946	0.000211018895591307	0.000257459071407016	EIF2AK3
EIF2AK4	2201.43689140239	-0.134948976069274	0.0241735833734811	-5.58249780284189	2.37088606186734e-08	3.17665202826007e-08	EIF2AK4
EIF2B1	2735.82879146933	-0.385667301496692	0.0100577256415002	-38.3453789895948	0	0	EIF2B1
EIF2B2	1494.13534186643	-0.430582022893914	0.0321894747080618	-13.3764849162349	8.29797942599907e-41	1.75649021222259e-40	EIF2B2
EIF2B3	2275.01723660128	-0.0305075870330952	0.0481030393438737	-0.63421329398764	0.52594163287061	0.546400146205567	EIF2B3
EIF2B4	2415.62054792773	-0.233393175582898	0.0231140661588137	-10.097452087369	5.66960879856821e-24	9.85883191489822e-24	EIF2B4
EIF2B5	4511.330013822	-0.402813915919438	0.0217911075842499	-18.4852428616608	2.71473884086827e-76	8.18422607175846e-76	EIF2B5
EIF2D	2642.2864582613	-0.550814627543755	0.0182854892511369	-30.1230456554236	2.41889984218819e-199	1.81276503160823e-198	EIF2D
EIF2S1	3796.81153536002	-0.280082730724804	0.0302373533095651	-9.26280577064278	1.99129386572068e-20	3.29127544549059e-20	EIF2S1
EIF2S2	4904.40098571066	-0.424317279814153	0.0360275243908606	-11.7775863589948	5.09306324562255e-32	9.80117933338161e-32	EIF2S2
EIF2S2P3	4.11425037563342	0.52585193929157	0.0716983981951171	7.33422157996526	2.23013864886714e-13	3.29893383336818e-13	EIF2S2P3
EIF2S2P4	15.4517466637638	-0.387040101582641	0.0607825411455594	-6.36761962050541	1.91984311264759e-10	2.69172800613515e-10	EIF2S2P4
EIF2S2P5	0.373809440450788	0.0292802389467908	0.23382881523301	0.125220832674592	0.900348724963929	0.906390995921687	EIF2S2P5
EIF2S3	6813.20402837107	-0.410266473088386	0.0166829287418517	-24.5919933745907	1.53862518209905e-133	7.28479534533537e-133	EIF2S3
EIF3A	19062.9623995666	-0.987326328428167	0.0410237764952342	-24.067173058601	5.5185944064259e-128	2.5194069974657e-127	EIF3A
EIF3B	11012.3624206299	-0.753721393277155	0.0301721542823932	-24.9806953200218	9.91137117007903e-138	4.83639448177264e-137	EIF3B
EIF3C	714.061799049894	-0.829463161516831	0.0413308009102625	-20.068886720046	1.38062528355859e-89	4.67770294171621e-89	EIF3C
EIF3CL	33.5279511240074	-0.581122762423264	0.055675664164304	-10.4376440074126	1.66901486981184e-25	2.96291288673402e-25	EIF3CL
EIF3D	9606.92793302397	-0.685481108930208	0.0180271623717101	-38.0249034648919	0	0	EIF3D
EIF3E	12944.6871026731	-0.633127224014535	0.0214161517868233	-29.5630713826038	4.46060665967958e-192	3.17749823826245e-191	EIF3E
EIF3F	12182.2539204902	-0.742353707530874	0.0217453916205781	-34.1384381796265	1.98505476388588e-255	2.03490722122493e-254	EIF3F
EIF3FP1	0.662704662431524	-0.154065438951449	0.143172144840332	-1.07608528965788	0.281889113946078	0.300005081006465	EIF3FP1
EIF3FP3	111.31169130993	-0.827551601174872	0.0390317851973901	-21.2019920941307	9.15386402673837e-100	3.37868989840717e-99	EIF3FP3
EIF3G	9705.2834562833	-0.693850154439161	0.0346313136771465	-20.0353402965778	2.70980840828575e-89	9.15011464219694e-89	EIF3G
EIF3H	9874.3987335203	-0.28282864901454	0.0236439640678879	-11.9619810029514	5.62048535168704e-33	1.09318591913256e-32	EIF3H
EIF3I	8507.4873854777	-0.328041492676957	0.0263260613114003	-12.4607129337232	1.2227261194694e-35	2.4472195771146e-35	EIF3I
EIF3J	5056.85163536136	-0.828175136587571	0.0534499071884505	-15.494416738043	3.78378969591233e-54	9.23176989917563e-54	EIF3J
EIF3K	11530.9505348215	0.494320243662102	0.0377209241216091	13.1046694950647	3.09607997041536e-39	6.43265645746154e-39	EIF3K
EIF3L	9962.26818692852	-0.935673885856429	0.0259270121099985	-36.0887664913611	3.40307260797089e-285	4.10856539343286e-284	EIF3L
EIF3M	5422.86175230465	-0.122108729327793	0.0174766348044017	-6.98697035753353	2.80885557364049e-12	4.07825529771757e-12	EIF3M
EIF4A1	20554.3718958445	-0.474432877149974	0.0347471247419133	-13.6538744046841	1.91424292966552e-42	4.13813942319072e-42	EIF4A1
EIF4A1P10	31.794834206084	-0.485371928015505	0.0542153586563748	-8.95266470691204	3.4700259506661e-19	5.63296394065655e-19	EIF4A1P10
EIF4A1P11	0.0935267766859841	0.487736030960763	0.390314413764095	1.24959779542128	0.211446508866413	0.22713024263661	EIF4A1P11
EIF4A1P13	0.0575412016710729	0.500212635106036	0.67856606108291	0.737161293194883	0.461024268872416	0.48162601497141	EIF4A1P13
EIF4A1P2	8.26005957871867	-0.366179865948535	0.0631134322819163	-5.80193237333181	6.55550025329344e-09	8.89332730872976e-09	EIF4A1P2
EIF4A2	24414.4216217883	-0.36639212622298	0.0453570427563117	-8.07795446875765	6.58621869467026e-16	1.01697137350111e-15	EIF4A2
EIF4A2P2	3.28076830634946	0.462327019802853	0.0709766203248292	6.51379310098147	7.32764121132469e-11	1.03471030314603e-10	EIF4A2P2
EIF4A2P4	5.74056659144415	-0.279513329901781	0.0875246378869472	-3.19353883260642	0.00140540433930423	0.00167186647580065	EIF4A2P4
EIF4A3	2853.86985344534	-0.532047932437401	0.0280990896002224	-18.9347035796202	5.90470695522605e-80	1.83798426251122e-79	EIF4A3
EIF4B	23633.8719951899	-1.17083505194338	0.0323069238824694	-36.240994537357	1.3775918673213e-287	1.67441128991564e-286	EIF4B
EIF4BP2	1.57529155718387	-1.1953337672877	0.122102203798626	-9.78961664982788	1.2476802524953e-22	2.12664446786933e-22	EIF4BP2
EIF4BP3	80.4682788404112	-0.818799195720614	0.0476953725166591	-17.1672670222802	4.66891631278492e-66	1.28137158936486e-65	EIF4BP3
EIF4BP5	1.18610465882185	-0.742814465157214	0.129365181631812	-5.7419968478949	9.35665643684526e-09	1.26486311594812e-08	EIF4BP5
EIF4BP6	202.893258497664	-1.10238091964114	0.0395883967274908	-27.8460612393437	1.20217706635322e-170	7.43655992145163e-170	EIF4BP6
EIF4BP7	26.2700695370092	-0.989314095117492	0.0535657334260761	-18.4691598871283	3.65731588442052e-76	1.10129379784968e-75	EIF4BP7
EIF4BP9	0.404150730002061	-0.0839283489279236	0.176274695129249	-0.476122502247901	0.633987106671818	0.65139280292234	EIF4BP9
EIF4E	1040.71278640866	-0.199778448198224	0.0212418477934008	-9.40494678905898	5.20565390943715e-21	8.67657185405353e-21	EIF4E
EIF4E2	3342.49033164808	-0.579698487117922	0.0435566742575282	-13.3090622045766	2.05039165043073e-40	4.31887433880219e-40	EIF4E2
EIF4E2P1	0.455237274707815	-0.859318273494482	0.204078774558914	-4.21071850980961	2.5455977086624e-05	3.18859539027429e-05	EIF4E2P1
EIF4E3	3463.71339030472	-0.348736022551843	0.0537048241770589	-6.49356976576442	8.38259196469173e-11	1.1826556780031e-10	EIF4E3
EIF4EBP1	1936.66532556802	-0.715556747492163	0.0610237118098332	-11.7258804204181	9.39194311648806e-32	1.80162370033996e-31	EIF4EBP1
EIF4EBP2	12542.3575196799	-0.227958783648385	0.0343752313044169	-6.63148362929255	3.32329404923626e-11	4.7256984106408e-11	EIF4EBP2
EIF4EBP3	1502.40963431672	-0.760786291534569	0.0394810378970451	-19.2696629080136	9.65629353357492e-83	3.08634481352774e-82	EIF4EBP3
EIF4ENIF1	1792.95297626848	-0.283224442312623	0.0159635230127098	-17.7419760091257	1.988187548402e-70	5.69531573182439e-70	EIF4ENIF1
EIF4G1	35733.3174957433	-0.912115730236212	0.045084748462992	-20.2311371657075	5.20877802248175e-91	1.78324863413263e-90	EIF4G1
EIF4G2	33657.2679735217	-0.0172389789297308	0.0259352727803165	-0.664692408510709	0.50624725037254	0.526821410218297	EIF4G2
EIF4G3	5292.82473159621	-0.688840792662233	0.0342817361599363	-20.0935212104939	8.40822701072187e-90	2.85309131800197e-89	EIF4G3
EIF4H	16713.846660802	-0.76881993510426	0.0271306161960121	-28.3377247884723	1.18581053544529e-176	7.6316680187882e-176	EIF4H
EIF4HP1	28.1848310223957	-0.72510999917993	0.0565088055783726	-12.8318054462197	1.08798891600847e-37	2.22682074781903e-37	EIF4HP1
EIF4HP2	25.1722518119931	1.58812729581144	0.0509069449916686	31.1966725968598	1.18211662066441e-213	9.62863406723077e-213	EIF4HP2
EIF5	11719.360405806	-0.165328992339522	0.0415832153712984	-3.97585878973746	7.01257294528284e-05	8.68418585498324e-05	EIF5
EIF5A	12071.8929053809	-0.359462502125233	0.0333441972797998	-10.7803615456354	4.2620725924326e-27	7.71148544943001e-27	EIF5A
EIF5A2	257.41903787134	0.867172211280362	0.0391659185405175	22.140990013633	1.27407327344895e-108	5.04389553449628e-108	EIF5A2
EIF5AL1	119.252220638881	-0.316423756815032	0.0577869774798181	-5.47569315120422	4.35802304624335e-08	5.81274250558881e-08	EIF5AL1
EIF5AP3	1.85675715240373	-0.551691703959442	0.10756987365728	-5.12868227136851	2.91777309857029e-07	3.82596398217977e-07	EIF5AP3
EIF5AP4	7.41492977771904	-0.431609345198246	0.0585660085506932	-7.36962200223455	1.71112509569918e-13	2.53639351512525e-13	EIF5AP4
EIF5B	12494.9739608407	0.577006449912858	0.0384716025559369	14.9982431606248	7.53884687182601e-51	1.78280061139963e-50	EIF5B
EIF6	3879.23862758395	-0.974805996903503	0.0424865547687378	-22.943870177508	1.69646824255597e-116	7.14676452942897e-116	EIF6
ELAC1	265.721929697271	-0.0577254319536583	0.0242794371892861	-2.37754407170241	0.0174283601609509	0.0198524274667644	ELAC1
ELAC2	4884.85083213897	0.196343158361676	0.0277031777865967	7.08738758687352	1.36667232772331e-12	1.99460585141456e-12	ELAC2
ELANE	102.58713695456	0.402657173893086	0.0703387781643848	5.72454035172546	1.03714155526182e-08	1.40046396641423e-08	ELANE
ELAVL1	2998.6765252146	0.0551970019866725	0.0156923955319443	3.51743631966902	0.000435736888341974	0.000526740966156999	ELAVL1
ELAVL2	14.0244477934442	-1.94120849907353	0.0841173117082638	-23.0773958374471	7.81017781543426e-118	3.32287900864174e-117	ELAVL2
ELAVL4	6.38097921608818	-0.974794433011809	0.0973585698862112	-10.0124152825078	1.34429827244768e-23	2.32456418850438e-23	ELAVL4
ELF1	3162.20123862405	-0.53288797881034	0.0295026968050509	-18.0623480738584	6.30813393792212e-73	1.84788802305185e-72	ELF1
ELF2	2364.556214401	-0.295141589364531	0.0183392696652843	-16.093421098618	2.83717176481001e-58	7.21660716947083e-58	ELF2
ELF3	2186.30865297901	-3.37104617399904	0.139729324559907	-24.1255454759875	1.34870687738741e-128	6.18077202134692e-128	ELF3
ELF4	1127.58639858248	-0.300307266985824	0.0566878906021634	-5.29755585885857	1.17363008653534e-07	1.55011484244792e-07	ELF4
ELF5	456.085608627512	-9.05459155011333	0.201074137363933	-45.0311097628883	0	0	ELF5
ELFN1	224.45991547925	2.34325553285199	0.0546701849512548	42.8616719504661	0	0	ELFN1
ELFN2	37.8323238234331	-1.39666061437949	0.0885164046202865	-15.7785511100549	4.37106936978205e-56	1.08814299163942e-55	ELFN2
ELK1	1826.71116533083	-0.102773024510374	0.0356966106101087	-2.879069546207	0.00398850368197591	0.00466184369711372	ELK1
ELK3	2026.11497080078	0.50633595241448	0.0516548362776592	9.8022951750884	1.10056002228204e-22	1.87712535162961e-22	ELK3
ELK4	3645.94250841009	-0.555033824492402	0.0196227033791618	-28.2852884114742	5.24264897680506e-176	3.36565350326205e-175	ELK4
ELL	1918.54801848195	-1.00545159357352	0.0301303420886999	-33.370068969466	3.72722672793268e-244	3.58215741214716e-243	ELL
ELL2	5317.90845484984	-0.519906743285178	0.0497744809094307	-10.4452469174153	1.54053971587076e-25	2.73591707038176e-25	ELL2
ELL2P1	3.94471863515819	0.797089463891155	0.0759230328484528	10.4986515157027	8.76228676866667e-26	1.56044641989285e-25	ELL2P1
ELL3	375.033093805595	-3.21071458089619	0.078970851236376	-40.6569579867622	0	0	ELL3
ELMO1	1150.06612869529	0.399522664588597	0.0424350670469117	9.41491771762555	4.7345307983718e-21	7.89644111011682e-21	ELMO1
ELMO2	2977.38800010427	-0.311619228035457	0.0197808896843972	-15.7535496637068	6.49319702191273e-56	1.61419748089285e-55	ELMO2
ELMO3	1106.7662371032	-2.76802824118328	0.0897122396910019	-30.8545216429471	4.87153553855609e-209	3.863106221566e-208	ELMO3
ELMOD1	845.927388724772	-4.05775638737435	0.111493998933734	-36.3943927581792	5.22160709431003e-290	6.41598288769112e-289	ELMOD1
ELMOD2	783.931802151874	0.553382477892564	0.0197599779947671	28.0052173154805	1.40366177716288e-172	8.81008216551916e-172	ELMOD2
ELMOD3	1945.13375220705	-0.803863819614214	0.0352637254578501	-22.7957712685534	5.05011097511695e-115	2.10579216268427e-114	ELMOD3
ELN	7772.5182592888	0.172675258961056	0.0756005638482761	2.28404723683808	0.0223687549732621	0.0253660046789524	ELN
ELOF1	1566.4422213393	0.161288042667093	0.0179070094784724	9.00697812557656	2.11812306359019e-19	3.451152540522e-19	ELOF1
ELOVL1	4952.18777731404	-1.09927895075769	0.0646636477783914	-16.9999526553934	8.21862727886318e-65	2.22538371911577e-64	ELOVL1
ELOVL2	165.543791019327	2.034198620916	0.0844963119073246	24.0744072137386	4.63525796386398e-128	2.11721082485449e-127	ELOVL2
ELOVL3	123.552318644554	-4.2895987096657	0.118199850830179	-36.2910670321293	2.23806756440227e-288	2.73506138674849e-287	ELOVL3
ELOVL4	1341.48545101329	-5.22299849449982	0.128986025454354	-40.4927469941165	0	0	ELOVL4
ELOVL5	3972.95029126166	-0.48389184789189	0.0781475002945973	-6.19203232435757	5.9393367433657e-10	8.2380952933677e-10	ELOVL5
ELOVL6	1035.9958671525	-2.18544801657499	0.0932464842854626	-23.4373234907657	1.7803262990331e-121	7.76912817185329e-121	ELOVL6
ELOVL7	1331.25620171938	-3.58363235596948	0.0974667695388494	-36.7677350231771	6.0548993623809e-296	7.68106014251012e-295	ELOVL7
ELP2	4006.29721386458	-0.384060631453902	0.0185903380427634	-20.6591526507182	8.07691880495117e-95	2.85363327591611e-94	ELP2
ELP3	1880.36607657886	-0.246712135850437	0.0318684093656917	-7.74158926538825	9.81817263435896e-15	1.4843111244738e-14	ELP3
ELP4	509.673992454662	-0.0113161842121434	0.01840150143295	-0.614959831042947	0.538581248484198	0.558725279735134	ELP4
ELP5	1507.24559741394	0.598498048512626	0.0293539283699374	20.389027355043	2.09264929287182e-92	7.24558182746406e-92	ELP5
ELP6	893.372606678325	0.255166783522857	0.027538633261973	9.2657751419787	1.93665458230553e-20	3.20155378235668e-20	ELP6
EMB	1150.90780722543	-1.50271285735948	0.0842573276416008	-17.8348032084693	3.7938305065023e-71	1.09583990609031e-70	EMB
EMBP1	23.709105369388	-1.15216561843668	0.0920894323466912	-12.5113771371627	6.46928275520524e-36	1.29926987477909e-35	EMBP1
EMC1	2700.16602534435	-0.0663861736737632	0.0238556464540284	-2.78282853502605	0.00538872765941598	0.00626590572941975	EMC1
EMC10	9001.3771042982	-0.645124884422759	0.0725619738068775	-8.89067442045813	6.07391090379695e-19	9.82005300693812e-19	EMC10
EMC2	2013.32047708051	-0.0674415112102718	0.0212286455532485	-3.17691070026611	0.00148852862119779	0.00176899740609899	EMC2
EMC3	4884.31764550133	-0.515613458500856	0.0488614484668894	-10.552561880155	4.94305880148427e-26	8.82300460937216e-26	EMC3
EMC4	2007.39027919785	-0.397448877945102	0.0330128166388127	-12.0392295602499	2.21010039458918e-33	4.31871658738599e-33	EMC4
EMC6	1717.0459970193	-0.0329354610353029	0.0580308324731009	-0.567551069521008	0.570339839979429	0.589870006289554	EMC6
EMC7	2470.19193103933	0.0023447267292101	0.0238438742242897	0.0983366506279222	0.921664976210304	0.926399644690473	EMC7
EMC8	1103.49072470626	0.323655202747168	0.0234322626032009	13.8123751951703	2.14636092909417e-43	4.68152709131518e-43	EMC8
EMC9	621.001268574301	-0.508345936911673	0.0383275782990771	-13.2631895744875	3.78450455698828e-40	7.95015363873801e-40	EMC9
EMCN	1777.32653786254	1.21262426563938	0.0592075405926683	20.4809092473862	3.18654535720625e-93	1.11380588301106e-92	EMCN
EMD	3901.70555406962	-0.202546435811972	0.0250354777197516	-8.09037630834478	5.94806764517735e-16	9.18750349071885e-16	EMD
EME1	33.6297773865135	-0.671470247129423	0.0551871965948236	-12.1671381871281	4.65104874530898e-34	9.1611257757202e-34	EME1
EME2	1218.40635274688	-0.0414672941335549	0.0352113293341166	-1.17766908883434	0.23892855470371	0.255583130093979	EME2
EMG1	1352.0220209186	0.0422752813961828	0.0188251281312695	2.2456835938323	0.0247242817729107	0.0279684406582144	EMG1
EMID1	179.417641021468	-1.26634726678352	0.0702895751491329	-18.0161462648866	1.45534988164911e-72	4.25081181560369e-72	EMID1
EMILIN1	2836.64451908811	1.09734858999056	0.0536756634595986	20.4440619689131	6.78501496561917e-93	2.36241884712013e-92	EMILIN1
EMILIN2	1074.60204465136	1.24475997644324	0.0656175359498401	18.9699286695978	3.02316522931453e-80	9.43808485828838e-80	EMILIN2
EMILIN3	247.887952571694	2.294770295618	0.0804026800421117	28.5409677191867	3.63626381222891e-179	2.38456775533452e-178	EMILIN3
EML1	1699.79029311214	0.467351911951194	0.0349138512428329	13.3858596320603	7.31461484579565e-41	1.55015754460993e-40	EML1
EML2	1779.55470932805	-0.166980931995533	0.0581829432484394	-2.86992927261396	0.00410563622021975	0.00479688178102003	EML2
EML3	3016.06691804703	-0.25817377070918	0.0446833719215891	-5.77784888665578	7.56617148745732e-09	1.02543783274898e-08	EML3
EML4	2519.33967263872	-1.1376932337678	0.057381160019739	-19.8269472659047	1.74302647709146e-87	5.79967090834075e-87	EML4
EML5	16.82367036422	-1.48335788001026	0.0739544652488293	-20.0577189628688	1.72832458121508e-89	5.84913908374744e-89	EML5
EML6	359.930603548479	-2.99152156690814	0.0631009951871894	-47.4084688844253	0	0	EML6
EMP1	13232.1460791617	-0.567298753615025	0.0611278148703546	-9.28053382602018	1.68631549221497e-20	2.78847741827685e-20	EMP1
EMP2	5604.98407579557	0.030518745055319	0.0579526402787331	0.526615265646809	0.598460788787026	0.617110194131596	EMP2
EMP3	1242.73564631339	0.86418954541822	0.053619033970734	16.1172158731899	1.93115642182271e-58	4.92041709118621e-58	EMP3
EMX2	384.579852616294	-4.96777689148885	0.0683019503423759	-72.7325774240261	0	0	EMX2
EN1	583.849512418583	-9.3403674374924	0.0958724459314696	-97.4249415120688	0	0	EN1
ENAH	5210.24293560631	-0.0587088761310889	0.0340882809247017	-1.72225980713935	0.0850224651222275	0.0936480079951794	ENAH
ENAM	150.063957142492	1.27037147851687	0.154536878153107	8.2205069346506	2.02644768805545e-16	3.15254384518937e-16	ENAM
ENC1	918.252672682863	0.562521796827956	0.0517538053119996	10.8691871725523	1.61634401183775e-27	2.94134740771244e-27	ENC1
ENDOD1	4377.03820298269	-1.13252397192942	0.0346368117929131	-32.6971194317931	1.71616245735331e-234	1.56497671706267e-233	ENDOD1
ENDOG	723.706833435042	-0.249512094030713	0.076962983959463	-3.24197531325101	0.0011870430450722	0.00141565932518515	ENDOG
ENDOU	492.414483286543	-3.53158548276924	0.104684575368441	-33.7354903560502	1.74510524007564e-249	1.72792296075917e-248	ENDOU
ENDOV	884.161257752061	-0.703091207852781	0.0218082250795984	-32.2397263090669	4.901172143117e-228	4.301608958959e-227	ENDOV
ENG	12670.1656005758	2.08346252662256	0.0489955123481562	42.5235379072624	0	0	ENG
ENGASE	4479.59706073056	-0.240906584681452	0.0314271851768632	-7.66554762463448	1.78069774944074e-14	2.68147399930422e-14	ENGASE
ENKD1	779.744863036839	0.222845983973507	0.0285464012373548	7.80644754904861	5.88224334508753e-15	8.92350096535654e-15	ENKD1
ENKUR	4.0667201421742	0.246522547680973	0.0811095763239003	3.03937659218583	0.00237068306430688	0.00279430761135333	ENKUR
ENO1	22913.2021947281	-0.672945280640124	0.0394648051719712	-17.0517826632542	3.39033520983143e-65	9.22033904096926e-65	ENO1
ENO2	1506.17457334036	0.664324856416941	0.0491867761374226	13.5061678887205	1.43814874797897e-41	3.07350298140441e-41	ENO2
ENO3	93910.2366300186	-2.09452159674055	0.149568696637698	-14.003743054699	1.47872825106186e-44	3.2696950309992e-44	ENO3
ENO4	6.50504868351958	-0.666334733462964	0.0925600274173638	-7.19894701908832	6.0679320924067e-13	8.91227526072233e-13	ENO4
ENOPH1	1055.15382044335	-0.203346917791973	0.0192428503200592	-10.5674011079325	4.22027912393587e-26	7.54112016179965e-26	ENOPH1
ENOSF1	1959.13971383384	0.18961772805195	0.0357821367761864	5.29922875310632	1.16292860546125e-07	1.53609317778897e-07	ENOSF1
ENOX1	233.2870824665	1.02655249613082	0.0589180585708825	17.4233931163194	5.48271275391012e-68	1.53514251490334e-67	ENOX1
ENOX2	676.688262517871	0.430441834288002	0.0184766411695416	23.2965413106348	4.80598612417665e-120	2.07763103317252e-119	ENOX2
ENPEP	730.301743273742	0.908479032912786	0.0633101584512396	14.3496565975661	1.07066060720403e-46	2.42640835833812e-46	ENPEP
ENPP1	824.716473651062	-0.825102693048426	0.0587408875168937	-14.0464798529156	8.09593611290867e-45	1.79432339286468e-44	ENPP1
ENPP2	2656.54944909282	-2.67753325990018	0.0766448249354689	-34.9342993757834	2.24230683605545e-267	2.45074470891525e-266	ENPP2
ENPP3	48.1370931135343	-1.56182204907667	0.0706010091295714	-22.1218091402959	1.94951733260274e-108	7.7077227112194e-108	ENPP3
ENPP4	1734.64931772668	0.0994180741774444	0.0623977721508274	1.5932952531884	0.111093971066316	0.121494688527628	ENPP4
ENPP5	492.642221062958	-1.19628216676832	0.0717663646654761	-16.6691203092778	2.19805620361798e-62	5.83415065192086e-62	ENPP5
ENPP6	22.741092618732	-0.292014581576013	0.0740229333543775	-3.94492042321562	7.98264835405079e-05	9.86514163265607e-05	ENPP6
ENSA	11184.5605450471	-0.466138291126263	0.0251299287132376	-18.5491290662005	8.28840748981812e-77	2.51220109823566e-76	ENSA
ENTHD1	3.74232726456453	-2.50825307736309	0.134179556341861	-18.6932580919599	5.61753175163098e-78	1.71857901191552e-77	ENTHD1
ENTPD1	1094.1290866422	0.0164434080044408	0.031206880830587	0.526916102051573	0.598251851485759	0.616965429882277	ENTPD1
ENTPD1-AS1	101.019679680692	-0.440619704315361	0.025556823776919	-17.2407850115277	1.31242514853093e-66	3.61680420984466e-66	ENTPD1-AS1
ENTPD2	386.42416104216	-0.254736913969776	0.082546117306873	-3.08599510529086	0.00202872161752775	0.00239704744582324	ENTPD2
ENTPD3	172.158282759202	-1.97537381297773	0.0608526406616489	-32.4615956103064	3.71643874192994e-231	3.32008008900649e-230	ENTPD3
ENTPD4	3189.46917810267	0.361603232740157	0.0208295054931525	17.3601448608096	1.65305813155838e-67	4.60630022077126e-67	ENTPD4
ENTPD5	1128.40952712171	-0.624252799578539	0.0222079368061111	-28.1094459619841	7.50951881360974e-174	4.75479592556415e-173	ENTPD5
ENTPD6	4206.06654636485	1.36859343076873	0.0230352877475674	59.4129079595829	0	0	ENTPD6
ENTPD7	403.890192837838	-0.111691662213539	0.0404789386999885	-2.75925372059152	0.00579335361227101	0.00672813924996713	ENTPD7
ENTPD8	13.6586371596563	-2.19923779574779	0.113637201463347	-19.3531499141778	1.91756864608537e-83	6.17056725030083e-83	ENTPD8
ENY2	2368.54224979774	-0.18491361427914	0.0301923976602398	-6.12450910192706	9.09636142383467e-10	1.25753476684162e-09	ENY2
EOGT	1808.33937735017	0.0591159046627345	0.0336688182964103	1.755805747095	0.0791215827510466	0.0873194538104096	EOGT
EOMES	18.2060525527547	0.445765139660522	0.0842388902534596	5.29167868094292	1.21198696558796e-07	1.60018903972047e-07	EOMES
EP300	6143.52795565449	-0.688293855177697	0.0195816085292361	-35.1500161056763	1.16175851965397e-270	1.29491115246385e-269	EP300
EP400	4086.43191636405	-0.581593829808835	0.0146726890131686	-39.6378488828366	0	0	EP400
EPAS1	21846.2917112526	0.792341183634578	0.0521631132957847	15.1896835440343	4.1391306067395e-52	9.91965864825458e-52	EPAS1
EPB41	2497.58398404883	-0.796121582701674	0.0279373217514913	-28.496703792273	1.28695067100115e-178	8.40580516280544e-178	EPB41
EPB41L1	1928.83207234991	0.461743667581366	0.0416535712032666	11.085332043394	1.47801024032161e-28	2.73074641650716e-28	EPB41L1
EPB41L2	4388.26823086265	0.903172363015095	0.0463179532190608	19.4994014252646	1.11074590928906e-84	3.60261929965989e-84	EPB41L2
EPB41L3	1633.49647585779	-1.1136470059968	0.044884379118966	-24.8114606430242	6.74342624649954e-136	3.24394483867553e-135	EPB41L3
EPB41L4A	366.941443524806	0.512464523130084	0.0436730024299103	11.7341262248348	8.52016572339664e-32	1.63491635419319e-31	EPB41L4A
EPB41L4B	1780.27345949354	-0.830562654583971	0.0604632415310487	-13.7366544292447	6.12409708572662e-43	1.32931233136579e-42	EPB41L4B
EPB41L5	1587.47343893004	-0.510245754977237	0.0219500742054078	-23.2457416864463	1.5708507587843e-119	6.7599532653302e-119	EPB41L5
EPB42	19.4536380508426	-0.340896590938525	0.13493877640212	-2.52630563302758	0.0115269152247952	0.0132281015530753	EPB42
EPC1	1950.30947819982	-0.718972997947408	0.0187953961896598	-38.2526120062821	0	0	EPC1
EPC2	1543.79863454554	-0.446803613189114	0.0190162869308626	-23.4958388466453	4.49849015290882e-122	1.97121035157039e-121	EPC2
EPCAM	353.599630074118	-3.5801519827928	0.1203827200062	-29.7397498794546	2.35312268145074e-194	1.7025145252731e-193	EPCAM
EPDR1	2447.56939331215	-0.0629211414710071	0.0832321272197914	-0.755971805272392	0.449666100313829	0.470278844512504	EPDR1
EPG5	2955.18772543391	-0.225864723911677	0.0200100829050854	-11.2875456330206	1.51199923572714e-29	2.82368484721696e-29	EPG5
EPGN	72.6463933939588	-3.57085028085634	0.14308079711632	-24.9568799784736	1.79802453729496e-137	8.75473078059144e-137	EPGN
EPHA1	1014.35423803588	-3.90520039783632	0.105020844311968	-37.1850028765318	1.19250940345494e-302	1.56005536130759e-301	EPHA1
EPHA10	35.1707353567447	-1.55092929848953	0.100348357870472	-15.4554526990012	6.9322838062277e-54	1.68746505471136e-53	EPHA10
EPHA2	2620.18837596959	-0.190910225908908	0.0612441615630818	-3.11719878330394	0.00182578417633888	0.00216132507212494	EPHA2
EPHA3	358.480161271105	1.74417036099334	0.0617170556524293	28.2607513037555	1.05005825798966e-175	6.7291202214567e-175	EPHA3
EPHA4	1425.6365812354	-0.31417203428112	0.0526330008664294	-5.96910738717744	2.3855506783197e-09	3.26781049847295e-09	EPHA4
EPHA5	12.7162143415155	0.582090499380343	0.0931100587773729	6.25163926458394	4.0616668706155e-10	5.65373224079413e-10	EPHA5
EPHA6	15.8403945073405	0.847472455315255	0.0933486368248766	9.07857344403567	1.10007159429565e-19	1.79809214282358e-19	EPHA6
EPHA7	103.700316847616	2.51604988016432	0.0608558805884393	41.3444001768711	0	0	EPHA7
EPHB1	511.669082530455	-3.88084913104327	0.059834382977732	-64.8598504389619	0	0	EPHB1
EPHB2	142.841872449664	-0.0127405476497962	0.0737165621952582	-0.17283154925279	0.862783837483543	0.871156150916607	EPHB2
EPHB3	2865.22880407067	-3.70746033085193	0.113524490866608	-32.6578018764975	6.20955660355241e-234	5.64821770695033e-233	EPHB3
EPHB4	3573.09620679507	0.183029734802371	0.0595950402907451	3.07122428157491	0.0021318295199442	0.00251738803388321	EPHB4
EPHB6	5365.84476172534	-3.86345227577154	0.100040140282444	-38.6190209736195	0	0	EPHB6
EPHX1	6511.52182570498	-0.405589193785752	0.0396783042131292	-10.2219387100608	1.5814584631128e-24	2.77032247902818e-24	EPHX1
EPHX2	1708.52526045494	0.07569602663615	0.0473320032942073	1.59925676852587	0.109763561168767	0.120076199610998	EPHX2
EPHX3	1495.81813469192	-5.71787907022588	0.145547086900726	-39.2854243391756	0	0	EPHX3
EPHX4	19.2233452839856	-1.01816395923774	0.0797838143418165	-12.7615352516945	2.68849529958272e-37	5.47461582441048e-37	EPHX4
EPM2A	2488.63769558326	-0.604737453609132	0.0859400746624377	-7.03673409622308	1.9679789374651e-12	2.86452566130098e-12	EPM2A
EPM2AIP1	2853.5347140321	0.480081188080795	0.0221902425524732	21.6347877651877	8.45374691888767e-104	3.22201774903445e-103	EPM2AIP1
EPN1	10581.5750867939	0.519434789205855	0.0331086851648359	15.6887773289631	1.80498770754538e-55	4.4600663999347e-55	EPN1
EPN2	1696.43365138254	0.0220340011414299	0.0387350137463256	0.568839378391084	0.569465148369763	0.589066896667285	EPN2
EPN3	1146.54422942097	-0.44232485970275	0.126429578658155	-3.4985868370148	0.000467730752787129	0.000565151112962888	EPN3
EPO	9.39893613388984	-1.37471540154107	0.101764510694634	-13.5087899716454	1.38783768830621e-41	2.96739116607674e-41	EPO
EPOR	625.389953935187	1.46329100859774	0.0495849057839145	29.5108155488809	2.09162741194941e-191	1.4835061088456e-190	EPOR
EPPK1	1203.180939318	-6.22874335599072	0.132623711138021	-46.9655335576342	0	0	EPPK1
EPS15	4997.79776288192	-0.523294418661847	0.0226636843512263	-23.0895564265804	5.89552867559315e-118	2.51124968502964e-117	EPS15
EPS15L1	4907.23448894622	-0.186667403000846	0.049473155246111	-3.77310487015116	0.00016122847692291	0.000197433592727164	EPS15L1
EPS8	4123.4617530841	-0.210442432436928	0.0427253224416666	-4.92547324187542	8.41564270392364e-07	1.09315907283396e-06	EPS8
EPS8L1	4220.68193876159	-5.51495990009817	0.125970202102372	-43.7798765744326	0	0	EPS8L1
EPS8L2	3833.31857814541	-3.7721727948387	0.100642350531542	-37.4809687464172	1.88095426610901e-307	2.52302963816903e-306	EPS8L2
EPS8L3	5.48865790929702	2.05130357455042	0.0999343511479979	20.5265111644397	1.24821590112778e-93	4.37227757077275e-93	EPS8L3
EPSTI1	276.558474621393	0.818710654731485	0.0628908680240283	13.0179576217438	9.67234676171443e-39	1.99944779579262e-38	EPSTI1
EPX	12.182159306426	-0.81664260931758	0.0738708435943013	-11.0550058667609	2.07323277412939e-28	3.82027466138839e-28	EPX
EPYC	1.32905487499371	0.501630085277423	0.175676396825119	2.85542107160123	0.00429798043124124	0.00501835284055092	EPYC
EQTN	5.1698440158576	-2.31012498659626	0.102521972728889	-22.532974396671	1.9725592083108e-112	8.07367856043716e-112	EQTN
ERAL1	2314.27218426121	0.0846300688760122	0.0270982993073161	3.12307676272376	0.00178971063365048	0.00211909367337645	ERAL1
ERAP1	2500.41253544368	-0.393848187900465	0.0253093234885972	-15.5613874103711	1.33180365408648e-54	3.26529522980261e-54	ERAP1
ERAP2	848.837663514423	0.378408903694053	0.0631392063037141	5.99324771163291	2.05691166980619e-09	2.82192416494027e-09	ERAP2
ERBB2	7642.64834805622	-0.274861765653458	0.0583193141666456	-4.71304866288463	2.44037888305211e-06	3.13511706207687e-06	ERBB2
ERBB3	4347.53815195197	-3.57588280827688	0.102068709934775	-35.0340746989158	6.81597703980573e-269	7.52726396892902e-268	ERBB3
ERBB4	406.349276296028	0.445755783467732	0.0765431617268223	5.82358728606752	5.75977102686626e-09	7.82680140821465e-09	ERBB4
ERC1	3101.64411431118	0.242008911309783	0.0199329967321498	12.1411203022699	6.39444779369366e-34	1.25744433836879e-33	ERC1
ERC2	15.4041969721845	1.46361927129197	0.0858041762353499	17.0576693991846	3.06543442321806e-65	8.33926024669008e-65	ERC2
ERCC1	3178.85658005946	0.593976493947879	0.0218390735191881	27.1978796823045	6.88099226194647e-163	4.02158252296423e-162	ERCC1
ERCC2	1006.32713801093	-0.142387639357212	0.0212765742087137	-6.69222582359607	2.19801315180959e-11	3.13521669934424e-11	ERCC2
ERCC3	2958.72663904147	-0.334027077251667	0.0124948661444201	-26.7331457088747	1.93911152307875e-157	1.08876938636745e-156	ERCC3
ERCC4	506.637987840143	-0.161325730355815	0.0323217980961317	-4.99123625102784	5.99940628303985e-07	7.81272607256025e-07	ERCC4
ERCC5	3264.24234707394	-0.520647453341314	0.0187127723039843	-27.8231063192308	2.27936605320235e-170	1.40757695793124e-169	ERCC5
ERCC6	1140.99247562118	-0.357314811376455	0.0255590584172665	-13.9799677101982	2.06581724087293e-44	4.55832019526277e-44	ERCC6
ERCC6L	22.2500877799734	-0.590705063930669	0.0530813772704864	-11.1282919604858	9.13694912588621e-29	1.69125163203165e-28	ERCC6L
ERCC6L2	1191.35239196574	-0.0385394706883359	0.0129049592723998	-2.98640777354185	0.00282275967668548	0.00331825879579542	ERCC6L2
ERCC8	331.531594182745	0.194437089962818	0.0188925726459097	10.2917211756714	7.67912620121976e-25	1.35031699470701e-24	ERCC8
EREG	514.791544661855	-2.97890764843749	0.140839131542572	-21.1511361637234	2.69375409330768e-99	9.90608119175311e-99	EREG
ERF	2219.50881288499	0.721856001842223	0.0460756091796794	15.6667706557547	2.55221579384728e-55	6.29434669201876e-55	ERF
ERG	1618.45030466589	0.547917301350406	0.0525593268121969	10.4247397100082	1.91182079672351e-25	3.39127770613125e-25	ERG
ERGIC1	6698.80471253007	-0.141062904253553	0.0224855244063359	-6.2734985275151	3.53024268026382e-10	4.92123429779517e-10	ERGIC1
ERGIC2	1129.95898684007	0.557809026433209	0.0232932632779438	23.9472254178054	9.87616372564869e-127	4.47134867267108e-126	ERGIC2
ERGIC3	5918.55050175131	-0.30224014618412	0.0202769043321901	-14.9056355562277	3.02916475156069e-50	7.11667902542992e-50	ERGIC3
ERH	1847.71675287925	0.222018659162091	0.0170006452507156	13.0594254446163	5.61499559590344e-39	1.16392832475654e-38	ERH
ERI1	468.794086717392	-0.125675883706688	0.0255347830005892	-4.92175256409223	8.57726167698038e-07	1.11367056727729e-06	ERI1
ERI2	355.696295550069	-0.0373545942619442	0.028855655918394	-1.29453284193525	0.195481432779094	0.210407873203568	ERI2
ERI3	2846.45812522649	-0.0992375033020331	0.0290852152468827	-3.41195698431935	0.00064498290388821	0.000775366452042985	ERI3
ERICH1	1068.44647704725	-0.377907404608475	0.0213710907249315	-17.6831126437365	5.65842632415977e-70	1.61524472345702e-69	ERICH1
ERICH2	21.000052343578	0.574193133731694	0.0539638029615248	10.6403385643722	1.93425222478752e-26	3.47212547850021e-26	ERICH2
ERLEC1	2425.90190038275	0.217114219459598	0.0179286460760446	12.1099060430277	9.3601318290629e-34	1.83702282004973e-33	ERLEC1
ERLIN1	1550.68119392105	-0.41631425368126	0.0347925922742505	-11.9656003323836	5.38070111819876e-33	1.04666091234813e-32	ERLIN1
ERLIN2	2027.97466275285	-0.211022578802637	0.0180001364548931	-11.7233877271677	9.67250901347317e-32	1.85485069512656e-31	ERLIN2
ERMAP	547.206233483859	-0.637633441848541	0.0363899144557651	-17.5222572348621	9.69032470524515e-69	2.7345279043599e-68	ERMAP
ERMARD	1012.5255434223	-0.79874887028626	0.0172172398956112	-46.3923878118158	0	0	ERMARD
ERMN	33.895321593204	-0.581912496856221	0.067797671883489	-8.58307491526027	9.23701572248275e-18	1.46640373948683e-17	ERMN
ERMP1	1634.02733166085	0.114903516725538	0.0321802437852195	3.57062294159231	0.000356133249651081	0.000431642514608747	ERMP1
ERN1	1898.22281934379	-0.762249153771598	0.0317474477225416	-24.0097774294587	2.19816071746627e-127	9.99724382898189e-127	ERN1
ERN2	16.938104523636	-2.75834199640538	0.131565781523636	-20.9654969891227	1.35498493286719e-97	4.91260499024016e-97	ERN2
ERP27	68.6070405239133	-0.933312845520379	0.0749589514378435	-12.4509858745061	1.38128308768931e-35	2.76302665423883e-35	ERP27
ERP29	3555.2627256248	-0.198366415475876	0.0404460427900502	-4.90447029652736	9.3679795644677e-07	1.21519781033352e-06	ERP29
ERP29P1	3.09062228588036	1.02416196852538	0.0712796053573749	14.3682328681611	8.18942629623722e-47	1.85828643336148e-46	ERP29P1
ERP44	2380.88426177212	0.133165440864416	0.0155141259385465	8.58349618869291	9.20323560960798e-18	1.4611699083485e-17	ERP44
ERRFI1	14253.2327142961	-2.88595032699291	0.0668493300616618	-43.1709685696313	0	0	ERRFI1
ERV3-1	760.447903150357	-0.717531939571187	0.0537088316302598	-13.3596639098536	1.04032795805116e-40	2.19954704872903e-40	ERV3-1
ERVFRD-1	18.5611406187578	-1.05318895746888	0.082475540169776	-12.769712757272	2.42046035251789e-37	4.93216060738901e-37	ERVFRD-1
ERVH48-1	14.1645340889586	-0.422398262054073	0.055809907018392	-7.56851757367867	3.77507259801052e-14	5.66009343967912e-14	ERVH48-1
ERVK13-1	1066.96339684886	0.263618380417985	0.0334459594027882	7.88192012204645	3.22388102001649e-15	4.91139829395031e-15	ERVK13-1
ERVMER34-1	50.7917850836099	3.31939863936057	0.0987316330257613	33.6204166550599	8.44088711688612e-248	8.27133418568682e-247	ERVMER34-1
ERVV-1	4.21320039666316	1.87496388662626	0.170055286383182	11.025613648972	2.87550576539735e-28	5.2877698726037e-28	ERVV-1
ERVW-1	36.7175964427764	-0.881519876169957	0.0551950111860649	-15.9710063867605	2.034761724927e-57	5.12993638801275e-57	ERVW-1
ESAM	4017.58082106129	1.24666966892898	0.0516684239873039	24.1282696997941	1.26276863679594e-128	5.7898874760478e-128	ESAM
ESCO1	981.633960459957	-0.721792073828785	0.0260393792403311	-27.719250415572	4.09285659049229e-169	2.49409314439579e-168	ESCO1
ESCO2	17.1135325509258	-0.321805410842859	0.0981115638662492	-3.2799947137889	0.00103809031694448	0.0012405672040973	ESCO2
ESD	4456.28124838249	0.0816422794699383	0.0207763818997064	3.92957156178824	8.50973489734057e-05	0.000105078706192226	ESD
ESF1	1053.68281683607	-0.428516451793735	0.022893517377076	-18.7178075232258	3.54442932378151e-78	1.08582832296445e-77	ESF1
ESM1	22.0675652418973	1.12693643386051	0.101935555102974	11.0553813409079	2.06457572866238e-28	3.8047120896449e-28	ESM1
ESPL1	255.824621125901	-2.32844106971768	0.101438036713839	-22.9543191602407	1.3341578826176e-116	5.6309908663539e-116	ESPL1
ESPN	1076.34872191869	-5.48038824323072	0.132463001482555	-41.3729734483819	0	0	ESPN
ESPNL	50.326936026242	0.103600384265793	0.0731118194024767	1.41701280466676	0.156479183809238	0.169593701472099	ESPNL
ESPNP	8.98986595139107	-1.51333387611725	0.11582788483958	-13.0653674476849	5.1933257548427e-39	1.0770167847111e-38	ESPNP
ESR1	919.312994520055	-1.80350901194364	0.0857833078559258	-21.0240087147567	3.95571647968066e-98	1.44201807109622e-97	ESR1
ESR2	195.128176753468	-0.380746981945623	0.0491240607589522	-7.75072288534773	9.13708889801889e-15	1.3819251995735e-14	ESR2
ESRP1	2319.6192924881	-7.08779947068948	0.151238669554098	-46.8649948560553	0	0	ESRP1
ESRP2	1637.06508030456	-5.94907832295002	0.118495374937407	-50.2051521090382	0	0	ESRP2
ESRRA	6800.55025123125	0.638368266664119	0.0628962125380373	10.149550201899	3.32894150512058e-24	5.80717860584122e-24	ESRRA
ESRRB	344.681527323326	1.07150883292289	0.108732953805427	9.85449944494576	6.55424572179495e-23	1.12204448157899e-22	ESRRB
ESRRG	598.808933933545	1.6200515918319	0.0869638071712051	18.6290325197299	1.86871720483588e-77	5.68991515633469e-77	ESRRG
ESYT1	6707.65205070749	-0.76250936711626	0.0408513081763493	-18.6654822368139	9.4518116681279e-78	2.88523082648754e-77	ESYT1
ESYT2	7991.25332643466	-0.117194604389379	0.0236908096619981	-4.94683829136358	7.54285865570384e-07	9.80495368727072e-07	ESYT2
ESYT3	809.540118259375	-2.89865474538578	0.0922332747478838	-31.4274295617189	8.54049026234114e-217	7.07814756963181e-216	ESYT3
ETAA1	624.546647567779	-0.134299628721539	0.0264962757902218	-5.06862284287895	4.00704335064584e-07	5.23635479890932e-07	ETAA1
ETF1	7951.18848551567	-0.568603952778692	0.0277053497240383	-20.5232548385898	1.33470309709221e-93	4.67249911527748e-93	ETF1
ETF1P1	2.56250551891433	-0.534422393774683	0.0915817724894923	-5.83546681012316	5.3640173972586e-09	7.29563106672098e-09	ETF1P1
ETF1P2	10.989863596893	-1.65213585806711	0.07614641525803	-21.6968304084792	2.19801383831846e-104	8.40230348345095e-104	ETF1P2
ETFA	8738.63388084369	0.714046399017605	0.0544702485261857	13.1089249331098	2.92718327891089e-39	6.08314779539078e-39	ETFA
ETFB	3681.09839015964	1.27865160828918	0.0459800581268881	27.80882974877	3.39236024888569e-170	2.09201359507336e-169	ETFB
ETFDH	4626.3725338626	1.2141610764514	0.0551841788684511	22.0019777651441	2.75691769328056e-107	1.07861933050953e-106	ETFDH
ETHE1	595.282225993777	-0.339469573591859	0.0255292658030994	-13.2972713046313	2.40070803938228e-40	5.05203944551326e-40	ETHE1
ETNK1	1976.8663038132	-0.4310334702032	0.0268614672458595	-16.046534847036	6.04459322256774e-58	1.53273309761152e-57	ETNK1
ETNK2	635.375164856884	-1.51603821372622	0.0793352914500669	-19.1092537257571	2.11471382803852e-81	6.68427807173336e-81	ETNK2
ETS1	5134.6210934536	0.37514997002327	0.0527345388669199	7.11393288125631	1.12782014317754e-12	1.64895146177216e-12	ETS1
ETS2	16428.5001509972	-1.2486540927075	0.0508868982866987	-24.5378306548089	5.83333780675874e-133	2.74956569414674e-132	ETS2
ETV1	623.086264715758	3.22352974434049	0.0601448714559196	53.5960866871754	0	0	ETV1
ETV2	40.9279591713575	-1.09501123038619	0.0797023467789724	-13.7387576983503	5.94877738801699e-43	1.29141270817286e-42	ETV2
ETV3	2542.77837635875	-1.28333196031362	0.0520570438307218	-24.6524171538963	3.46690292783701e-134	1.64881689838822e-133	ETV3
ETV4	233.405997280249	-0.494681495851643	0.0922496857349877	-5.36241930701803	8.2114654092209e-08	1.08791189248094e-07	ETV4
ETV5	1131.71264724369	-0.948929206433665	0.0452583142159905	-20.9669587317151	1.31399708428025e-97	4.76592011165199e-97	ETV5
ETV6	3138.59489495922	-1.25431164446095	0.0551181371763109	-22.7567858552381	1.2293344068391e-114	5.11540653201818e-114	ETV6
ETV7	225.014696015603	-3.37915730111179	0.11545457241304	-29.2682847503242	2.62817987744294e-188	1.82452240547051e-187	ETV7
EVA1A	101.217735097435	0.0405454231991959	0.0778782832600317	0.520625539007026	0.602627654703587	0.621193403900777	EVA1A
EVA1C	1692.06717539728	-0.00969200975714819	0.046391443871312	-0.208918044974703	0.83451221713242	0.844599933689458	EVA1C
EVC	877.572226710797	-0.322769403443325	0.0535864378107077	-6.02334128988937	1.70852641194034e-09	2.3486203849819e-09	EVC
EVC2	437.427233371607	-0.784772599517648	0.0479486682723142	-16.3669321337706	3.2940528489916e-60	8.54412756984119e-60	EVC2
EVI2A	70.6301125279029	0.124180707402612	0.0631746612921655	1.96567270583866	0.0493364296148753	0.0549842167841363	EVI2A
EVI2B	190.200456895883	0.183650349357245	0.0564416232496987	3.25381055298096	0.00113868189040392	0.00135897452159125	EVI2B
EVI5	914.164688845941	0.313184686146802	0.022099573820407	14.1715260525795	1.37480099356905e-45	3.07617062588397e-45	EVI5
EVI5L	1982.51362030355	0.212112466809183	0.0311497606202987	6.80944131143532	9.79784923993166e-12	1.40770280284149e-11	EVI5L
EVL	2979.1173612894	0.0888717634679618	0.0332808185091146	2.67035990847468	0.00757699821469571	0.00876396227351651	EVL
EVPL	10264.2187859598	-7.98948019466141	0.141026457937967	-56.652349576671	0	0	EVPL
EWSR1	10199.3256977214	-0.0732410433458974	0.0155524598124581	-4.70928999200684	2.48581189021084e-06	3.19257276224924e-06	EWSR1
EXD1	1.60233038541312	-1.18657549759055	0.140845671391111	-8.42465008594819	3.61829928413443e-17	5.69294689395192e-17	EXD1
EXD2	1271.42252372125	-0.100727033522066	0.0204853374028286	-4.91703072989941	8.78667629124222e-07	1.1405318713488e-06	EXD2
EXD3	1312.36114866573	-0.00664226200741599	0.0271980038679622	-0.244218731626854	0.807061420476849	0.818197377224812	EXD3
EXO1	27.7175674308329	-1.4206636921223	0.0995117302506629	-14.2763439902386	3.07305598346861e-46	6.93122174645012e-46	EXO1
EXO5	134.132119945117	-0.04799866618339	0.0259408539481384	-1.85031172371388	0.0642686338838573	0.0711894454829435	EXO5
EXOC1	1700.23716924774	-0.0755554424710583	0.0187396107668058	-4.03185762027099	5.53377103178218e-05	6.8713121572126e-05	EXOC1
EXOC2	1590.52080138124	-0.366866227564508	0.0161609560434014	-22.7007750395002	4.40167560597969e-114	1.82274126025398e-113	EXOC2
EXOC3	5489.39651633567	-0.765544764233531	0.025211737854285	-30.3646170152217	1.61132128005916e-202	1.22800145479869e-201	EXOC3
EXOC3L1	273.297454854326	1.54685304301859	0.0526366756586943	29.3873620182374	7.96561230194838e-190	5.57716791316113e-189	EXOC3L1
EXOC3L2	172.424304305496	0.0175752499975056	0.063343589927911	0.277459013887708	0.781427672978839	0.793416410473918	EXOC3L2
EXOC3L4	34.827936676944	1.01030412163452	0.0673425127894591	15.0024713926722	7.07356658582672e-51	1.67299004219507e-50	EXOC3L4
EXOC4	3881.07844862993	-1.00975821152889	0.0280483416672016	-36.0006385942473	8.17498342258595e-284	9.78443328390756e-283	EXOC4
EXOC5	2407.51585444309	-0.0521021875308041	0.0222614002217653	-2.34047216310603	0.0192593740855996	0.0218993110299336	EXOC5
EXOC5P1	1.77320568758348	0.569192193253778	0.104872057594125	5.42749142442368	5.71516119292299e-08	7.59980916257713e-08	EXOC5P1
EXOC6	1201.92019357697	-0.880559291363921	0.0533664583696553	-16.5002385068262	3.65446327732688e-61	9.58391513041392e-61	EXOC6
EXOC6B	3860.04827195546	1.06119040976198	0.0417895220435348	25.3936957847106	2.96048556608072e-142	1.48901091575912e-141	EXOC6B
EXOC7	4185.10557235433	0.0709245223178311	0.0140590752256574	5.04475018302739	4.5411429162342e-07	5.92957446939879e-07	EXOC7
EXOC8	1322.99737680372	-0.97972439419313	0.0435246929762301	-22.5096221753518	3.34105617920569e-112	1.36470052829321e-111	EXOC8
EXOG	599.530158497156	2.45085074623997	0.0332079814831623	73.8030629016895	0	0	EXOG
EXOSC1	718.908475209828	-0.0867462657348018	0.0169579461538664	-5.11537570338514	3.13117083681561e-07	4.10219841583099e-07	EXOSC1
EXOSC10	2880.01956742795	-0.643983130357763	0.0127863474481565	-50.3649015458756	0	0	EXOSC10
EXOSC2	1358.96911730568	-0.318649487940625	0.0158920978201993	-20.0508134008346	1.98571910995116e-89	6.71266285412784e-89	EXOSC2
EXOSC3	483.896759133981	-0.280369591642733	0.0165386727389418	-16.9523634736769	1.84870195516831e-64	4.99227181142885e-64	EXOSC3
EXOSC3P1	4.55916532566762	0.288471240351065	0.0749545964153669	3.84861308241163	0.000118788458889765	0.000145919956904234	EXOSC3P1
EXOSC4	427.189593255135	0.25853546809671	0.0250829197609722	10.3072317959961	6.53567527539121e-25	1.15093612436233e-24	EXOSC4
EXOSC5	920.607350664546	-0.755021621842839	0.0366943113105411	-20.5759856194916	4.50479518924202e-94	1.58504335812247e-93	EXOSC5
EXOSC6	1727.93579406023	-0.306930833259436	0.0220284112659027	-13.9334076141264	3.9695520883001e-44	8.73544097084232e-44	EXOSC6
EXOSC7	1707.07170658339	-0.465099554406109	0.0331280686477608	-14.0394406734468	8.94155436041866e-45	1.98100824666949e-44	EXOSC7
EXOSC8	1335.05261729063	-0.137940386023642	0.01579056598876	-8.73562012418243	2.4232304021523e-18	3.88152433432493e-18	EXOSC8
EXOSC9	1076.00258191696	-0.122422936862758	0.0155011756732208	-7.89765495492387	2.84199583247032e-15	4.33548872714392e-15	EXOSC9
EXPH5	2390.8131696473	-5.39765882299814	0.12685750029272	-42.5489924564428	0	0	EXPH5
EXT1	1535.09210359359	0.14111144746561	0.0454424236044001	3.10527996248745	0.00190099001098116	0.00224774837018339	EXT1
EXT2	3006.0319894075	0.110605602405496	0.0238197663658141	4.64343775278316	3.42659262546906e-06	4.38831060408854e-06	EXT2
EXTL1	598.343762397026	-0.140373051428673	0.0911864976046589	-1.53940610853663	0.123705183693021	0.134934073299284	EXTL1
EXTL2	541.632307785742	0.719918907678512	0.0280427968867704	25.6721506982831	2.39280906976675e-145	1.23382858965544e-144	EXTL2
EXTL3	3093.77845348606	1.08391599584556	0.030922894977291	35.0522160567941	3.60752641115979e-269	3.99379353796355e-268	EXTL3
EYA1	241.30126680738	1.6819385958918	0.110558928115425	15.2130508549779	2.89720515729097e-52	6.94997201977543e-52	EYA1
EYA2	411.291712557851	-2.17424780473761	0.0577072629416872	-37.6771951034079	0	0	EYA2
EYA3	1514.21526701128	-0.0952805520117915	0.01957023168753	-4.86864711328399	1.12364856797364e-06	1.4549559683566e-06	EYA3
EYA4	2448.88032433545	-1.01077847937952	0.130300849953839	-7.7572669689998	8.67791304580731e-15	1.31302944219196e-14	EYA4
EYS	8.60333667539032	-0.848218326935657	0.0658979400069666	-12.8716971554192	6.49589365711349e-38	1.33286882163114e-37	EYS
EZH1	6015.98948093249	-0.144940316224916	0.0231129646640478	-6.27095304871775	3.58844821942123e-10	5.00159941136675e-10	EZH1
EZH2	663.702189013481	-1.58065908483672	0.0499078410846687	-31.6715580254239	3.82945204117799e-220	3.24090109042054e-219	EZH2
EZR	10577.7167909799	0.219674763294585	0.0579934940365207	3.78792081670829	0.000151913245117953	0.000186216569653952	EZR
F10	570.72905001178	-0.395876306092015	0.0644746955113979	-6.14002598929733	8.25079807840551e-10	1.14177902989989e-09	F10
F11	4.24811378760955	-0.321848247897909	0.134812367276403	-2.3873792471727	0.0169689762412691	0.0193377146948015	F11
F11R	3980.5046443484	-0.904226824395709	0.0612444920739651	-14.7642146056771	2.49208410011646e-49	5.8071205030675e-49	F11R
F12	79.8408052428968	-3.61883238550711	0.110583890089286	-32.7247701503829	6.94034094122345e-235	6.33534874660058e-234	F12
F13A1	2994.35714112889	-0.165977167308426	0.0687878909662444	-2.41288350285189	0.0158268773700439	0.0180579083183216	F13A1
F2	4.62415093752155	1.60179813899094	0.102090999367318	15.6899055638368	1.77319176761562e-55	4.38270287091155e-55	F2
F2R	1982.63424933906	0.410236954269282	0.0683754714430631	5.99976783503263	1.97599847021126e-09	2.71257137666994e-09	F2R
F2RL1	999.53227650418	-1.89323384574758	0.139829493695032	-13.5395887928817	9.12985534425001e-42	1.95557503631419e-41	F2RL1
F2RL2	135.219796228664	-0.288868987933725	0.120975711343406	-2.3878263225395	0.0169483490051634	0.019315430860522	F2RL2
F2RL3	841.303435348739	-0.288702670150397	0.0977223255094342	-2.95431641280912	0.00313362536643376	0.00367672990621654	F2RL3
F3	3475.37296427853	-0.746047487030213	0.0704406136963112	-10.5911554127939	3.27523933685102e-26	5.86350903059723e-26	F3
F5	369.126415182187	1.82705194266971	0.0929093180747525	19.6648945501861	4.31062689377658e-86	1.41649497471472e-85	F5
F7	21.7299301030001	-0.899451545827414	0.0893009327209172	-10.0721405524215	7.33637297078805e-24	1.27399237745664e-23	F7
F8	2756.01289696439	1.87010944569505	0.0595388156950117	31.4099201313427	1.48128890563573e-216	1.22652629210436e-215	F8
F8A1	396.693660007739	0.307641539942732	0.0374334610132945	8.21835682876005	2.06310342023584e-16	3.20901448783076e-16	F8A1
FA2H	186.431666190707	-4.02098611827812	0.125647724682226	-32.0020607491902	1.02076160157588e-224	8.82551853504682e-224	FA2H
FAAH	786.037873631209	-1.61109684177674	0.031070808239046	-51.8524278281281	0	0	FAAH
FAAH2	285.915138226325	-4.12186000931574	0.107939284106774	-38.1868384937439	0	0	FAAH2
FABP1	15.466300520233	-0.383429820866271	0.10824476183832	-3.54224827469233	0.000396731877075752	0.000480170141816756	FABP1
FABP12	0.461985149857441	-0.627549743773534	0.195052943875737	-3.21733028635205	0.00129389551534959	0.00154094695149242	FABP12
FABP3	38528.7705752635	2.81208970404901	0.129320221038441	21.7451662351637	7.67540349177341e-105	2.94783311831477e-104	FABP3
FABP4	30286.0984442269	-2.11997596704397	0.113994279002206	-18.5972136987939	3.3844776944934e-77	1.02773250638623e-76	FABP4
FABP5	3550.63754278765	0.0982388953290929	0.0726846263525174	1.35157735905029	0.176510557225156	0.190718279748501	FABP5
FABP5P10	0.412512834140553	-0.0183277299047363	0.16609367239848	-0.110345744302442	0.912135180032988	0.917296896999204	FABP5P10
FABP5P11	2.47895618277429	-0.651317699417977	0.103798781343586	-6.27481065757447	3.50060026688542e-10	4.88104611961305e-10	FABP5P11
FABP5P2	1.693472554448	0.136204370989384	0.0973824017419138	1.39865487555295	0.161916502008131	0.175328377806085	FABP5P2
FABP5P7	31.1874609730898	0.0177749120453649	0.0836014904866769	0.212614774472204	0.831627446559512	0.841774947453766	FABP5P7
FABP6	14.808547622392	3.68582755386006	0.107122897052191	34.4074670802108	1.94981750207794e-259	2.04418548951106e-258	FABP6
FABP7	530.684470674606	-7.53502642792669	0.129006633110747	-58.4080542700327	0	0	FABP7
FABP9	25.4335155766089	-3.74655564226166	0.211178490641025	-17.741180131031	2.01655005201131e-70	5.77564319590383e-70	FABP9
FADD	157.84699548391	-0.256940616904621	0.0318879392804423	-8.05761120669875	7.77998051817748e-16	1.1992415594084e-15	FADD
FADS1	1952.34623717283	0.167255964266545	0.0751084691448372	2.22685891712176	0.0259567042874166	0.0293404479672079	FADS1
FADS2	1824.4077516753	0.0335223389968818	0.0814486708694365	0.411576255806784	0.680650038124967	0.696514202506255	FADS2
FADS3	3777.60295638874	1.04228638599144	0.0585753292233591	17.7939484047456	7.87314936155385e-71	2.26578036222751e-70	FADS3
FADS6	165.188803050307	-7.00992496313487	0.20481934277611	-34.2249167882425	1.03016813613418e-256	1.06148005830289e-255	FADS6
FAF1	4431.45752981323	-0.394167401618308	0.0400054716307863	-9.85283726326515	6.66358086103855e-23	1.140653471658e-22	FAF1
FAF2	2382.38914534796	-0.492873880482477	0.0218206709932876	-22.5874759137376	5.75428021781048e-113	2.36544412424769e-112	FAF2
FAH	1655.12799361029	-0.515353260608886	0.054569595822454	-9.44396330670333	3.58939745435679e-21	5.99376099961749e-21	FAH
FAHD1	1130.87100278073	0.205945742393202	0.0346726593419565	5.93971579630157	2.85516615123464e-09	3.90338314637919e-09	FAHD1
FAHD2A	1611.86406603648	0.0668404173346359	0.0223835877714493	2.98613511011368	0.0028252778613746	0.0033207852943261	FAHD2A
FAHD2B	811.481288875324	0.514449761187459	0.0344042562925277	14.9530847815244	1.4869841313679e-50	3.50631403572878e-50	FAHD2B
FAHD2CP	317.418826215823	0.902207264694987	0.0315656006585466	28.5819767681408	1.12552050231689e-179	7.41328011789473e-179	FAHD2CP
FAIM	257.942785761735	-0.426906046192537	0.037646326708897	-11.3399123769397	8.32277518662327e-30	1.55865871966714e-29	FAIM
FAIM2	274.129996180653	3.29451070230388	0.0649924573777243	50.6906621972575	0	0	FAIM2
FAM102A	3005.02570559505	-0.830174945917695	0.0680205447456101	-12.2047676775078	2.93144021846553e-34	5.78605870313575e-34	FAM102A
FAM102B	563.797064593383	0.242744058987245	0.0537446594610332	4.5166173052644	6.28353151077623e-06	7.98911221397676e-06	FAM102B
FAM104A	694.452720588285	-0.57852498951982	0.0188613447677761	-30.6725207901511	1.32385073882705e-206	1.03521447218183e-205	FAM104A
FAM104B	507.206230213913	0.148044633445687	0.0225916195346432	6.55307749046798	5.6363249202107e-11	7.98265026661785e-11	FAM104B
FAM106A	87.5577619021654	-0.0881971762466868	0.0841825081000279	-1.04769005149964	0.294781432610147	0.31333690985623	FAM106A
FAM107A	6210.23880408837	2.05165300820143	0.0529783595529831	38.7262464431272	0	0	FAM107A
FAM107B	1254.83633542888	-0.969451060887876	0.0599874851806453	-16.1608885248062	9.51798588690515e-59	2.43198387438154e-58	FAM107B
FAM110A	1432.11885961415	-2.86963621867712	0.091140168957448	-31.4859655353164	1.35203774551095e-217	1.12623930851192e-216	FAM110A
FAM110B	1050.70915736644	1.27379391045481	0.0484668241427233	26.2817697050623	3.09911100531327e-152	1.67227509612243e-151	FAM110B
FAM110C	512.124701759617	-1.58297189188975	0.127869228421129	-12.379615576285	3.36952864834751e-35	6.71332431642541e-35	FAM110C
FAM110D	464.505279510091	0.607968656332291	0.0580809439516399	10.46760976954	1.21676540613238e-25	2.16389982965708e-25	FAM110D
FAM111A	1758.66881773968	0.184179770593772	0.0491096362893238	3.75037944709463	0.000176567177878607	0.000215834970052479	FAM111A
FAM111B	29.6724565782812	-0.483730374234568	0.104584885601916	-4.62524170151892	3.7416182344383e-06	4.78596389100574e-06	FAM111B
FAM114A1	1753.50761798958	-0.0968781019246479	0.0333576000055622	-2.90422877870392	0.00368159030181165	0.00430815231248206	FAM114A1
FAM114A2	1210.10961465802	0.177849101655614	0.0228741693586362	7.77510644724096	7.53839884631963e-15	1.14128442079562e-14	FAM114A2
FAM117A	901.093538370303	0.161734202585005	0.0513000313712185	3.15271157272127	0.0016176155076409	0.00191860688891374	FAM117A
FAM117B	625.991918827369	-1.17037527511204	0.0478874355533598	-24.4401326065565	6.40773756643359e-132	2.99910774657751e-131	FAM117B
FAM118A	2230.78154811704	-0.205336146833913	0.0493317132980637	-4.16235587832244	3.14980942763441e-05	3.93502113310064e-05	FAM118A
FAM118B	898.601770989967	0.495880977811498	0.0448362170930377	11.059830868035	1.96467642304111e-28	3.62163302567409e-28	FAM118B
FAM120A	7930.78967994291	-0.0473742994088967	0.0293201908112342	-1.61575685894735	0.106146892302769	0.116197409896749	FAM120A
FAM120AOS	2440.99214915051	0.0257146648635665	0.0136481743538546	1.88411022579763	0.0595500673230896	0.066068459900335	FAM120AOS
FAM120B	2251.51465296388	-0.412551329155174	0.0133908362719294	-30.8084813209154	2.01739388033252e-208	1.59416625284748e-207	FAM120B
FAM120C	616.42479281485	-0.526248019317751	0.0173174847744199	-30.3882478415737	7.85415860806256e-203	5.99587400779194e-202	FAM120C
FAM124A	327.014730245856	1.74215862132159	0.0491544947140558	35.4425090005739	3.78361795311381e-275	4.31069030215201e-274	FAM124A
FAM124B	176.781081905801	-0.0936926963676381	0.0574070722367445	-1.63207585262758	0.102663507960846	0.112500505679868	FAM124B
FAM126A	2507.05030520373	-0.648497871676161	0.0492722887510888	-13.1615130555881	1.46129880734302e-39	3.04842274087167e-39	FAM126A
FAM126B	1222.99369164974	-0.327598200797559	0.0271398824629949	-12.0707302710039	1.50790188208069e-33	2.95265329917704e-33	FAM126B
FAM131A	2041.3250649256	0.337673416452279	0.0351508827643022	9.60639932477618	7.51303835915947e-22	1.26678721902613e-21	FAM131A
FAM131B	151.47985950139	-0.613238783790077	0.070693842451736	-8.67457139861575	4.15110930353684e-18	6.62154351554866e-18	FAM131B
FAM133A	8.88700292348033	1.7246572463411	0.104130927097939	16.5623921192885	1.30308631812727e-61	3.43690209708557e-61	FAM133A
FAM133B	594.094147889544	-0.340657603672694	0.0177980590512114	-19.1401547040888	1.16922411701836e-81	3.7041892521027e-81	FAM133B
FAM133CP	1.61693647143502	-0.379702290274493	0.119653764749058	-3.17334177550382	0.001506950145798	0.00179041710609925	FAM133CP
FAM133DP	2.26998558604299	-0.29577979997256	0.0909196364286316	-3.25320042612286	0.00114112978109275	0.00136180570070609	FAM133DP
FAM135A	1267.05189658091	-0.905616147330088	0.0442334697674741	-20.4735498275564	3.70615740565024e-93	1.2944225739059e-92	FAM135A
FAM135B	17.6844046074752	-0.448045394744583	0.0830137922406611	-5.39724041814253	6.76736800968355e-08	8.98240610104067e-08	FAM135B
FAM136A	1065.62618677345	0.0112615201529553	0.0229054569223284	0.491652281425458	0.622965177323689	0.641019558534567	FAM136A
FAM138B	3.57049009889205	1.41583767018258	0.0981384545791725	14.4269407568504	3.50276522994238e-47	7.9804172768248e-47	FAM138B
FAM13A	2337.99963021796	-1.15652582359854	0.0437135148757301	-26.4569396189335	3.03600926328871e-154	1.66214120281205e-153	FAM13A
FAM13B	1200.11598975101	0.504056571384237	0.0309307166486984	16.2963107874013	1.04831809001268e-59	2.70703972720101e-59	FAM13B
FAM13C	556.914288187805	-1.25514010963244	0.0531331993857723	-23.6225208371047	2.2624428244558e-123	1.00064455240857e-122	FAM13C
FAM149A	349.549986004967	0.228967478473404	0.046656756445718	4.90748813068033	9.22502362942163e-07	1.19682630885203e-06	FAM149A
FAM149B1	807.709332431554	-0.152702917534787	0.0165602832742295	-9.22103293803055	2.94251769408773e-20	4.85012920165491e-20	FAM149B1
FAM151A	20.3599678458696	3.81324448489815	0.0813024631677684	46.9019551969722	0	0	FAM151A
FAM151B	33.622722607401	0.175244896795997	0.0359095533003825	4.88017479165162	1.05991858682064e-06	1.37362091298476e-06	FAM151B
FAM153A	125.126551566124	0.70679553823759	0.0801741996252871	8.81574797803987	1.18888645998026e-18	1.9135501757962e-18	FAM153A
FAM153B	81.2065272162246	-0.467582652328807	0.0997226101037237	-4.68883287192808	2.74767675548228e-06	3.52536915719434e-06	FAM153B
FAM156A	22.739247806471	0.0765933448456666	0.0361087290498025	2.12118639623195	0.0339061196151058	0.0380988800993458	FAM156A
FAM157A	50.0064932149077	-0.662861713313895	0.0713079984624311	-9.29575542164638	1.46164531079768e-20	2.41985443204902e-20	FAM157A
FAM157B	2.57933167557805	0.0478990963610782	0.0906773613476259	0.528236548232249	0.597335165314383	0.616090661251602	FAM157B
FAM157C	37.0692238479996	0.0122226258955574	0.071310597890565	0.171399851594492	0.863909371462588	0.872194761396413	FAM157C
FAM161A	185.775933252382	-0.35188335660398	0.0330265720836728	-10.6545528162137	1.6604072665894e-26	2.98323098172231e-26	FAM161A
FAM161B	416.029406505396	-0.649571541895472	0.0392607049774263	-16.5450809471953	1.73731076954233e-61	4.57546908010702e-61	FAM161B
FAM162A	3532.52152712604	0.767774012073064	0.034828097024918	22.044673055888	1.07453742742323e-107	4.21870190426294e-107	FAM162A
FAM162B	223.833263066906	0.621225686394366	0.048505019116278	12.8074516351626	1.48946211086588e-37	3.04368344394332e-37	FAM162B
FAM163A	15.4332991148924	3.51452529711366	0.117432165282309	29.9281316040172	8.47422381958852e-197	6.2390389765404e-196	FAM163A
FAM166A	9.99857223021637	-1.82176195186011	0.0974820425518298	-18.6881799372588	6.17850850575522e-78	1.88955711199626e-77	FAM166A
FAM166B	1958.01515023724	-6.39366962415215	0.122054807827533	-52.3835950254955	0	0	FAM166B
FAM167A	531.4392384987	-5.17981400948351	0.136624535210539	-37.9127658257092	0	0	FAM167A
FAM167B	169.263924862509	1.31492841505122	0.0649838078569614	20.2347085899547	4.84481600717859e-91	1.65896010928708e-90	FAM167B
FAM168A	3238.37973778608	-0.0441516240689149	0.026695259515453	-1.65391252493189	0.0981452874184904	0.107719853595527	FAM168A
FAM168B	7847.11973496257	-0.0181995530944359	0.0300908001609416	-0.604821174481737	0.545297822766625	0.565322354510402	FAM168B
FAM169A	39.5799667474584	1.40035577857141	0.0509522439405674	27.483691988224	2.75043503025321e-166	1.63942321124464e-165	FAM169A
FAM171A1	897.386480739577	0.908505626808	0.0380931438507224	23.8495838087874	1.02275928935093e-125	4.60612708721695e-125	FAM171A1
FAM171A2	52.5261279297	0.436082738546597	0.0634289609586679	6.87513608855679	6.19307085298517e-12	8.93424173942828e-12	FAM171A2
FAM171B	270.206567836632	-0.243532307333546	0.0498678378452155	-4.88355456856671	1.04190298048371e-06	1.3504677096549e-06	FAM171B
FAM172A	766.659472370807	-0.103285504537421	0.0306367873926276	-3.37129031232157	0.000748169700237689	0.000897434715398057	FAM172A
FAM174A	1277.7087304138	-0.590102107157165	0.0304248775835761	-19.3953814780741	8.44242248877574e-84	2.72253757112956e-83	FAM174A
FAM174B	1055.08310417845	-0.39319539412012	0.0422745751647406	-9.30098984053344	1.39144188515338e-20	2.30511185115461e-20	FAM174B
FAM177A1	2240.82862351149	0.750302933064566	0.0227413625765798	32.992875010808	1.02772933671557e-238	9.61047054037244e-238	FAM177A1
FAM177B	4.10416948361833	-0.234181505673853	0.0985161406168357	-2.37708769555506	0.0174499389455269	0.0198757498708194	FAM177B
FAM178B	33.3088639792425	-0.57915099457284	0.0639313025046982	-9.05895816107108	1.31702441531752e-19	2.1515343043952e-19	FAM178B
FAM180A	261.905915331245	1.30462463623149	0.0837205650420848	15.5830844616933	9.48646067598912e-55	2.32873010539316e-54	FAM180A
FAM180B	134.696034280825	-2.91215770079825	0.0941209201129596	-30.9405995744964	3.39945821284673e-210	2.71368724121747e-209	FAM180B
FAM182A	45.1798884788749	-2.18812601649942	0.114582150785985	-19.0965695921207	2.69630894718678e-81	8.50767000145648e-81	FAM182A
FAM182B	102.555988371589	-1.25079638746228	0.0716963436632719	-17.4457486052114	3.70827831149962e-68	1.04073460999851e-67	FAM182B
FAM183A	23.8258038706601	-4.47854764734023	0.170073578999504	-26.3330005382746	8.03662584993294e-153	4.35351495409698e-152	FAM183A
FAM184A	172.564992510323	-0.895773499395746	0.0607587112660478	-14.7431286926638	3.40631255281081e-49	7.92721813356786e-49	FAM184A
FAM184B	106.750782846483	-4.85493745048801	0.117730951171814	-41.2375624435652	0	0	FAM184B
FAM185A	295.065133732225	-0.200503628972072	0.0320248609101466	-6.26087431057491	3.82824995147194e-10	5.33335867010652e-10	FAM185A
FAM185BP	63.7984169332816	-0.566834167544156	0.0322213403412212	-17.5918866670794	2.8425411161285e-69	8.05550734121994e-69	FAM185BP
FAM186A	23.2869786821897	1.46496643248271	0.0647828077137838	22.6135063326533	3.19151719899987e-113	1.31375488450027e-112	FAM186A
FAM186B	24.6825089629896	-0.332074871298793	0.0430240716280009	-7.71835065193301	1.17844633377883e-14	1.78022930969727e-14	FAM186B
FAM189A1	19.5891813027521	-1.01411643398803	0.0716023489901843	-14.1631726932177	1.54842430380691e-45	3.46250756432648e-45	FAM189A1
FAM189A2	2973.87798346258	-0.748992285474616	0.049653418968779	-15.0844050828719	2.05115085753915e-51	4.87880108173391e-51	FAM189A2
FAM189B	1824.37375157727	-0.461553192031441	0.0313431676841281	-14.7257991496873	4.40234520071778e-49	1.02346139685033e-48	FAM189B
FAM193A	2387.29143531744	-0.527795236675043	0.013078455878836	-40.356081907891	0	0	FAM193A
FAM193B	5649.99546309489	-0.302442525366524	0.0324488135840381	-9.32060349705046	1.15680423199585e-20	1.91922884609745e-20	FAM193B
FAM199X	2271.57269107578	-0.509285544952709	0.0237821362433437	-21.4146256560636	9.76250623898757e-102	3.66038064586576e-101	FAM199X
FAM200A	330.402747114751	0.253989894779973	0.0267414490104249	9.49798549364162	2.13989814463071e-21	3.58295102795064e-21	FAM200A
FAM200B	814.044269914564	0.241908633378663	0.0204552332663937	11.8262466249212	2.85630596084502e-32	5.51559360664784e-32	FAM200B
FAM204A	1875.88971343572	-0.370443756371676	0.0230173893026669	-16.0940822393248	2.80702918581588e-58	7.14094578488858e-58	FAM204A
FAM204BP	0.692869387823284	0.319236178745947	0.173376020742672	1.84129372319465	0.0655785270666469	0.0726091195550936	FAM204BP
FAM205A	6.93035075093445	-0.565857160883529	0.0873053439391382	-6.48135767356917	9.09008928158314e-11	1.28166912475741e-10	FAM205A
FAM209A	7.52681248794664	-1.64537683000692	0.0836115832802186	-19.6788144113065	3.2757598908853e-86	1.07741556359997e-85	FAM209A
FAM209B	19.1834209775481	-0.825503500263017	0.0513885023885851	-16.0639727155463	4.56362351211998e-58	1.15801785793166e-57	FAM209B
FAM20A	668.509975986188	0.241833422786976	0.0547470786042889	4.41728451914201	9.99486289432413e-06	1.26506487808134e-05	FAM20A
FAM20B	3234.82130068357	0.322283605338721	0.0274500176958727	11.7407430810938	7.87911065200307e-32	1.51287328903154e-31	FAM20B
FAM20C	2983.64533078197	-0.034173222810326	0.0434574458994705	-0.786360590297425	0.431656264798383	0.452126406530647	FAM20C
FAM210A	1195.6564542293	0.972013881834371	0.0496070178177057	19.5942817084127	1.73009805784678e-85	5.6491012405768e-85	FAM210A
FAM210B	5047.93045369713	-0.183993934927353	0.0290057490570412	-6.34336091667622	2.24805928868312e-10	3.14773765211457e-10	FAM210B
FAM214A	4086.71592544708	-1.39639687374982	0.0493109946120112	-28.3181648380235	2.06516165380548e-176	1.32720367476445e-175	FAM214A
FAM214B	1583.50825506487	0.491430566185787	0.0267818042454707	18.3494196911285	3.33656860507374e-75	9.96376434305448e-75	FAM214B
FAM216A	173.289886111677	0.854097027196363	0.0321929353208919	26.5305732044287	4.3039246109532e-155	2.37580334013397e-154	FAM216A
FAM216B	8.08100153623212	4.12845052236329	0.124510217242132	33.1575240474828	4.41204547437322e-241	4.16253829057612e-240	FAM216B
FAM217A	6.34173892746362	-1.13774260351495	0.0725013928066726	-15.6926999533482	1.69682168166127e-55	4.19509505446841e-55	FAM217A
FAM217B	806.671005736802	0.772861766813298	0.0491547358583859	15.7230377361787	1.05158543161148e-55	2.60666336469819e-55	FAM217B
FAM218A	33.9540940535784	0.638810632707402	0.0492257429968394	12.9771658855087	1.6486904375379e-38	3.39955058031155e-38	FAM218A
FAM219A	3502.86815287083	0.198585211102562	0.0376832940699149	5.26984744842426	1.36537187466616e-07	1.80059041141872e-07	FAM219A
FAM219B	1027.60065705143	0.458228410932361	0.02035993928548	22.5063741353666	3.59497701734416e-112	1.46741907685288e-111	FAM219B
FAM21FP	28.7582935326445	-0.935385639774443	0.054943670172533	-17.0244477086653	5.41005023136067e-65	1.46820916952696e-64	FAM21FP
FAM220A	2144.26271852154	-1.04619069778103	0.0609837454072018	-17.1552385114326	5.74337798799668e-66	1.57505403963937e-65	FAM220A
FAM220CP	1.82169442158243	-0.163145295915407	0.11281921965073	-1.44607715263835	0.148155563174747	0.160882445117248	FAM220CP
FAM221A	195.491243314708	-0.0226567650976715	0.0393486230917578	-0.575795626821242	0.564753329808124	0.584528788516331	FAM221A
FAM221B	10.1982631492692	0.113739553546829	0.0875591262238623	1.2990028390191	0.193942954872976	0.208801861882084	FAM221B
FAM222A	459.121128529823	1.39266813901344	0.0589407980346197	23.6282538657762	1.97537509171573e-123	8.73893512557749e-123	FAM222A
FAM222B	2401.44257668564	-0.84228144590098	0.0563594854290382	-14.9448036916783	1.68386652838001e-50	3.96692597531325e-50	FAM222B
FAM227A	130.618869048935	-0.100768369861672	0.0702405122933346	-1.43461894811997	0.151395712114939	0.164331537251629	FAM227A
FAM227B	228.527375850836	0.507937391367041	0.0421052780253653	12.063508785313	1.64617139663472e-33	3.22270052319974e-33	FAM227B
FAM228A	43.1772407421396	0.202191512583374	0.0708351124610903	2.85439671878036	0.00431186492774122	0.00503423794034698	FAM228A
FAM228B	453.01357931756	0.427661647220397	0.0322172562217028	13.2743038164841	3.26289406077832e-40	6.85920308163851e-40	FAM228B
FAM229B	508.980691450895	2.39660724757901	0.0363043516211969	66.014324469569	0	0	FAM229B
FAM25A	368.684988420041	-8.40948574713587	0.202275946877498	-41.5743239715437	0	0	FAM25A
FAM25C	3.05774727128372	-3.72305872628586	0.219376000381934	-16.9711304782839	1.34321190955741e-64	3.63214024094079e-64	FAM25C
FAM27E3	27.1161424796332	1.49447672423288	0.0511920247276122	29.193545912373	2.34185181287755e-187	1.61888150858712e-186	FAM27E3
FAM32A	2771.6441330825	-0.124190112207682	0.0207575696882304	-5.9828830673804	2.19222152467269e-09	3.00618417503109e-09	FAM32A
FAM3A	2459.20942055636	0.767565305528914	0.0166995476848011	45.9632392455457	0	0	FAM3A
FAM3B	85.9044445200461	-3.38391635647549	0.115556495690625	-29.283653300937	1.67504259785068e-188	1.16463660888027e-187	FAM3B
FAM3C	1375.00462850486	0.625410452683822	0.0239595903060492	26.1027189820488	3.39567193476027e-150	1.80844646442662e-149	FAM3C
FAM3D	35.0224768045701	-4.11733590745802	0.145771558437827	-28.2451251230473	1.63375797760756e-175	1.04659350017487e-174	FAM3D
FAM43A	1975.0753203099	0.862063546421763	0.0632923331987698	13.6203470918737	3.0312366312039e-42	6.53476534111395e-42	FAM43A
FAM43B	100.723148149222	2.95879265963857	0.0763674010852417	38.7441842670009	0	0	FAM43B
FAM47A	0.249597901955293	-0.217493757548544	0.424319572833814	-0.512570645978015	0.608251690994294	0.626739478511063	FAM47A
FAM47C	0.74501126454178	-1.27926176316889	0.23400164949265	-5.46689207508803	4.57994712734703e-08	6.10603082797911e-08	FAM47C
FAM47E	292.371119338189	-1.14306715533835	0.0591645871156273	-19.3201239299518	3.63776125492881e-83	1.16663709869897e-82	FAM47E
FAM50A	3699.52248478555	0.150406303594832	0.0313806378324673	4.7929651525189	1.64334178097602e-06	2.11934341591556e-06	FAM50A
FAM50B	838.925900514906	0.356818022926047	0.0489493055714802	7.28954208359482	3.11010277726617e-13	4.58930732794232e-13	FAM50B
FAM53A	89.9420593635114	-0.776733194077871	0.0323820448156791	-23.9865394078445	3.84300913471853e-127	1.74647834976189e-126	FAM53A
FAM53B	4901.21244444961	-0.525401561230409	0.0578101990337829	-9.08838872745234	1.00517583966637e-19	1.64357982467384e-19	FAM53B
FAM53C	3028.33055819039	-0.414988027424808	0.0456265820411296	-9.09531261953223	9.43147445843413e-20	1.54285688591669e-19	FAM53C
FAM71C	1.19348451632084	-1.44768019986933	0.183731977516118	-7.87930451432892	3.29208300521578e-15	5.0144513603731e-15	FAM71C
FAM71D	7.42261333505746	-0.0241368176637149	0.058180166510636	-0.414863330776174	0.678241954926979	0.694168377907695	FAM71D
FAM71E1	81.1243828878863	-0.323307125182998	0.054749058603837	-5.9052545089851	3.52102743611245e-09	4.80640137085465e-09	FAM71E1
FAM71F1	6.92852115249161	-0.573625387580043	0.09968148868523	-5.75458287336993	8.68559887707773e-09	1.17467667457758e-08	FAM71F1
FAM71F2	323.252950781444	0.924537865730182	0.0383666020079862	24.0974654345916	2.65742857687301e-128	1.21504627412474e-127	FAM71F2
FAM72A	22.2850493901514	-1.76877366292582	0.0894053981685881	-19.7837457151135	4.10996685836667e-87	1.3627466092735e-86	FAM72A
FAM72B	17.959437324352	-1.44018825659205	0.0852336447290078	-16.8969455802458	4.73823340051289e-64	1.27531308975228e-63	FAM72B
FAM72C	6.62252140391058	-1.42486306035159	0.129967502774459	-10.9632256520636	5.74157004055493e-28	1.05045230511261e-27	FAM72C
FAM72D	9.57903876024926	-1.27660693244372	0.0935454461181837	-13.6469169309522	2.10601774067934e-42	4.55052518904918e-42	FAM72D
FAM76A	870.099434576929	-0.342571771328166	0.021406822556578	-16.0029247882423	1.21910762533247e-57	3.08175205218506e-57	FAM76A
FAM76B	1043.1160298099	-0.668651217837382	0.0322137545971993	-20.7566993105335	1.06644700501427e-95	3.79015055029851e-95	FAM76B
FAM78A	1406.75303433147	1.56514678619054	0.0863149783894156	18.1329685229054	1.75049118695762e-73	5.15131467327514e-73	FAM78A
FAM78B	375.304366529169	-0.0302089622605399	0.0633128839194849	-0.47713767546834	0.63326408801192	0.650724217850358	FAM78B
FAM81A	65.8182218826925	1.64792076862697	0.0660362852504942	24.9547769438566	1.89506958069588e-137	9.22475595513966e-137	FAM81A
FAM81B	26.4639599894853	4.62399993056636	0.0977550183889849	47.3019186817256	0	0	FAM81B
FAM83A	121.383150964696	-4.68634649965396	0.145231169615743	-32.2681867263979	1.95547401944319e-228	1.72129524811721e-227	FAM83A
FAM83B	1082.91798562043	-5.37708336304414	0.129828197440926	-41.4169145765949	0	0	FAM83B
FAM83C	1508.7681875914	-9.0054740024324	0.178729614705534	-50.3860203429039	0	0	FAM83C
FAM83D	244.261115347443	-1.77201279489788	0.107076994357621	-16.5489590507147	1.62894837715399e-61	4.29196424724076e-61	FAM83D
FAM83E	138.652542121968	-5.08522838443875	0.114965806426838	-44.2325291535696	0	0	FAM83E
FAM83F	1895.78043145968	-2.38610163138456	0.119247671926232	-20.009628639632	4.54018153857858e-89	1.52933772222966e-88	FAM83F
FAM83G	3732.34939622598	-3.94957423593348	0.0963219395147076	-41.0038902438256	0	0	FAM83G
FAM83H	2635.02340690099	-4.8076897217071	0.119267433577716	-40.3101632817006	0	0	FAM83H
FAM85B	2.25924476736799	-0.784434154213327	0.0968737058832923	-8.09749298905079	5.610333631023e-16	8.67104110002962e-16	FAM85B
FAM86B1	60.664431832837	-0.710237914134352	0.0579395274892853	-12.2582621038064	1.51718869087386e-34	3.0035096914572e-34	FAM86B1
FAM86B2	15.6675115474548	-0.678106269700803	0.0681592597182377	-9.94885027366808	2.55113439996871e-23	4.394963186318e-23	FAM86B2
FAM86B3P	124.905900532447	-1.31347054684803	0.0534807454917265	-24.5596903104356	3.40782542022486e-133	1.61008570576031e-132	FAM86B3P
FAM86C2P	120.412038315777	-0.665588646854555	0.0511319629785608	-13.0170759752296	9.78464934329245e-39	2.0224305067012e-38	FAM86C2P
FAM86DP	316.812202364836	0.0705205547235714	0.030517401685887	2.31083089738221	0.0208421971642164	0.0236736743534238	FAM86DP
FAM86EP	108.641546428542	-0.291025780468554	0.046899172741269	-6.20534997651388	5.45753123800881e-10	7.57564927632608e-10	FAM86EP
FAM86FP	12.1701780824478	-1.48871340486191	0.0712344602442026	-20.8987812886961	5.49295033991726e-97	1.97678126886947e-96	FAM86FP
FAM86GP	6.15287272533059	-1.28828017115736	0.0911078114519257	-14.1401725123991	2.14757282821219e-45	4.78979785412559e-45	FAM86GP
FAM86HP	168.625448536972	-1.18587126408156	0.0569518102339796	-20.8223629628198	2.71463380882606e-96	9.69373600330845e-96	FAM86HP
FAM86JP	34.6447179762034	-0.541323475844427	0.05294271295079	-10.2247022427352	1.53699566449476e-24	2.69295882388264e-24	FAM86JP
FAM89A	914.071454934911	-0.955524054811817	0.0724553995069747	-13.187754968073	1.03213400313462e-39	2.15739017538623e-39	FAM89A
FAM8A1	2520.23289930567	-0.548020243970002	0.0190259826060439	-28.8037814034327	1.92336377834748e-182	1.28660242935834e-181	FAM8A1
FAM90A1	21.4370055771047	-0.00514014585874606	0.0605136519491348	-0.0849419212554986	0.932307563856512	0.93652167728689	FAM90A1
FAM90A20P	6.82287397437158	-0.773077061572373	0.0974189828197258	-7.93558954524248	2.09497776060267e-15	3.20296370550439e-15	FAM90A20P
FAM90A25P	4.88244912086411	-1.45437984663992	0.0931088421484139	-15.6202119270441	5.30290818943548e-55	1.30495762567366e-54	FAM90A25P
FAM90A26	0.33555059811856	-0.124205013240656	0.185539082363814	-0.669427765073825	0.503222645154272	0.523795006095875	FAM90A26
FAM90A2P	1.85884585154514	-1.17937194809015	0.106509148285296	-11.0729638446744	1.69693674994552e-28	3.13009103758268e-28	FAM90A2P
FAM91A1	1826.32376594414	-0.591692310593144	0.0308025640101143	-19.2091901959479	3.10064917897045e-82	9.87348060687195e-82	FAM91A1
FAM98A	2659.26100632579	0.312888662304044	0.0432569274976225	7.2332613619227	4.71530671499651e-13	6.93976258496052e-13	FAM98A
FAM98B	1186.4963535786	0.109888719539068	0.0204393035893172	5.37634362437392	7.60136575685365e-08	1.00774918978585e-07	FAM98B
FAM98C	601.988353466363	-0.122934901526357	0.0585340949302568	-2.10022725512086	0.0357088549004139	0.0400820039323035	FAM98C
FAM9C	24.2789405553328	4.891566998109	0.128772957288779	37.9859801397546	0	0	FAM9C
FAN1	2227.24547268708	-0.493356355985826	0.0271188936014884	-18.1923482290866	5.93423662644148e-74	1.75147062653834e-73	FAN1
FANCA	133.146890105694	-0.601236348802859	0.0631705988982665	-9.51766105259069	1.77120574443649e-21	2.96921909160004e-21	FANCA
FANCB	24.3746514190398	-0.777779579403543	0.0490140421059854	-15.8685051463765	1.04705048295853e-56	2.62104794100077e-56	FANCB
FANCC	521.730525981153	-0.110838508629081	0.0224712928733443	-4.93244911424564	8.12049386322089e-07	1.05497264745842e-06	FANCC
FANCD2	265.163088037978	-1.53275127848474	0.0562897073894525	-27.2296899303468	2.89191772358045e-163	1.69292393307875e-162	FANCD2
FANCE	887.034654172906	-1.67502170968174	0.0421704546729339	-39.7202667761801	0	0	FANCE
FANCF	250.485528129252	0.491709573660608	0.0424916669837052	11.5719059421503	5.71977509610262e-31	1.08632276329335e-30	FANCF
FANCG	461.526581434942	-0.59514699566092	0.0413750651338278	-14.3841947737342	6.50305633749542e-47	1.4776763081451e-46	FANCG
FANCI	395.387446716407	-1.19149879602484	0.0565548154642698	-21.0680343706116	1.56285504504882e-98	5.71459550394553e-98	FANCI
FANCL	256.944945328474	0.0284525949679245	0.0259977073868192	1.09442707945663	0.273767712768077	0.291741214630485	FANCL
FANCM	277.250838635206	-0.339827955541091	0.0264704010878051	-12.8380357522293	1.00389334106856e-37	2.05516706841524e-37	FANCM
FANK1	102.651851939999	-1.64105409389895	0.0807848344986503	-20.3138881707602	9.6919657463585e-92	3.34032309784031e-91	FANK1
FAP	285.100402986211	-0.388741358491346	0.0683640671828163	-5.68634041991372	1.29790552212653e-08	1.74837965305692e-08	FAP
FAR1	2742.34235349103	0.293681776988395	0.024931558776911	11.7795192677793	4.97761459056553e-32	9.58208108702492e-32	FAR1
FAR2	292.349010453987	-0.0333946005884643	0.0443273587691942	-0.753363194101974	0.451231693788035	0.471779155478795	FAR2
FARP1	1990.77586761928	-0.516303513866387	0.0403351403728417	-12.8003400780036	1.63234810901295e-37	3.33226336021116e-37	FARP1
FARP2	1568.69224896272	-0.856581942568158	0.0303580973519463	-28.2159297612648	3.72890613347912e-175	2.38281999676101e-174	FARP2
FARS2	773.215910717926	0.284188060583779	0.0257344387658602	11.043103102788	2.36714290515127e-28	4.35650132252613e-28	FARS2
FARSA	2423.82311294502	-0.0947419544458498	0.0292820336977968	-3.23549776028631	0.00121430838100227	0.00144750448092324	FARSA
FARSB	2707.14273694434	-0.400402329624777	0.0330495907204426	-12.1151978253428	8.77521494875345e-34	1.7231661862388e-33	FARSB
FAS	730.729601532264	0.137036239893186	0.0523228348432623	2.61905228001675	0.00881744330670911	0.0101725820011582	FAS
FASLG	4.71003945985586	1.23318342161921	0.103256357062748	11.9429297788399	7.06886036847765e-33	1.37400448648058e-32	FASLG
FASN	30563.1099352765	-3.29882847157777	0.0866201931178951	-38.0838272559364	0	0	FASN
FASTK	5607.93384656516	0.086928947088701	0.0409002353117723	2.12538990120872	0.0335540922467524	0.0377150930086662	FASTK
FASTKD1	1162.14940718278	1.87543328084786	0.0413680243236405	45.3353359632434	0	0	FASTKD1
FASTKD2	2839.07271024707	0.233203473152929	0.0372740503528239	6.25645646087563	3.9382298378198e-10	5.48445577213324e-10	FASTKD2
FASTKD3	277.013448490962	-0.00812463463869546	0.0236569354886145	-0.343435634028154	0.731270755778584	0.744969149675738	FASTKD3
FASTKD5	1705.06898753106	0.00749390817913797	0.059712370396329	0.125500095363802	0.900127649546546	0.906219117420995	FASTKD5
FAT1	3924.07095492488	0.138264011629943	0.0655263584873265	2.11005181459435	0.0348538930777019	0.0391443055460265	FAT1
FAT2	2608.88868863759	-6.40479026329278	0.112935585322718	-56.711887975706	0	0	FAT2
FAT3	60.8440379868098	-1.80694640455685	0.0665783597891657	-27.1401459915643	3.30972274280481e-162	1.91940460996229e-161	FAT3
FAT4	1167.44662198666	0.58271190806941	0.0414301329990514	14.0649296994232	6.23848251421803e-45	1.38418493453025e-44	FAT4
FATE1	12.9657401881568	2.21295120064288	0.105937495031015	20.889215853131	6.71122464538847e-97	2.41376133549726e-96	FATE1
FAU	15802.9086234546	-0.160723601095103	0.0201973887842901	-7.95764258497203	1.75348001323278e-15	2.68404708488123e-15	FAU
FAUP1	22.3517318551796	-0.0326106137150539	0.0444435893553005	-0.733752925632336	0.463099335579688	0.483653465988046	FAUP1
FAXC	56.6384219100948	-1.82077437346307	0.0871816060213196	-20.8848455145208	7.35421140952161e-97	2.64396164535247e-96	FAXC
FAXDC2	2372.26955773535	0.023864735590414	0.0483884877997407	0.493190357367231	0.621878090541232	0.640010720246568	FAXDC2
FBF1	832.42517343681	-0.670454933519116	0.0392145674137295	-17.0970886009157	1.56005322975369e-65	4.25686193554587e-65	FBF1
FBL	4722.62024714943	-1.13540726170437	0.027542941341082	-41.223166677948	0	0	FBL
FBLIM1	2241.94051200841	1.67658529211436	0.0541754640937342	30.947317575601	2.76079276118838e-210	2.20581582308708e-209	FBLIM1
FBLL1	19.702522840116	-0.242446394668632	0.0925137879158063	-2.62065147401893	0.00877619325459769	0.0101262902875465	FBLL1
FBLN1	18083.3237305679	-0.500839173478808	0.0744730711384768	-6.72510433398855	1.75466667568633e-11	2.50859779437929e-11	FBLN1
FBLN2	10131.7517300378	0.204801304323018	0.0552855745636411	3.70442571935766	0.000211870179818692	0.000258445151922225	FBLN2
FBLN5	6036.12418881825	0.452398342657364	0.0504862081954032	8.96083027084129	3.22242744592145e-19	5.23669914724492e-19	FBLN5
FBLN7	273.594858364611	-2.06466193635037	0.0713595506737959	-28.9332250113023	4.56276766236643e-184	3.08312239828296e-183	FBLN7
FBN1	5938.5141712016	0.6355384757665	0.0582333304394969	10.9136549630595	9.91865918652680e-28	1.80970792638018e-27	FBN1
FBN2	358.059204350192	6.02383599287403	0.0775640466252549	77.6627349263734	0	0	FBN2
FBN3	42.7729917915924	-0.379360222616891	0.0951717929256882	-3.98605732806885	6.71802866929398e-05	8.32458415887389e-05	FBN3
FBP1	209.602675955856	-2.8081443463788	0.101294824230835	-27.7224859977001	3.74130168556363e-169	2.28063568038709e-168	FBP1
FBP2	2833.90452998039	-9.25285183479495	0.202081523356227	-45.787718150185	0	0	FBP2
FBRS	5511.58645232488	-0.48532628582426	0.0257848373995402	-18.8221580886492	4.97176848723843e-79	1.53563494404219e-78	FBRS
FBRSL1	5139.52297541653	0.331616605096958	0.0235819585296098	14.0623012579967	6.47460374645949e-45	1.43622109722757e-44	FBRSL1
FBXL12	1020.02345994012	-0.0325062577527769	0.014464512462335	-2.24731098524212	0.0246201593127736	0.0278541567336584	FBXL12
FBXL13	25.2474710862723	-0.555475128367373	0.0520766252870878	-10.666496250576	1.46029460164923e-26	2.62657505238687e-26	FBXL13
FBXL14	313.538275407295	0.499783810078381	0.0257147105860546	19.4357159263313	3.85005446592364e-84	1.24402854857461e-83	FBXL14
FBXL15	863.677947843151	0.183887303856748	0.0215045086291367	8.5511046556812	1.21916015673919e-17	1.93102525133851e-17	FBXL15
FBXL16	604.617342015742	-4.00449270861154	0.109019453655702	-36.7319095292686	2.26106650588973e-295	2.86226850720964e-294	FBXL16
FBXL17	2573.52140517242	-0.234056139063495	0.052231361706188	-4.48114181629244	7.42447542472553e-06	9.42510452189592e-06	FBXL17
FBXL18	436.749903911934	-0.23905106206557	0.0363831577186611	-6.57037698360525	5.01880330530665e-11	7.11646146505121e-11	FBXL18
FBXL19	930.458351463846	-0.338681830821093	0.0492245655190282	-6.8803417003279	5.97091634447321e-12	8.61721038377795e-12	FBXL19
FBXL19-AS1	74.9531406328026	0.47165841907757	0.0443684296765749	10.6304961098632	2.14965888993941e-26	3.85802688711857e-26	FBXL19-AS1
FBXL2	204.399517719377	0.0452747924835913	0.0548039530958442	0.826122750751433	0.408734463177245	0.429416894575324	FBXL2
FBXL20	1540.25345858656	-0.406992318292278	0.0316135009606887	-12.8740033822376	6.30476353993596e-38	1.29394651102938e-37	FBXL20
FBXL22	109.553716342985	2.57857777463645	0.0604553534829787	42.652596107348	0	0	FBXL22
FBXL3	2423.68367085306	-0.483042921962829	0.0222704120785139	-21.6898960046124	2.55564082616697e-104	9.76317710352963e-104	FBXL3
FBXL4	1292.19157734707	-0.56598899517486	0.0246576914151024	-22.9538518284888	1.34857401515978e-116	5.69050183940253e-116	FBXL4
FBXL5	5924.35088776205	-0.164874167056562	0.0295889654341645	-5.57215044991715	2.51613981325534e-08	3.37026808381645e-08	FBXL5
FBXL6	759.136059245532	-0.0674141251255227	0.0301787673883986	-2.23382632756029	0.0254945025369974	0.0288270439804328	FBXL6
FBXL7	1289.78337284964	1.29005197082928	0.0449053476479314	28.7282481575155	1.69367456986094e-181	1.12667538551614e-180	FBXL7
FBXL8	867.080842458189	-0.738095981415797	0.036208359229238	-20.3846845625579	2.28685785272931e-92	7.91192162348265e-92	FBXL8
FBXO10	1942.6289109402	-1.68405178533113	0.0778874535616207	-21.6216053847337	1.12495463398259e-103	4.28215444413632e-103	FBXO10
FBXO11	1591.48222406998	-0.520594579273571	0.0229843864877374	-22.6499227878594	1.39755841938778e-113	5.76873403058917e-113	FBXO11
FBXO15	15.7870664549045	-0.591910367342738	0.0731457303196067	-8.09220667777072	5.85933765497034e-16	9.05277977230462e-16	FBXO15
FBXO16	23.5513619157805	0.640412597165037	0.077126263913453	8.30343082459788	1.01147276658666e-16	1.58133761258698e-16	FBXO16
FBXO17	902.76499851351	-1.0242518988655	0.0561888053750167	-18.2287537887559	3.0519655564389e-74	9.03146999530768e-74	FBXO17
FBXO2	524.775354747371	-1.78739082307043	0.0745880166663909	-23.9635118743656	6.68120633971775e-127	3.03172158611695e-126	FBXO2
FBXO21	2983.75083123733	-0.036258065662668	0.0235342077622824	-1.5406537593663	0.123401076464851	0.134618676288939	FBXO21
FBXO22	1192.22762496968	-0.229293086311241	0.0202435075692004	-11.3267468855101	9.67310011506544e-30	1.8094718400841e-29	FBXO22
FBXO24	19.6824192531247	0.257107226274636	0.0459671703555433	5.5932793836554	2.22820304433157e-08	2.98703328872599e-08	FBXO24
FBXO25	1723.83392207968	-0.0903613682366234	0.0136460086047822	-6.62181674170689	3.5481076923965e-11	5.04259328681742e-11	FBXO25
FBXO27	655.141095644514	-1.08575626699657	0.0946205909981963	-11.4748413166989	1.7650117122507e-30	3.33424030141933e-30	FBXO27
FBXO28	2299.77446777793	-1.00899542494151	0.0264101568118368	-38.2048252166866	0	0	FBXO28
FBXO3	3566.84981406046	-0.092166363386561	0.0260700922279781	-3.53532939510084	0.000407267135205022	0.000492821706159291	FBXO3
FBXO30	1759.01809102048	-0.427861485772094	0.0580121096481368	-7.37538228427167	1.63874139607612e-13	2.42929950348071e-13	FBXO30
FBXO31	6214.14595470741	-0.719620080061898	0.0307606786290449	-23.3941548800038	4.90109427137466e-121	2.13308989310965e-120	FBXO31
FBXO32	54986.0564118348	-2.70581298746752	0.107445098259135	-25.1832147888372	6.11790542752783e-140	3.02716920288423e-139	FBXO32
FBXO33	526.279340271333	0.0235877635156204	0.0240801700984256	0.979551366091164	0.327307621550487	0.34662104338924	FBXO33
FBXO34	2190.86022129157	-0.866550988737425	0.0405822155908582	-21.3529738611075	3.65897968657709e-101	1.3648009394545e-100	FBXO34
FBXO36	177.434117022695	-1.33245952634515	0.0490888946970271	-27.1438078728191	2.99618308577461e-162	1.73813379719719e-161	FBXO36
FBXO38	2326.33850034758	-0.144094511341197	0.0194835005616354	-7.39571982382527	1.40644277236171e-13	2.08837551309768e-13	FBXO38
FBXO39	21.6188493510784	-0.727749402722265	0.0766323052589047	-9.49663983438238	2.16772252031835e-21	3.62886386015537e-21	FBXO39
FBXO4	375.61170306587	-0.551054729218909	0.0330325238092429	-16.6821866957897	1.76633162575443e-62	4.69448333016471e-62	FBXO4
FBXO40	6936.46691713804	1.13686606162745	0.160197731064917	7.09664271815909	1.27823940151628e-12	1.86660075173964e-12	FBXO40
FBXO41	299.643211547338	-1.20270488951463	0.0712087767527743	-16.8898406117863	5.34471953519646e-64	1.4379060880746e-63	FBXO41
FBXO42	2922.60961634871	-0.498699267968694	0.0272271883067838	-18.3162235611541	6.14305254153116e-75	1.83111589336152e-74	FBXO42
FBXO43	10.6053069445796	-0.884193022170823	0.0817203726644442	-10.819738008311	2.77569688862991e-27	5.03479642203013e-27	FBXO43
FBXO44	1599.7161258755	-0.0805930009554586	0.0475433295113375	-1.69514844214349	0.0900472646372822	0.0990371363558207	FBXO44
FBXO45	1284.45883686122	-1.1038959151431	0.0413579740445827	-26.6912473505867	5.94762045505056e-157	3.33011246691649e-156	FBXO45
FBXO46	1035.16203109009	-0.278832382452012	0.0269675394052104	-10.3395559477013	4.66694996809771e-25	8.23786687347783e-25	FBXO46
FBXO48	216.981156863761	-0.743571940965253	0.0313785909947014	-23.6967919015488	3.89103164090359e-124	1.72944347081248e-123	FBXO48
FBXO5	126.095500638744	-0.0506238463694188	0.0423674233827301	-1.19487668419445	0.23213521370167	0.24846390663835	FBXO5
FBXO6	597.176322742062	-0.304974366742492	0.0357220069841087	-8.53743651296421	1.37232327974225e-17	2.17190006669952e-17	FBXO6
FBXO7	3558.49284152051	-0.173933437452355	0.0196192810576681	-8.86543380163128	7.62067818585942e-19	1.22954045015376e-18	FBXO7
FBXO8	856.11242365692	0.303178663514604	0.025889505239667	11.7104850288944	1.12633438688669e-31	2.15715983597694e-31	FBXO8
FBXO9	2952.89972272615	-0.195158716177361	0.0192479597976052	-10.1391897234554	3.70157079536844e-24	6.45158558166415e-24	FBXO9
FBXW10	25.455331958998	-2.15273825832088	0.0955658790317075	-22.5262225402293	2.29732849428215e-112	9.3922803146884e-112	FBXW10
FBXW11	3350.35085152841	0.222517965703589	0.0298103077292867	7.46446389364106	8.36394445600884e-14	1.24655873615346e-13	FBXW11
FBXW11P1	10.969459031609	0.242167602615417	0.0556908104257828	4.34843021252393	1.37115434868436e-05	1.72928952782646e-05	FBXW11P1
FBXW2	3973.20100214719	-0.125074690968677	0.0157172502051872	-7.95779728233876	1.75128969402573e-15	2.68092233881769e-15	FBXW2
FBXW4	5122.40450646112	0.130229697232368	0.0268520091920976	4.84990513375415	1.23520536070607e-06	1.59791100956306e-06	FBXW4
FBXW4P1	79.0523807546732	-0.576247700141228	0.0700787030077013	-8.22286479928006	1.98698787725437e-16	3.09169061962624e-16	FBXW4P1
FBXW5	11578.9757574063	0.240260110154597	0.0471564368506439	5.09495895365377	3.48816822153774e-07	4.5645911715543e-07	FBXW5
FBXW7	3820.27559858798	-0.303919069234878	0.0450804080888837	-6.74171069249528	1.5653253429896e-11	2.24021477970709e-11	FBXW7
FBXW8	743.052703926874	-0.462001936483599	0.0226483353906116	-20.3989356619609	1.7089471915245e-92	5.92617191189223e-92	FBXW8
FBXW9	276.432342156946	-1.03169304808005	0.0439127682351054	-23.4941473640754	4.6812020490227e-122	2.05027537918389e-121	FBXW9
FCAR	26.9735195200042	1.23825544373251	0.0852703080401339	14.5215312597405	8.85107024622377e-48	2.03121003954965e-47	FCAR
FCER1A	141.047527518084	-2.33396528656536	0.111871991533755	-20.8628205734688	1.16588835954854e-96	4.1823747230437e-96	FCER1A
FCER1G	479.78218238117	0.268510350304072	0.0650484748774101	4.12785005044477	3.66170757100053e-05	4.56692288405602e-05	FCER1G
FCER2	31.7125081412801	-0.107950346765884	0.0880217120631679	-1.22640589731331	0.220045967883466	0.235931113697675	FCER2
FCF1	1404.46798515247	0.00861529564290501	0.0143539785751748	0.600202626594774	0.54837120337641	0.568291884397165	FCF1
FCF1P1	1.11284181471909	0.140369814560556	0.112492294975799	1.24781714686107	0.212098027816888	0.227775718812302	FCF1P1
FCF1P7	2.4698220218274	-0.338606389091812	0.0995212193021628	-3.4023537037237	0.000668081126948143	0.000802812307489554	FCF1P7
FCF1P8	0.533893484193699	-0.0192680639699457	0.172841990399511	-0.111477910694092	0.911237381120611	0.916583823063931	FCF1P8
FCGBP	1449.50427538253	-1.98816089345873	0.0986525216258877	-20.1531685221213	2.52428431936633e-90	8.59785090499779e-90	FCGBP
FCGR1A	21.1068825329876	1.14825913292337	0.0892960992294749	12.8590066400611	7.65541326634699e-38	1.56953410259126e-37	FCGR1A
FCGR1B	9.27391889178802	1.26452107822441	0.0945252438942519	13.3776018566962	8.17424283443257e-41	1.73090866089426e-40	FCGR1B
FCGR2A	236.301873439361	0.681289690604021	0.0614895696489758	11.0797602665507	1.57293154668634e-28	2.90403495096419e-28	FCGR2A
FCGR2B	164.610962682668	0.0421715355569535	0.0615516286544355	0.685140856202423	0.493255040947365	0.513954850202218	FCGR2B
FCGR2C	247.448745375945	0.199161258699365	0.0629848801328046	3.16204870564856	0.00156663358697283	0.00185973168023595	FCGR2C
FCGR3A	344.467535327888	0.676760808492909	0.0767885526128799	8.81330335661769	1.21511159551399e-18	1.95541067681454e-18	FCGR3A
FCGR3B	122.887115224224	1.30737977683239	0.0876817824013729	14.9105063905717	2.81608699048323e-50	6.62126200570646e-50	FCGR3B
FCGRT	6216.00215662627	-0.418895087809991	0.0396652741197054	-10.5607511130722	4.53022227442571e-26	8.09173756320075e-26	FCGRT
FCHO1	729.339620706798	-4.05683954126127	0.111296625475963	-36.4506967206964	6.70674135533464e-291	8.2690445984506e-290	FCHO1
FCHO2	1974.06847900023	-0.610924039939423	0.0214667294209378	-28.4591112115827	3.75899058798377e-178	2.44456609733728e-177	FCHO2
FCHSD1	1282.24133349716	-1.1740214319721	0.0689658354061742	-17.0232322287942	5.52355363047135e-65	1.49856049588718e-64	FCHSD1
FCHSD2	1515.78962791817	0.768431307041442	0.0310163852622741	24.7750116766863	1.66718445916775e-135	8.00720049345749e-135	FCHSD2
FCN1	173.511752390573	1.07493056582858	0.0724870237456981	14.8292826809898	9.47399146903162e-50	2.21654952474705e-49	FCN1
FCN2	27.2395056907579	-1.70457461906938	0.132925249711596	-12.8235577722649	1.21017486784131e-37	2.47549520409221e-37	FCN2
FCN3	738.354495049744	2.13931357053673	0.102489760787493	20.8734370545804	9.33728853267736e-97	3.35289309548624e-96	FCN3
FCRL1	5.24640050802989	0.973188918805625	0.111019396363803	8.7659359596638	1.85231294747763e-18	2.97179013970988e-18	FCRL1
FCRL2	4.18243510284908	-0.144731961646094	0.161294908196525	-0.897312650872709	0.369552107756249	0.389798868611288	FCRL2
FCRL3	10.2708070101461	0.891825357651054	0.0931984833273422	9.56909732660225	1.07843104807362e-21	1.81394480437051e-21	FCRL3
FCRL5	22.7019914426954	-1.1624894872163	0.139851888509088	-8.31229023511368	9.38724904750774e-17	1.4683687009401e-16	FCRL5
FCRL6	25.5442862527179	-0.216232561962516	0.0704612976157988	-3.06881322483668	0.00214910906657669	0.00253762625827792	FCRL6
FCRLA	23.0713065723826	-0.88210904795459	0.106961822843967	-8.24695227232041	1.62485274924543e-16	2.5325980032182e-16	FCRLA
FCRLB	32.113780506365	0.395420462464173	0.0607858279434288	6.50514233074487	7.76198530578882e-11	1.09569869424015e-10	FCRLB
FDCSP	46.3707166628394	-3.79541607426292	0.226202522396724	-16.7788406338208	3.48575048862564e-63	9.31517139930971e-63	FDCSP
FDFT1	7096.33561467671	-0.916559650610484	0.0315675263141979	-29.0348898893053	2.38775715231623e-185	1.62872362632984e-184	FDFT1
FDPS	1484.03766203985	-0.181165997168962	0.0236424821934703	-7.6627316745531	1.82019379100116e-14	2.74049083571528e-14	FDPS
FDPSP2	0.299403378216729	-0.0437582651227245	0.155978918290238	-0.280539611393517	0.779063539530802	0.791328449108112	FDPSP2
FDPSP7	1.49298213477186	-1.25603795303035	0.125047316744671	-10.0445014393632	9.7137627068307e-24	1.6835879307304e-23	FDPSP7
FDX1	1244.57395480658	0.592467554260732	0.0396338935189921	14.9485074933864	1.5927906036264e-50	3.75433071309136e-50	FDX1
FDX1P1	3.0882840123383	-0.804505931776815	0.0961998703182966	-8.36285879715789	6.12164651663302e-17	9.60311624800967e-17	FDX1P1
FDXACB1	129.302310657051	-0.230358895500519	0.0443249809701092	-5.19704443090145	2.02481980965654e-07	2.66302194736812e-07	FDXACB1
FDXR	732.135983830013	-0.98804213216448	0.053696298501249	-18.4005631624962	1.30006595001672e-75	3.89651800969878e-75	FDXR
FECH	2074.06482322914	0.000430558249985795	0.0459040203791977	0.00937953247731022	0.992516325579127	0.99290243285261	FECH
FEM1A	1606.69859189007	-1.72044366207427	0.0937554305485105	-18.3503361032946	3.28076692958298e-75	9.79875319386481e-75	FEM1A
FEM1B	6430.60047588989	-0.949970395667676	0.0453494891858936	-20.9477639709153	1.96650333976539e-97	7.10966592069026e-97	FEM1B
FEM1C	2867.54801400911	0.247529871523223	0.0355425538908759	6.96432429372404	3.29983694807019e-12	4.78263807586244e-12	FEM1C
FEN1	580.322143501372	-0.546190578411481	0.0378055394984299	-14.4473689744373	2.60446080340856e-47	5.93980728774325e-47	FEN1
FEN1P1	0.238984968165813	0.529183882185843	0.248877859242183	2.1262794681583	0.0334799965852849	0.037634158769309	FEN1P1
FER	1011.50866878594	-0.160975490945147	0.0389347889314118	-4.13448988329496	3.55743923101025e-05	4.43780066510156e-05	FER
FER1L4	162.696795591693	0.684027169546202	0.0642269916672862	10.6501511559136	1.74082158524179e-26	3.12646207282625e-26	FER1L4
FER1L5	48.9967053629805	-2.20591095838414	0.126749597358319	-17.4036920381536	7.73526384148954e-68	2.16315806137414e-67	FER1L5
FER1L6	17.3399195503997	0.537500030788663	0.146996993681613	3.65653757486262	0.000255644952762211	0.000311189125958382	FER1L6
FERMT1	700.199279575302	-3.48409207961775	0.123432589183859	-28.2266790533578	2.75213216018989e-175	1.76052349024798e-174	FERMT1
FERMT2	4768.3028222767	0.526728668054875	0.0464430091994708	11.3413983532505	8.18263922194263e-30	1.53257401554666e-29	FERMT2
FERMT3	549.130945979968	0.180718756329282	0.0410737507671845	4.39986007982658	1.0832069874229e-05	1.36958692003931e-05	FERMT3
FES	1333.75013303169	0.960640341084428	0.0491904716321688	19.5289922867136	6.22557907833035e-85	2.02359423959958e-84	FES
FETUB	49.3307254154067	-4.62412097623697	0.19932523884665	-23.198873373956	4.67401550139561e-119	2.0051704728461e-118	FETUB
FEZ1	649.275162366254	1.38938710401922	0.0380557207581794	36.5092836592932	7.89984977060153e-292	9.79374626174918e-291	FEZ1
FEZ2	4490.51596162229	-0.911304193672698	0.0627970657837056	-14.5118913168895	1.01872460558641e-47	2.33546378313308e-47	FEZ2
FFAR2	68.9769771361798	0.198813457690373	0.0937050708194517	2.12169369225963	0.0338634686684993	0.0380533303890165	FFAR2
FFAR3	9.42279483430996	-0.743530715409538	0.18160263604262	-4.0942727022698	4.23495634445014e-05	5.27275205121365e-05	FFAR3
FFAR4	48.9235944792167	-3.01709093166586	0.123375573833221	-24.4545240028173	4.50455158900768e-132	2.11107610397624e-131	FFAR4
FGA	36.3236850931501	0.326540496372006	0.19037942168785	1.71520899410761	0.0863069164679569	0.0949988261795091	FGA
FGB	27.6109283952081	0.644676161217303	0.186749383194834	3.45209258626957	0.000556256818331465	0.000670315904859064	FGB
FGD1	298.668780175518	0.481564026389136	0.0490123338254944	9.82536412372684	8.75570354067508e-23	1.49607422340477e-22	FGD1
FGD2	387.404590066571	-0.0646290412277612	0.0525813895965521	-1.22912387298336	0.219025365667167	0.234920789332937	FGD2
FGD3	439.112510391375	0.258080132059139	0.0557959867422582	4.62542464301786	3.73831706460251e-06	4.78208111710559e-06	FGD3
FGD4	2470.38526176054	-0.717751059304127	0.0328688688659312	-21.8368043704748	1.03763885885711e-105	4.01429982769973e-105	FGD4
FGD5	1709.93142163517	0.460117738699491	0.0526828656649906	8.73372647618242	2.46416591078616e-18	3.94604132728953e-18	FGD5
FGD5-AS1	7628.23490188849	-0.539049704452903	0.0254888660079165	-21.148438078237	2.85230298909998e-99	1.04848491130874e-98	FGD5-AS1
FGD5P1	16.8807921429065	-2.02665686496412	0.0838003419201406	-24.1843507857697	3.25068557338806e-129	1.49579731611857e-128	FGD5P1
FGD6	1000.15999401514	-0.365267618002838	0.0502069984623457	-7.27523311868129	3.45822735018799e-13	5.09882468103317e-13	FGD6
FGF1	721.753466285171	3.456283069348	0.0644853583396825	53.597950888971	0	0	FGF1
FGF10	559.830443116434	-2.59107426149321	0.102096666405161	-25.3786372535492	4.34151353876289e-142	2.18300517349918e-141	FGF10
FGF11	906.927226238653	-0.821872782884694	0.0570083450016775	-14.4167100949959	4.06250698075787e-47	9.24983407040506e-47	FGF11
FGF12	1481.31681711359	6.60698532924748	0.0616371565620728	107.191598343668	0	0	FGF12
FGF13	596.590910014298	-3.07645163795201	0.0700192910200829	-43.9372006361736	0	0	FGF13
FGF14	92.8064390681574	1.4338906155595	0.0630328428027143	22.748309481256	1.49138186138396e-114	6.2000842694625e-114	FGF14
FGF16	11.5610125979366	-0.442249153647615	0.107556973945855	-4.11176641944433	3.92643437528467e-05	4.89471919594871e-05	FGF16
FGF18	257.527806608487	3.78692118965369	0.0716903314374615	52.8233182037549	0	0	FGF18
FGF2	807.621962077371	0.0108239546049914	0.0651017963786118	0.166261995936989	0.867950772581918	0.875881929434191	FGF2
FGF22	198.351813616171	-4.29477817789081	0.111486394193596	-38.5228906985094	0	0	FGF22
FGF23	17.9369631668686	5.55837253421311	0.198465369976416	28.0067627660866	1.34413066694828e-172	8.44232244791906e-172	FGF23
FGF5	9.19002662906001	2.16294195249637	0.131573721299597	16.4390117656647	1.00545106238275e-60	2.62344174140482e-60	FGF5
FGF7	1299.95489410565	0.031052454892388	0.0744750134850685	0.416951316143283	0.676714017547059	0.692643943245841	FGF7
FGF9	145.998046022482	2.94832527629586	0.0740236486297155	39.8295049065214	0	0	FGF9
FGFBP1	887.040829758757	-7.91786942032096	0.169705411606012	-46.6565523479184	0	0	FGFBP1
FGFR1	7988.75959131733	0.822625701931239	0.0449953635026258	18.282454855226	1.14169748613241e-74	3.39304877792134e-74	FGFR1
FGFR1OP2	1731.55990471025	0.209998369136004	0.0201984666840326	10.3967480512772	2.56539210397992e-25	4.54389680839737e-25	FGFR1OP2
FGFR2	2306.40393222557	-5.77153885918708	0.118325091614136	-48.7769650583356	0	0	FGFR2
FGFR3	10351.327929774	-4.20540060619108	0.135783395600175	-30.9713907772215	1.30924565481044e-210	1.04838661175457e-209	FGFR3
FGFR4	344.683902847685	-0.829656687094582	0.0708275669606728	-11.7137538771486	1.08372929289988e-31	2.07666712811271e-31	FGFR4
FGFRL1	2109.56123891892	0.116883579886756	0.0392234917235508	2.97993816334756	0.00288306576594187	0.00338716008698079	FGFRL1
FGG	27.3543916547565	0.398186029099141	0.168545444229863	2.36248467538578	0.0181528919397679	0.0206607364572434	FGG
FGGY	957.021589964079	-0.74408403203513	0.0633919756316602	-11.7378268246227	8.15551788595367e-32	1.56527857410227e-31	FGGY
FGL2	1387.66865491655	0.0278224740202716	0.0651339509117431	0.427157782244336	0.669264408830806	0.685564708550807	FGL2
FGR	701.508069021786	0.355026915964103	0.061883325382663	5.73703681514772	9.63473198716933e-09	1.30196539674976e-08	FGR
FH	6652.88471082628	0.874898449814631	0.0541050435126905	16.1703677330824	8.160977289637e-59	2.08672943452778e-58	FH
FHAD1	17.5518310043652	-1.21422987624866	0.0869414284256018	-13.9660677106049	2.51113711106402e-44	5.53686662619592e-44	FHAD1
FHDC1	1003.3695624283	-3.62472728155129	0.0960724862171045	-37.7290879447018	0	0	FHDC1
FHIT	365.981294269298	0.887006902599873	0.0361019896417592	24.569474186926	2.678723994661e-133	1.2662739135476e-132	FHIT
FHL1	192425.7893364	-1.30021946485184	0.106020254648698	-12.2638779652073	1.41559577275283e-34	2.80331567715332e-34	FHL1
FHL2	14305.2365446845	4.57583453010041	0.0450186968452412	101.642980600495	0	0	FHL2
FHL3	28022.2543557248	-4.65308952791901	0.11481777027196	-40.5258656120703	0	0	FHL3
FHL5	1144.28303394865	-0.898516369947124	0.0564516800965269	-15.9165567510258	4.86419177729955e-57	1.22120385192705e-56	FHL5
FHOD1	6250.08738687709	-1.30478948098281	0.0665847333511993	-19.5959256020556	1.67511590470613e-85	5.47155895492925e-85	FHOD1
FHOD3	3735.33089617298	2.7589010252577	0.0793575058380674	34.7654704633404	8.09170677911258e-265	8.75353447901476e-264	FHOD3
FIBIN	1509.72399339315	0.20274277494062	0.0547226936051501	3.70491219609005	0.000211463971112332	0.000257984611588823	FIBIN
FIBP	2145.3811719525	0.336110206289825	0.0218495822099136	15.38291227085	2.13141081770637e-53	5.15900579931859e-53	FIBP
FICD	228.459999604751	0.546460312067248	0.0331570972628908	16.4809454740431	5.02921676717927e-61	1.31681354219628e-60	FICD
FIG4	1076.65619574402	-0.37644804292145	0.0175908689299434	-21.4001960005884	1.33047598757844e-101	4.9812600358568e-101	FIG4
FIGLA	2.66221283921217	0.0585634806719221	0.1219311793631	0.480299468748066	0.631014466577134	0.648634731204602	FIGLA
FIGN	562.416378394964	1.33654563575009	0.041860544471722	31.928529660023	1.07326215923288e-223	9.25277400783098e-223	FIGN
FIGNL1	364.711740828146	-0.570081994825	0.0300728641999999	-18.956691023298	3.88851834500392e-80	1.21228297070342e-79	FIGNL1
FILIP1	2848.4894979684	1.10948098360011	0.103236155109015	10.747019611768	6.12074704983427e-27	1.10511100946907e-26	FILIP1
FILIP1L	4223.88393380122	-0.00958472586286421	0.0571231979873606	-0.167790428417278	0.866748152759457	0.874810617884145	FILIP1L
FIP1L1	1617.2151055223	-0.492804730788311	0.0164427519802134	-29.9709398634325	2.34788610168803e-197	1.73570011156001e-196	FIP1L1
FIS1	6685.88369065356	0.382150130002912	0.037081410508205	10.3057064109887	6.64020174374391e-25	1.16911454997197e-24	FIS1
FITM1	3702.25263391722	0.788812150604475	0.124639392868592	6.32875475762402	2.4714754789136e-10	3.45680109525437e-10	FITM1
FITM2	3015.67077670689	3.1523612586436	0.0406887508182009	77.4750071027858	0	0	FITM2
FIZ1	918.694964055684	0.387003343081724	0.0217800950759662	17.7686709691535	1.23584097896276e-70	3.548631912954e-70	FIZ1
FJX1	319.027707751317	-0.413711978392246	0.0653943732577313	-6.32641552755206	2.50921558895897e-10	3.50795198950376e-10	FJX1
FKBP10	2221.88253148882	0.393249625701259	0.0537012410740335	7.32291503578322	2.42641439907786e-13	3.58721136644223e-13	FKBP10
FKBP11	380.464837761482	0.306776112264665	0.0548857485998258	5.58935825948885	2.27910310351317e-08	3.054585285261e-08	FKBP11
FKBP14	511.458033331205	0.704681387502483	0.0330617231936345	21.3141155219084	8.39791952543232e-101	3.1272434707759e-100	FKBP14
FKBP15	3154.90662719856	-0.244007201012523	0.0156414064819322	-15.6000805486631	7.27023347555325e-55	1.78688521017796e-54	FKBP15
FKBP1A	8320.06219839485	0.35739150902624	0.0292957031451423	12.1994514777674	3.12924796828655e-34	6.1744593529679e-34	FKBP1A
FKBP1C	18.5317639785674	0.38618700971239	0.0470835574224504	8.20216293869605	2.36099988236474e-16	3.67015188967597e-16	FKBP1C
FKBP3	3553.12230952482	-0.508611800292205	0.0724272869304789	-7.02237819263351	2.18123144240956e-12	3.17262016764823e-12	FKBP3
FKBP4	5416.29781880512	-0.379512060929446	0.0385247066801988	-9.85113434035594	6.77746839382244e-23	1.15981755449375e-22	FKBP4
FKBP5	48737.4095221544	-2.14349080336471	0.0864929013723693	-24.7822742601333	1.3922026556977e-135	6.6900800868164e-135	FKBP5
FKBP6	2.97480405811122	-0.995543476514823	0.109080413749986	-9.12669325582711	7.06234746998494e-20	1.15729919715247e-19	FKBP6
FKBP7	375.457005743704	0.45459716858033	0.0393040537398757	11.5661649454525	6.11556013827741e-31	1.16124681486426e-30	FKBP7
FKBP8	11814.6685717629	0.28485897858416	0.0177689052130527	16.0313184840959	7.72266720819626e-58	1.95603957246012e-57	FKBP8
FKBP9	5338.68326869137	0.605902684347334	0.0353435476997113	17.1432333136236	7.06125549160044e-66	1.93469802289649e-65	FKBP9
FKBPL	255.848024418252	-1.08087835302517	0.0440297440374307	-24.5488220895921	4.45210324851031e-133	2.09961515788405e-132	FKBPL
FKRP	1229.64173637818	0.453248452579611	0.0336125764782132	13.484490035252	1.92995291703003e-41	4.11965877617188e-41	FKRP
FKTN	1133.19536566778	-0.226595200594182	0.0213305604437057	-10.6230308009111	2.32875041883474e-26	4.17819558351881e-26	FKTN
FLAD1	1838.41973333902	-0.14094401523019	0.0191081397150828	-7.37612438111585	1.62963777784138e-13	2.41620209529056e-13	FLAD1
FLCN	3580.55703115965	0.0332003449580896	0.0320039229444531	1.03738360499471	0.299557116021456	0.318150194436382	FLCN
FLG	33198.2561561882	-8.80194357798558	0.160040013877216	-54.9983929940079	0	0	FLG
FLG-AS1	112.977272905136	0.591725811753657	0.0606813637524167	9.75135981069792	1.82013657680365e-22	3.09418061375414e-22	FLG-AS1
FLG2	45203.5077025894	-9.64323725074526	0.171553571103396	-56.2112300473959	0	0	FLG2
FLI1	1310.6368592994	0.80987660746794	0.0501491909144922	16.1493454370747	1.14773133529579e-58	2.92929416796534e-58	FLI1
FLII	20650.5754664379	-0.562816607248642	0.0493236787566058	-11.4106778212131	3.69836039401762e-30	6.95873162461703e-30	FLII
FLNA	41923.5791118301	0.0103355816176738	0.0501992024171236	0.205891351256773	0.836875781415691	0.846849229370052	FLNA
FLNB	8869.28331381717	-0.581990458746171	0.0572041415638582	-10.1739217272666	2.59255368535756e-24	4.52829020862812e-24	FLNB
FLNB-AS1	219.975288546231	-0.642564356955919	0.0629469510750255	-10.2080298724883	1.82533355297684e-24	3.1953543992158e-24	FLNB-AS1
FLNC	176747.864123403	0.228230067196858	0.132344506115752	1.72451485819322	0.0846149390108774	0.0932105450789306	FLNC
FLOT1	9589.01427551551	0.934848919794621	0.0398922565836394	23.4343454057202	1.90926277350041e-121	8.32977197910346e-121	FLOT1
FLOT2	4990.00679134449	0.487793342937455	0.0258019716239311	18.9052739863116	1.03202119952864e-79	3.20465992974212e-79	FLOT2
FLRT1	67.6096617530222	0.309017897109761	0.0619553900620522	4.9877483912257	6.1087053555963e-07	7.95218434380164e-07	FLRT1
FLRT2	1420.98638463729	-1.93210093283871	0.0522618707601903	-36.9696090999953	3.52657244954407e-299	4.54090348099019e-298	FLRT2
FLRT3	238.35011563908	-3.61607923314404	0.0812136470087831	-44.5255122301424	0	0	FLRT3
FLT1	5732.91964891688	1.44165083174089	0.0606582012751243	23.7667916528232	7.36766372829013e-125	3.29095073878289e-124	FLT1
FLT1P1	1.1764824183141	0.837091156304393	0.154114278762954	5.43162621285687	5.5842798205094e-08	7.42796283521685e-08	FLT1P1
FLT3	32.1286748752662	-0.765425522213319	0.0822855209986585	-9.30206812722007	1.37739968192331e-20	2.28226911582304e-20	FLT3
FLT3LG	453.3678228011	-0.0762376176771946	0.0418181079323705	-1.82307668726879	0.0682917769073024	0.0755528410121289	FLT3LG
FLT4	1666.47400523436	0.699532154343758	0.0610282995224342	11.4624225124707	2.03735214786045e-30	3.84588674639638e-30	FLT4
FLVCR1	384.220004681119	-0.375604379532176	0.0376274901035571	-9.98218000983991	1.82414214016363e-23	3.14826295926035e-23	FLVCR1
FLVCR2	487.261179380771	-1.82762570834383	0.0542365873127519	-33.6972844143924	6.33514285960242e-249	6.24528513777126e-248	FLVCR2
FLYWCH1	5122.51492864934	-0.179207911175069	0.0263916170774481	-6.79033462213287	1.11873754332996e-11	1.60567648839759e-11	FLYWCH1
FLYWCH2	795.431204622897	0.57009662067625	0.025598901676939	22.270354715641	7.16319918446149e-110	2.86607576171352e-109	FLYWCH2
FMN1	703.627412229858	-2.09975125695501	0.0650618880401896	-32.2731374727086	1.66648338364155e-228	1.46763049848001e-227	FMN1
FMN2	31.5570370115482	-2.34970572585506	0.0810039052694041	-29.0073141293666	5.3205750590824e-185	3.61690602864586e-184	FMN2
FMNL1	841.172916162212	0.592616927877592	0.0439085497231242	13.4966181214019	1.63720679811636e-41	3.49683905705893e-41	FMNL1
FMNL2	2668.21842886273	-1.13445629568839	0.0402415831059852	-28.1911447842533	7.50834858185771e-175	4.78773584208362e-174	FMNL2
FMNL3	2105.54410116434	1.08235379987531	0.0408805687859474	26.475996592478	1.83208585145639e-154	1.00485610640056e-153	FMNL3
FMO1	182.097701112446	-1.48821342524591	0.104691976377932	-14.2151621999526	7.37802956151603e-46	1.65559598774433e-45	FMO1
FMO2	3162.20126746266	1.08014566392795	0.0713682791917862	15.1348144604313	9.54495226709379e-52	2.27997194479771e-51	FMO2
FMO3	371.243389766984	-0.287653669260086	0.0516796036020547	-5.56609666504195	2.60508766839436e-08	3.48811240097939e-08	FMO3
FMO4	213.992063717582	0.626944673644286	0.0473683350031746	13.2355227094697	5.47147458672877e-40	1.14698979894846e-39	FMO4
FMO5	534.38457531773	-0.982158985062119	0.0772847220939397	-12.7083200722169	5.31642881973578e-37	1.07929440830116e-36	FMO5
FMO6P	7.76566041491105	-1.03318817360697	0.0883595489168328	-11.6929996392291	1.38410146319937e-31	2.649145182249e-31	FMO6P
FMOD	3504.57320759502	0.0847264121327703	0.0666633332793254	1.27095973100773	0.203742974905171	0.219156097476425	FMOD
FMR1	1828.07255382566	0.0432565839801376	0.0251535447700162	1.7197013134984	0.0854867489582202	0.0941363533368154	FMR1
FN1	18697.334497931	1.94213723179902	0.0603306335457558	32.1915603675216	2.31654843301417e-227	2.02133729242307e-226	FN1
FN3K	1054.28006280879	1.75042104554626	0.0570173131634009	30.6998163966422	5.72386683608743e-207	4.48955672838387e-206	FN3K
FN3KRP	1217.00453616947	-0.191780839068127	0.0277047426403405	-6.92231079558477	4.44335051163378e-12	6.4280923057076e-12	FN3KRP
FNBP1	3375.3777544106	-0.677449947207689	0.0219391249041802	-30.8786221039569	2.31343033541765e-209	1.83858982198027e-208	FNBP1
FNBP1L	2743.07179759023	0.184477632238674	0.0278372194282463	6.62701361801552	3.42546043318202e-11	4.8690550582525e-11	FNBP1L
FNBP4	7385.38592844509	-0.594900116635507	0.023691640010001	-25.1101281458093	3.85518035695064e-139	1.89868951040953e-138	FNBP4
FNDC1	487.572368495277	1.31070299568047	0.0938633542453657	13.9639479775483	2.58697190308022e-44	5.70198129390805e-44	FNDC1
FNDC3A	2347.78542404314	0.170898167477531	0.0244601860351362	6.98678935769506	2.81248010723353e-12	4.08285922663796e-12	FNDC3A
FNDC3B	3794.40700823846	0.00270516198105237	0.0393494558005322	0.0687471256213861	0.945190906088005	0.948933714472403	FNDC3B
FNDC4	600.764583765318	-1.48789793960614	0.0756068400588074	-19.6794091440516	3.23754714903681e-86	1.06504178051556e-85	FNDC4
FNDC5	4659.25489120965	-0.261110168388646	0.127582226282496	-2.04660301044198	0.0406970790363114	0.0455476324131212	FNDC5
FNDC7	2.44895732837112	-1.15184526162116	0.109455559055421	-10.5234057690752	6.73925913711826e-26	1.20147968433461e-25	FNDC7
FNDC9	3.51025129895372	1.13726909318947	0.115682390911815	9.83096117071447	8.28244625544221e-23	1.41561256213649e-22	FNDC9
FNIP1	2315.49074068666	-0.5540183704128	0.0258909783643295	-21.3981241889291	1.39092388540144e-101	5.20540974243478e-101	FNIP1
FNIP2	2442.28909264309	0.85241263029655	0.0358952166176778	23.7472485366407	1.17306678664918e-124	5.2345997090907e-124	FNIP2
FNTA	4079.18975547302	-0.255530616794207	0.0154801294514501	-16.5070077479404	3.26684609679132e-61	8.57237559596801e-61	FNTA
FNTAP2	1.42839620375029	-0.59281853663523	0.115670669145662	-5.1250549600323	2.97450966728879e-07	3.89950830390107e-07	FNTAP2
FNTB	1109.06366283025	-0.410832628580356	0.0361476140261634	-11.3654148316124	6.21684261456518e-30	1.16608715124297e-29	FNTB
FOCAD	1680.47226166194	0.503278560600529	0.0263166594629902	19.1239530727029	1.59544569927493e-81	5.05182375244468e-81	FOCAD
FOLH1	67.2652525635967	-2.22085019451915	0.10127530414594	-21.9288425075363	1.37890543374664e-106	5.36684901899963e-106	FOLH1
FOLR1	76.0330016746602	-3.0396971166936	0.138916262204311	-21.8815066606311	3.89752618720439e-106	1.51107837380716e-105	FOLR1
FOLR2	415.688681273596	0.126573376721257	0.0696666522644287	1.81684310365355	0.0692411406788126	0.0765796125190038	FOLR2
FOLR3	11.8606194076589	0.837952654323556	0.0898866230431321	9.32232879548121	1.1381428614558e-20	1.88844222039504e-20	FOLR3
FOS	22365.4412312893	-0.566623222081366	0.0903424277945942	-6.27195035503873	3.56553278609753e-10	4.9700445781742e-10	FOS
FOSB	3928.61099321749	-0.45829351278237	0.121257971788872	-3.77949182244551	0.000157148754019078	0.000192581844992676	FOSB
FOSL1	424.71670191528	0.601917893189019	0.0898662824441238	6.69792804173549	2.11395307681464e-11	3.01698797556017e-11	FOSL1
FOSL1P1	1.23153466369883	1.35237068304579	0.130056446197141	10.3983364345959	2.5229932385454e-25	4.46967830794761e-25	FOSL1P1
FOSL2	19496.6144552403	-0.92977395653419	0.0433203648115861	-21.4627453064643	3.47186613676144e-102	1.30637672089972e-101	FOSL2
FOXA1	416.405541206027	-7.29279852602165	0.172626406242009	-42.2461353670174	0	0	FOXA1
FOXA2	1.67521578174674	-0.782303667012411	0.199908945117229	-3.91329996040778	9.10433248007321e-05	0.000112266809819015	FOXA2
FOXC1	929.987327593364	-0.71355237441334	0.0585991093251746	-12.1768467580922	4.12940316038119e-34	8.14166333954237e-34	FOXC1
FOXC2	120.350270333761	1.92180093534884	0.0578130407433947	33.2416512025171	2.69502435144423e-242	2.5600598074062e-241	FOXC2
FOXD1	31.1393660464103	-3.53938006470702	0.0902691969077456	-39.2091675339068	0	0	FOXD1
FOXD2	27.2593555278576	-1.35820183880599	0.0588266567685152	-23.088203773853	6.08291374455007e-118	2.5898422496605e-117	FOXD2
FOXD4	12.9946061153926	-0.224720847580136	0.0661912271556186	-3.39502464657148	0.000686224227711612	0.000824174160864473	FOXD4
FOXD4L1	4.34991176873075	-0.462037241463269	0.0924157530493724	-4.99955068500528	5.7464065630378e-07	7.48704867843396e-07	FOXD4L1
FOXD4L5	1.38959874899146	-0.0184888892677849	0.161691126191759	-0.114346963270314	0.908962755305512	0.914500254764952	FOXD4L5
FOXE1	19.5037676331507	-2.71473857503701	0.130791272741006	-20.7562669751885	1.076082424794e-95	3.82363989907555e-95	FOXE1
FOXE3	4.04560910662512	-1.56558298947425	0.100939283558635	-15.5101456467621	2.96206233634033e-54	7.23671065641453e-54	FOXE3
FOXF1	74.9831869983984	0.550004718554901	0.0705065010325877	7.80076603575452	6.15325009754156e-15	9.33069286545746e-15	FOXF1
FOXF2	90.531473386594	-1.35267726612257	0.0463974312927028	-29.1541412624563	7.40292070113852e-187	5.09988425339435e-186	FOXF2
FOXG1	2.5069108858572	-0.435796705729925	0.131891430263782	-3.30420789931789	0.000952451721232489	0.00113898116215412	FOXG1
FOXH1	4.07778229096344	-1.80720419178604	0.0961327244781839	-18.7990530965983	7.68765619935407e-79	2.37002053852668e-78	FOXH1
FOXI1	102.523722214532	-8.12565952086992	0.22223053609116	-36.5640998928102	1.06453900603407e-292	1.3270614021897e-291	FOXI1
FOXI2	34.2860083917214	0.662738090919828	0.0763755373513992	8.67736076108521	4.05058658528319e-18	6.46234238426684e-18	FOXI2
FOXJ1	37.3892653020328	-4.34757041342723	0.113495321502729	-38.3061641296173	0	0	FOXJ1
FOXJ2	3679.71153955796	-0.372337443152841	0.0237847821349264	-15.6544399288858	3.09828782895696e-55	7.63585421810709e-55	FOXJ2
FOXJ3	5077.47150942419	-0.777823186827385	0.0238461517907382	-32.6183945172022	2.24991133739878e-233	2.0341865386497e-232	FOXJ3
FOXK1	3085.93771791031	-0.361522337509453	0.0273654518567808	-13.2109032732771	7.59080259396611e-40	1.58923048957878e-39	FOXK1
FOXK2	3861.18423051036	-0.680706216232504	0.0327548769298513	-20.7818279302444	6.32057625702663e-96	2.25166620231024e-95	FOXK2
FOXL1	171.509434222876	0.21532433794949	0.0696166922192356	3.09299869162693	0.00198145008812388	0.00234180835377309	FOXL1
FOXM1	144.140267847366	-0.738280099524496	0.0798538791491077	-9.2453880436533	2.34388666489664e-20	3.86978848526134e-20	FOXM1
FOXN1	1473.27011078753	-9.36729953787238	0.189812550948893	-49.3502642003611	0	0	FOXN1
FOXN2	746.683493341275	-0.314810137650998	0.0311684961047579	-10.1002671605622	5.50918971963626e-24	9.58173180127269e-24	FOXN2
FOXN3	7881.86178380061	-0.910257475545648	0.0336563707835308	-27.0456218051612	4.3003292609122e-161	2.47317019251375e-160	FOXN3
FOXN3-AS1	77.4455122743456	0.89962093776525	0.0484901244395134	18.5526630043492	7.76099636214376e-77	2.35273990425985e-76	FOXN3-AS1
FOXN4	20.5260315959415	-3.11005602684668	0.102352352070562	-30.3857797493758	8.46654190092464e-203	6.46062826445716e-202	FOXN4
FOXO1	8605.79808979443	-2.37035922869354	0.0603696588698301	-39.2640818760389	0	0	FOXO1
FOXO3	9847.76025980736	-1.5995935296933	0.0444490530253859	-35.9871228028128	1.33023325351498e-283	1.59106503631384e-282	FOXO3
FOXO3B	123.636736810774	-0.565297877647531	0.0333457128658612	-16.9526403565441	1.84001489832493e-64	4.96955861736641e-64	FOXO3B
FOXO4	3513.06984237757	-0.81448101579269	0.0500576135209407	-16.270871871508	1.58879306025595e-59	4.09446870116927e-59	FOXO4
FOXO6	145.45832231882	-0.496905994418369	0.0540555019552161	-9.19251466446553	3.83763114853079e-20	6.31282082652863e-20	FOXO6
FOXP1	2355.21565821399	-0.01182491811877	0.0332608610739398	-0.355520504790387	0.722199686355148	0.736311540217434	FOXP1
FOXP2	618.898207733796	-1.53283694568953	0.0414301592856656	-36.9980944345505	1.22882686142012e-299	1.58567113494075e-298	FOXP2
FOXP3	38.9515801829669	-2.58043800763206	0.0925918607735101	-27.8689507487499	6.34873145821202e-171	3.9353827472202e-170	FOXP3
FOXP4	2230.94771512926	0.0873383908571105	0.0221658425111468	3.94022428036244	8.14054656713463e-05	0.000100582043211607	FOXP4
FOXQ1	854.998878214362	-6.79291544378289	0.139130274227729	-48.8241360946662	0	0	FOXQ1
FOXR1	0.67882025361828	-1.10634306652061	0.140344587806618	-7.88304760312561	3.19491282891589e-15	4.86767886866822e-15	FOXR1
FOXRED1	1283.71735351906	0.684107853844435	0.0299152947086108	22.8681636102192	9.64053989884378e-116	4.04332149858077e-115	FOXRED1
FOXRED2	826.419718995363	-0.698327454716692	0.030759137861491	-22.7030893343394	4.17596209075562e-114	1.73006889748428e-113	FOXRED2
FOXS1	129.645253395259	2.24338547761055	0.0703770656500162	31.8766555111414	5.62513772552339e-223	4.83101642161959e-222	FOXS1
FPGS	3125.95261541436	-0.0486774479529851	0.0371582092889088	-1.31000521511984	0.190194071355246	0.204961894065241	FPGS
FPGT	637.203244469826	0.397847429313312	0.0231322342305706	17.1988328212384	2.70934118124495e-66	7.45161964913528e-66	FPGT
FPR1	184.817884573097	1.12070620465935	0.0764159836130199	14.6658611414955	1.0665538469452e-48	2.46837693479823e-48	FPR1
FPR2	21.3762759540009	1.68447335708671	0.0913468662786197	18.4404066139374	6.22712007977642e-76	1.87042196823052e-75	FPR2
FPR3	128.579154198414	0.134119306388451	0.0702489191936509	1.90920099451968	0.0562361680614726	0.0624881025478128	FPR3
FRA10AC1	1473.74318808521	0.229345195833902	0.0190529943908397	12.0372258097219	2.26443159109456e-33	4.42392371079804e-33	FRA10AC1
FRAS1	495.366811124571	-0.158071934839966	0.0563708205675285	-2.80414464874796	0.00504502656865833	0.00587384536979617	FRAS1
FRAT1	307.376409937867	-0.00241825199482436	0.0354396331403109	-0.0682358077819295	0.945597922898442	0.949289398811826	FRAT1
FRAT2	800.683080210259	-0.959846749792878	0.052450931442728	-18.2998990368922	8.29023719677623e-75	2.46828580514669e-74	FRAT2
FREM1	315.015646372202	1.2094807029093	0.0656082827262801	18.4348782295567	6.89738557354575e-76	2.07140203052047e-75	FREM1
FREM2	390.433752001615	-4.01841300183441	0.100708924931911	-39.9012600377894	0	0	FREM2
FREM3	2.46695024343455	0.624573941597063	0.111527425273316	5.60018255659039	2.14126184891199e-08	2.8728370382548e-08	FREM3
FRG1	929.55759067077	-0.0312069217639409	0.0152037994281954	-2.05257389189625	0.0401139218098016	0.0449145180380816	FRG1
FRK	485.361339816484	1.22461396681826	0.0484221212671494	25.2903824692426	4.07553673056339e-141	2.03731565362042e-140	FRK
FRMD1	108.239032224758	-2.85244112818572	0.101138022862805	-28.2034495775647	5.304833259686e-175	3.3862518974329e-174	FRMD1
FRMD3	2287.91158618108	1.19414860011724	0.0672070273412591	17.7682103696341	1.24602886828037e-70	3.57731509695614e-70	FRMD3
FRMD4A	1709.03586928377	0.377101634954201	0.0512776302298109	7.35411588375176	1.9219494322965e-13	2.84655354046152e-13	FRMD4A
FRMD4B	1797.91917849846	-1.05543103216965	0.0706913385904916	-14.9301322228975	2.09849585488404e-50	4.93855718182344e-50	FRMD4B
FRMD5	325.948558052551	6.13196971843922	0.0756660932196697	81.0398615485171	0	0	FRMD5
FRMD6	2827.17711093	-1.38233759161694	0.0611578739398787	-22.6027738141428	4.06987210907265e-113	1.67455469338096e-112	FRMD6
FRMD7	12.3779435124276	-0.0884737116360443	0.13436115524045	-0.658476860203482	0.510231761283786	0.530814421480057	FRMD7
FRMD8	2822.67505069201	-0.386887111398921	0.0453298954725122	-8.53492176335431	1.40250300245132e-17	2.21946870743966e-17	FRMD8
FRMPD1	334.129695142623	-2.2241615346236	0.0830274318736331	-26.7882732782673	4.42605119071578e-158	2.49525046927888e-157	FRMPD1
FRMPD2	4.53120643680556	-0.692610936411306	0.16137450195371	-4.2919477862121	1.77112601925381e-05	2.22686592670167e-05	FRMPD2
FRMPD3	15.3684460174303	-0.460028839553428	0.0760948966002965	-6.04546244368818	1.48982052975109e-09	2.05142349545241e-09	FRMPD3
FRMPD4	48.4725603286273	3.18609080107001	0.0944319836014284	33.7395306077402	1.52255110055855e-249	1.50838978322259e-248	FRMPD4
FRRS1	793.338194639887	-1.09532288804771	0.059489797910099	-18.4119450145546	1.05369492362434e-75	3.16020698436552e-75	FRRS1
FRRS1L	28.8795196036551	2.21089489911343	0.0997882877853914	22.1558556437832	9.16035952513937e-109	3.62966391838067e-108	FRRS1L
FRS2	1226.62228278455	-0.557752878828591	0.0170307166479632	-32.7498184813787	3.05436772183423e-235	2.7980495348976e-234	FRS2
FRS3	459.698319641022	0.567477597936473	0.0355960658846596	15.9421437126015	3.23077820804464e-57	8.12819546093802e-57	FRS3
FRY	3984.35757001165	1.29127558456676	0.0314116658724197	41.1081535698029	0	0	FRY
FRYL	2892.15902861936	0.128452906256246	0.0206420959655639	6.2228615965422	4.88167995112154e-10	6.78310465458424e-10	FRYL
FRZB	1342.81216570335	-0.855268262347548	0.0679250886908774	-12.5913455371375	2.35622339706342e-36	4.75177877778833e-36	FRZB
FSBP	134.776782245143	0.0149483673295558	0.0366425560880422	0.407950998113746	0.683309650664149	0.699076841239292	FSBP
FSCN1	2782.3393346069	-0.620595966875217	0.0789247372044107	-7.86313631007611	3.74632955460183e-15	5.70104643777052e-15	FSCN1
FSCN2	23.3295585248654	-0.923601238718112	0.0703061951693179	-13.1368400251757	2.02508354895367e-39	4.21671821454194e-39	FSCN2
FSCN3	10.2771368635847	-0.84862384626169	0.082875353167123	-10.2397614469333	1.31560349417708e-24	2.30797958275818e-24	FSCN3
FSD1	5.53897896458719	0.584827030393339	0.0802244603013125	7.28988425969843	3.10221411717641e-13	4.57804200059785e-13	FSD1
FSD1L	676.467174749189	-0.491233327200216	0.0640249481086959	-7.67252987642009	1.68636662647392e-14	2.54027494921816e-14	FSD1L
FSD2	2423.95397943744	0.587115561118545	0.122547572195685	4.79091956371877	1.66018676490247e-06	2.14045422969556e-06	FSD2
FSHR	2.45127867020278	3.9549985559445	0.152846639910299	25.8756002635425	1.25368141697588e-147	6.57370206437018e-147	FSHR
FSIP1	29.5642778565034	0.0271810399746925	0.0768158994572515	0.353846536547019	0.723453895670904	0.737378771320307	FSIP1
FSIP2	128.796001005617	-0.923049959875869	0.0616197926368506	-14.9797641370811	9.95697676210899e-51	2.35186378027456e-50	FSIP2
FST	934.680900229136	-1.30824242182903	0.0609562233981157	-21.4619992660089	3.52802650209858e-102	1.32723103582605e-101	FST
FSTL1	16172.2256345465	0.57266561425105	0.0618247557312921	9.26272344269368	1.99283029615041e-20	3.29351250101025e-20	FSTL1
FSTL3	3537.28403250466	1.9373415445835	0.0603694461083252	32.091424875875	5.80724842155926e-226	5.03304183131865e-225	FSTL3
FSTL4	156.494380191217	-4.45791095476096	0.0990590492329919	-45.0025614951717	0	0	FSTL4
FTCD	40.5603152967283	1.79609880021555	0.058901595857504	30.4932111612173	3.20601104934524e-204	2.4726394558382e-203	FTCD
FTCDNL1	201.571730249821	-1.18007880554033	0.0680370617438768	-17.3446468041594	2.16504836222017e-67	6.02086135768969e-67	FTCDNL1
FTH1	13029.7974345076	0.0963323013212058	0.0483128859662499	1.99392562449076	0.0461601831405698	0.0515241183551434	FTH1
FTH1P1	8.0670078134433	-1.53937911927528	0.0810819935987739	-18.9854621346972	2.24948426483055e-80	7.03491422015544e-80	FTH1P1
FTH1P11	21.7773231607498	0.302795187611353	0.0580528001451264	5.21585844015093	1.82967872735255e-07	2.40795779873324e-07	FTH1P11
FTH1P12	6.34326758667558	0.214393320506962	0.0662171707612382	3.23773000329489	0.00120484775932618	0.00143632215335302	FTH1P12
FTH1P16	19.3816663458996	0.364831019236005	0.0480569986161397	7.59163139067696	3.15902614966189e-14	4.74156839156705e-14	FTH1P16
FTH1P2	31.2612358924511	0.332337031703215	0.0544969981972377	6.09826307314044	1.07227176711123e-09	1.47998497774645e-09	FTH1P2
FTH1P20	49.1945788710459	0.178999347551397	0.0485682431624171	3.6855223886276	0.000228234016334411	0.000278142341617747	FTH1P20
FTH1P23	16.1566176497557	0.360652975979176	0.0568865320658795	6.33986574469875	2.29965467735979e-10	3.21898008142718e-10	FTH1P23
FTH1P24	1.35850342042809	-0.809030311654707	0.14014425017986	-5.7728398462042	7.79465210989922e-09	1.05584718662274e-08	FTH1P24
FTH1P3	9.28164383824477	0.492097893327534	0.0528263610596551	9.31538503611527	1.21511004702389e-20	2.01484855899751e-20	FTH1P3
FTH1P4	6.63169852882255	0.134128355066958	0.05809976989296	2.30858668311543	0.0209665276161029	0.0238118904490516	FTH1P4
FTH1P5	5.15761979727131	0.346511822122213	0.0681827892955878	5.08210100675122	3.73282813716006e-07	4.88120291275739e-07	FTH1P5
FTH1P7	41.3943438460116	0.264573644478035	0.0516549025389062	5.1219464460079	3.02397784280485e-07	3.96378250552175e-07	FTH1P7
FTH1P8	43.0710016861908	0.335636423236472	0.0536881924888935	6.25158731700466	4.06301835705517e-10	5.65517617299545e-10	FTH1P8
FTL	53688.5904781976	-0.269252401427822	0.048698952252655	-5.52891569475486	3.22216133668018e-08	4.30858165366066e-08	FTL
FTLP2	6.84756950943931	-0.239032606214342	0.0661480814148585	-3.61359847635202	0.00030197658756207	0.00036681831113468	FTLP2
FTLP3	86.9344305440921	-0.167792346769744	0.0551284324654582	-3.04366257601969	0.00233717119524309	0.00275534865974005	FTLP3
FTO	3027.06201936443	-0.302986769792731	0.0207856072435361	-14.5767581501355	3.94825425113895e-48	9.09786543455609e-48	FTO
FTOP1	14.0944587109425	-0.597020499689488	0.0595276256015066	-10.0293014152135	1.13315469336535e-23	1.9624704286386e-23	FTOP1
FTSJ1	1353.89754838344	-0.276866799584214	0.0160523266528144	-17.2477676023165	1.16307192471467e-66	3.20816085148463e-66	FTSJ1
FTSJ3	3114.33292289706	-0.202731666348437	0.0213489107883335	-9.49611286301424	2.17871603684381e-21	3.64692834101036e-21	FTSJ3
FTX	2864.8154985834	-0.0021422078862185	0.0297603220761059	-0.0719820128539014	0.94261622237682	0.946401618551238	FTX
FUBP1	5971.02165505206	-0.167944888020248	0.0205368392968849	-8.17773784915984	2.89222143091547e-16	4.49050180937635e-16	FUBP1
FUBP3	2410.45259541001	-0.0263425349453928	0.0160992458373322	-1.63625894104354	0.10178540536984	0.111572225189532	FUBP3
FUCA1	893.440344175396	-0.156869468144033	0.0271543971377908	-5.77694534509542	7.60689817933998e-09	1.03080227436238e-08	FUCA1
FUCA2	1103.03541702414	1.08135526161417	0.0432897746233027	24.9794615708643	1.02220901963376e-137	4.98666248304263e-137	FUCA2
FUNDC1	555.402668457254	1.125147576531	0.0247046569749027	45.5439465390687	0	0	FUNDC1
FUNDC2	7470.52731364926	0.630812484379293	0.0628037694173124	10.0441819055116	9.74529333602389e-24	1.6888902025779e-23	FUNDC2
FUOM	183.579844973964	0.447542571908244	0.0504126501469335	8.87758470550209	6.8327801162604e-19	1.10350686230758e-18	FUOM
FURIN	8819.7926131068	0.0232290202058011	0.0322132637013696	0.721101109814385	0.470847308277342	0.49143169225375	FURIN
FUS	7773.58689886505	-0.129552558500382	0.0191590781224046	-6.76194113686938	1.36155024852377e-11	1.95168546135343e-11	FUS
FUT1	339.78896225618	1.23323852764683	0.0553242157478901	22.2911163036932	4.50615906164039e-110	1.80657838014674e-109	FUT1
FUT10	259.760082198725	-0.759780039903694	0.050715350420929	-14.9812637317429	9.73482399164804e-51	2.29969247603224e-50	FUT10
FUT11	825.378880114618	1.06856215243181	0.0262694235867853	40.6770308035745	0	0	FUT11
FUT2	144.083290023811	-1.88779046464471	0.0975457397031165	-19.3528745631564	1.92784168248396e-83	6.20140781386594e-83	FUT2
FUT3	49.1736792996892	-3.92519842121384	0.133042615383702	-29.5033167372227	2.6102967606128e-191	1.84919134151086e-190	FUT3
FUT4	190.060652415787	0.190627358464172	0.0418926246036648	4.55037993603045	5.35491358539287e-06	6.82240777483595e-06	FUT4
FUT6	8.00914072085176	-2.47862305263794	0.146557950459676	-16.9122387756092	3.65552850943487e-64	9.84929931123141e-64	FUT6
FUT7	10.7142441444473	0.94702946798983	0.070486718425845	13.4355732418746	3.74159641228112e-41	7.96034476036786e-41	FUT7
FUT8	605.580600627021	0.0178395980082241	0.0359913736632775	0.495663160154014	0.620132082987391	0.638359788749129	FUT8
FUZ	719.141983434181	0.167537502396324	0.0375759741899655	4.45863363513445	8.24837654339459e-06	1.04562694477215e-05	FUZ
FXN	577.940616476897	0.799940193481745	0.0614210506173078	13.0238767562913	8.95085472971023e-39	1.85136546006565e-38	FXN
FXR1	16063.9627366425	-1.3424211741262	0.0762810116001943	-17.5983661722018	2.53533248273772e-69	7.18943289567765e-69	FXR1
FXR2	5882.38321646519	0.226906314956049	0.0575254124538738	3.94445350805597	7.99821684261228e-05	9.88302453211584e-05	FXR2
FXYD1	5999.39947106217	0.334745544023177	0.0818388521065571	4.09030106614064	4.30813593932095e-05	5.36275188740173e-05	FXYD1
FXYD2	33.9777114223213	2.0782817398784	0.0573436382606193	36.2425859767195	1.30032794035738e-287	1.58156778745765e-286	FXYD2
FXYD3	3488.7063085602	-6.29502220677261	0.128488956488564	-48.9927101815392	0	0	FXYD3
FXYD5	2281.20285834491	-0.12791628680525	0.0558330204763046	-2.29105081032715	0.0219604751311411	0.0249202870097505	FXYD5
FXYD6	1262.20441415515	2.20505792249634	0.0385663293519158	57.1757271057687	0	0	FXYD6
FXYD7	38.4881007179309	-1.77758647878203	0.067284034623379	-26.4191422041207	8.25863325609912e-154	4.50359458476341e-153	FXYD7
FYCO1	13548.9169131844	-0.481407659412425	0.0706184148844642	-6.81702726123258	9.29436330701102e-12	1.33600442297776e-11	FYCO1
FYN	2948.89417715141	0.172034306651281	0.048074409473717	3.57850067290653	0.000345570978975808	0.000418953609411606	FYN
FYTTD1	5755.13099336731	-0.444445991389592	0.0425068246456554	-10.4558737354431	1.37723459672402e-25	2.4475861364033e-25	FYTTD1
FZD1	1559.96219586555	-0.0419448331968854	0.0588461685241611	-0.712787837319666	0.475977052978892	0.496641718680328	FZD1
FZD10	351.654744003657	-4.54553763037141	0.0929212240220498	-48.9181850348072	0	0	FZD10
FZD2	100.731242382621	1.40025588939335	0.0614155301184846	22.7997037018476	4.61627360950534e-115	1.92578311111717e-114	FZD2
FZD3	402.215163474991	-0.618354979269757	0.0352786889097276	-17.5277199459432	8.80292694035786e-69	2.48450122065509e-68	FZD3
FZD4	6858.86541838026	0.0340525806052394	0.0747189656938982	0.4557421303815	0.648575422323744	0.665470028343007	FZD4
FZD5	418.677121358253	-0.0539636725066922	0.0407170066816402	-1.32533496208662	0.185060077876758	0.199704242063397	FZD5
FZD6	1316.81290769332	-0.381830230742421	0.0574400333291705	-6.64745837723097	2.98197272257235e-11	4.24436553957656e-11	FZD6
FZD7	1565.72234954314	-0.0763297489555986	0.043815593417042	-1.74206813152302	0.0814965231925393	0.0898578288612581	FZD7
FZD8	528.309656310588	0.629629551956047	0.0297112974671021	21.191587228838	1.14182681028873e-99	4.20930256236071e-99	FZD8
FZD9	207.594790901937	-3.87952016152853	0.087488377637273	-44.3432632573554	0	0	FZD9
FZR1	2768.19704507038	-0.483748527566093	0.0221941957176012	-21.7961729148155	2.52246896539532e-105	9.73562689667265e-105	FZR1
G0S2	6023.0425328725	-0.325163008376915	0.107142157448471	-3.0348745640417	0.00240635745118899	0.00283561406643448	G0S2
G2E3	672.545291927713	-0.467816113824129	0.0218554538437891	-21.4050056872681	1.20006198022601e-101	4.49579931447417e-101	G2E3
G3BP1	7481.82278085885	-0.532097380533983	0.025070397691168	-21.2241300313092	5.71745435266328e-100	2.1146475406265e-99	G3BP1
G3BP2	6811.37028943592	-0.883227623365851	0.0505208632612074	-17.4824333226317	1.94997281873693e-68	5.48717534939558e-68	G3BP2
G6PC2	6.70845775700886	-0.364896964944026	0.123090917701037	-2.96445076338034	0.00303223762259421	0.00355985843894334	G6PC2
G6PC3	1832.21012042021	0.334881747821507	0.030348917657736	11.0343884944492	2.60819666492381e-28	4.79768528155461e-28	G6PC3
G6PD	1358.60250910988	-0.576239677279577	0.0500183292767351	-11.5205702711786	1.0392092074225e-30	1.96810151949631e-30	G6PD
GAA	4496.95800505109	0.0333402898043987	0.0249959846214889	1.33382582479813	0.182260945363206	0.196777981016198	GAA
GAB1	2240.55793565727	0.709392845242695	0.0338455098407131	20.9597328739117	1.52942981485537e-97	5.53837579907693e-97	GAB1
GAB2	2259.41334005576	0.176136448041347	0.0393992028086649	4.47055867847686	7.80155350334511e-06	9.89681216446197e-06	GAB2
GAB3	780.01916520498	2.81127078996829	0.0442420241970686	63.5429965285033	0	0	GAB3
GABARAP	12980.6339217578	-0.0204154879289187	0.0204982842274515	-0.99596081810487	0.319269183141472	0.338426838165684	GABARAP
GABARAPL1	15318.6014658758	0.616962104669756	0.0565334073827767	10.9132304814466	9.96509585997555e-28	1.81799625595845e-27	GABARAPL1
GABARAPL2	6405.33116898632	0.463200586983748	0.0247274049648642	18.7322765022016	2.7011471841083e-78	8.28618787681213e-78	GABARAPL2
GABARAPL3	1.69290124037922	0.461889006015729	0.108776617571448	4.24621592698766	2.1741111913133e-05	2.72802004425141e-05	GABARAPL3
GABBR1	3860.15696185992	0.659757495381656	0.0445588652842478	14.8064249655588	1.33135382137896e-49	3.11121642718974e-49	GABBR1
GABBR2	44.7144958802169	2.34941254015491	0.087300803276469	26.9116944172284	1.60264161374118e-159	9.12081937684317e-159	GABBR2
GABPA	1480.48150261551	-0.141870683457579	0.0222779228690891	-6.36821863022188	1.91236196869473e-10	2.68144787338167e-10	GABPA
GABPB1	589.232268420747	-0.16369288514252	0.0223429937699776	-7.32636310190782	2.36482524874942e-13	3.49644511726804e-13	GABPB1
GABPB2	1360.43039823062	0.0532292481732985	0.0271164417470776	1.96298794177282	0.0496475751705154	0.0553172815452121	GABPB2
GABRA2	57.9136012775066	-2.60925666560131	0.101949155632037	-25.59370550374	1.79268418878056e-144	9.17024952606958e-144	GABRA2
GABRA3	6.56099798316628	-3.1168644614117	0.176567241250551	-17.6525636314883	9.72401882832318e-70	2.77009120001022e-69	GABRA3
GABRA4	190.489589217205	6.05261966450305	0.105061745197912	57.6101192027728	0	0	GABRA4
GABRB1	8.32276073302598	5.2936916234727	0.0959297517949605	55.183001356945	0	0	GABRB1
GABRB2	30.5178262636995	-1.52521155225786	0.0706239064718279	-21.5962501715516	1.94801338203517e-103	7.3994912196698e-103	GABRB2
GABRB3	91.7167970830772	1.09656423589738	0.0683372340907309	16.0463655061233	6.061104132191e-58	1.53648691006295e-57	GABRB3
GABRD	36.9432023577841	0.938684054337568	0.0548446624131043	17.1153219481443	1.14083201569096e-65	3.12004210186159e-65	GABRD
GABRE	3161.73783790386	0.108039591843756	0.07737810151889	1.39625539684998	0.162637600139636	0.176088021178491	GABRE
GABRG3	13.5283172985571	-4.26280210400449	0.162721353013685	-26.1969435790395	2.87926956839642e-151	1.54485041730861e-150	GABRG3
GABRP	1469.49552809237	-4.89993249294843	0.130554147552808	-37.5318025876309	0	0	GABRP
GABRQ	11.1611052952014	-2.10237343135228	0.139729916806592	-15.0459792677204	3.66864344176034e-51	8.71000403523185e-51	GABRQ
GABRR1	9.00743234586674	-2.46458171976467	0.113707225884895	-21.6748029914964	3.54751783178408e-104	1.35466415973579e-103	GABRR1
GABRR2	172.615855243105	0.808410616533223	0.0644607945210359	12.5411208865787	4.44661202670814e-36	8.94440307216149e-36	GABRR2
GAD1	16.0746196631994	-1.04463632284857	0.0809543266774727	-12.904020893293	4.27210938690497e-38	8.77879464311375e-38	GAD1
GADD45A	5949.0385799438	-1.11481602630711	0.0668893842804811	-16.6665613430145	2.29418648901314e-62	6.08750751602675e-62	GADD45A
GADD45B	6934.12676869533	0.105181683596036	0.0639843447559041	1.64386591747243	0.100203901654402	0.109884725331877	GADD45B
GADD45G	2693.20234458538	0.485211039760907	0.070275305306045	6.90443161574099	5.04048307436748e-12	7.2822029805617e-12	GADD45G
GADD45GIP1	2381.29295568584	0.599006994121551	0.0373721391618251	16.0281698494109	8.12403157785192e-58	2.05712044496993e-57	GADD45GIP1
GADL1	243.504467887245	-5.51587078359135	0.174896124888451	-31.5379816854683	2.62064131967261e-218	2.1921080109399e-217	GADL1
GAK	4838.0158792512	-0.465918037918693	0.0228581653867697	-20.3830023116539	2.36683029986864e-92	8.18545864129404e-92	GAK
GAL	95.5860571021	-2.13668964228711	0.145981609012512	-14.636704285839	1.63818678931568e-48	3.78500839359152e-48	GAL
GAL3ST1	81.3137443036108	-1.89573343695692	0.0600270533908099	-31.5813175871657	6.66565274939153e-219	5.60693528699986e-218	GAL3ST1
GAL3ST2	5.57010390009084	-0.817642518348043	0.0895057998754553	-9.13507861485813	6.53592710918506e-20	1.07152298626995e-19	GAL3ST2
GAL3ST4	773.07356764116	-1.50876228624901	0.0856068449758499	-17.6243183202773	1.60289019516382e-69	4.55607554131437e-69	GAL3ST4
GALC	1268.31781739461	0.206971880103891	0.0170204924304219	12.1601581710971	5.06605052665009e-34	9.9752762557677e-34	GALC
GALE	486.255018951902	-0.0277725447604951	0.0371982717058995	-0.746608470954594	0.455299933598134	0.475894443427012	GALE
GALK1	743.993385181053	0.2952797322976	0.0368043717580458	8.02295266004776	1.03233142997837e-15	1.58774761372527e-15	GALK1
GALK2	551.831018317518	0.248498417778117	0.0224381045272635	11.074840010491	1.66176696349495e-28	3.06584678793406e-28	GALK2
GALM	586.773623999344	0.565021311555779	0.0389314156087844	14.5132485608432	9.98762472551513e-48	2.29057501189958e-47	GALM
GALNS	927.260298818335	0.362579002817444	0.0284887873463342	12.7270774431225	4.18201842244754e-37	8.49954991785911e-37	GALNS
GALNT1	3676.9133386514	-0.808981822006699	0.0286883181168421	-28.1989978886831	6.01537610246083e-175	3.83709373566256e-174	GALNT1
GALNT10	1581.4682181305	0.395659901209486	0.0312962970834597	12.6423870579435	1.23254339478787e-36	2.49320301714534e-36	GALNT10
GALNT11	1608.77563469511	-0.109035130449804	0.0173526102029575	-6.28350024431601	3.31033689701075e-10	4.61754161046807e-10	GALNT11
GALNT12	139.012150940163	-1.41448317030515	0.0714081515545073	-19.8084271825108	2.51828471350175e-87	8.3668591967045e-87	GALNT12
GALNT13	87.6956157795366	-2.49725182620548	0.110542119425354	-22.5909530158032	5.31878891177688e-113	2.18692369120364e-112	GALNT13
GALNT14	91.8237234213359	-1.39299817425969	0.0809733895142414	-17.2031599839932	2.51437457725431e-66	6.91750829361987e-66	GALNT14
GALNT15	7011.77850025844	-1.82864350248252	0.0755001154785834	-24.2204066959506	1.35627558413502e-129	6.263293173426e-129	GALNT15
GALNT16	2564.38813092693	2.74904274930894	0.0575696724508226	47.7515787788655	0	0	GALNT16
GALNT18	1372.40580433016	1.07923965556994	0.0367154222665787	29.3947226790403	6.41440638735187e-190	4.49282993691521e-189	GALNT18
GALNT2	4213.97164521482	-0.669412454029938	0.0498088885272216	-13.4396183858648	3.54258813752048e-41	7.53873141783971e-41	GALNT2
GALNT3	387.477531403473	-3.3809367068417	0.0923479732931171	-36.6108381838596	1.92286377647326e-293	2.40538365811641e-292	GALNT3
GALNT4	217.28769077611	0.760220222869424	0.040489787541522	18.7756041468438	1.19579966254544e-78	3.67833043839378e-78	GALNT4
GALNT5	60.4534020120771	-0.24979409919023	0.0942105355382038	-2.65144548604052	0.00801480500760957	0.00926083220630206	GALNT5
GALNT6	580.719185035334	-2.95867938149588	0.101653700123197	-29.1054765139898	3.0604165792569e-186	2.09868795593156e-185	GALNT6
GALNT7	506.797208537933	-0.256119975901192	0.0590767669198166	-4.33537563504139	1.4551142409555e-05	1.83350913141817e-05	GALNT7
GALNT8	65.1071853350678	0.419341718404176	0.0703050934643119	5.96459940156458	2.45234943542281e-09	3.35880257072556e-09	GALNT8
GALNT9	9.18524529743239	0.633468427051387	0.0743311980209454	8.5222415878846	1.56494530267365e-17	2.47544643175997e-17	GALNT9
GALNTL6	21.9947311631244	-1.67175480487364	0.088585121274961	-18.8717335463666	1.94802068695148e-79	6.03447261845011e-79	GALNTL6
GALR1	18.9133687148738	0.0226604727029306	0.0973755193278397	0.23271221411039	0.815984884092392	0.826917969855719	GALR1
GALR2	5.97224616912797	-1.54847228363234	0.0945972851927388	-16.3690985473566	3.17887512019202e-60	8.24894493852912e-60	GALR2
GALT	1549.65772823818	0.604362509326852	0.0252871074256174	23.9000253826816	3.06087593425075e-126	1.38161553892798e-125	GALT
GAMT	9717.98068243604	-1.62414917176029	0.101912250565559	-15.9367412921129	3.52249986793308e-57	8.85841298165178e-57	GAMT
GAN	3660.70216236855	-2.27398290320957	0.0807969158211413	-28.1444270502039	2.80392432774828e-174	1.777859874033e-173	GAN
GANAB	9769.15923110856	0.176894750771951	0.0176413469968426	10.027281409045	1.15657185030057e-23	2.00264042682384e-23	GANAB
GANC	1335.42764021663	-0.554625269209202	0.0280426202969138	-19.7779402686645	4.61145578898297e-87	1.52761898523155e-86	GANC
GAP43	52.4854949954803	3.04318290274381	0.0772356481115185	39.4012735977801	0	0	GAP43
GAPDH	173459.621554717	-0.819882055963833	0.0825092343729083	-9.93685206504641	2.8777765955304e-23	4.95294545330745e-23	GAPDH
GAPDHP1	247.301782029576	-0.737093565502369	0.0896030525745995	-8.22621042836345	1.93229428941386e-16	3.00710897412802e-16	GAPDHP1
GAPDHP2	7.97310069723644	-0.858027221651877	0.0616307247625664	-13.9220693080837	4.65236699580808e-44	1.02317969812512e-43	GAPDHP2
GAPDHP33	4.14990138022664	0.532877052176709	0.0888119243601566	6.00006199635701	1.97242206497155e-09	2.70786833370599e-09	GAPDHP33
GAPDHP38	9.92539973242217	-0.556001878759008	0.0919212521667909	-6.04867607493144	1.46040955187338e-09	2.01123344375126e-09	GAPDHP38
GAPDHP39	0.475070508143348	-0.058706131081457	0.201917671554209	-0.290742908382322	0.771247952311575	0.783920631821607	GAPDHP39
GAPDHP40	13.977541907217	-0.418050019791018	0.0954975547479125	-4.37759920549334	1.19993748138341e-05	1.51526303769784e-05	GAPDHP40
GAPDHP44	4.08478083578605	-0.409113870674886	0.115928227086699	-3.52902723483318	0.000417090203900874	0.000504437030396374	GAPDHP44
GAPDHP47	0.89589002153223	-0.597264380133762	0.164041024653847	-3.64094519278994	0.000271638962808252	0.000330367743362702	GAPDHP47
GAPDHP59	1.05496059231052	-0.259200829407674	0.120784093556425	-2.14598480458511	0.0318741910457643	0.03587166695935	GAPDHP59
GAPDHP60	16.0748190004103	-0.558490970268749	0.0920565691263825	-6.06682364516549	1.30464676398807e-09	1.79864795883811e-09	GAPDHP60
GAPDHP61	6.57213807197718	-0.81393555464498	0.0810825631548568	-10.0383550171012	1.03383791387544e-23	1.79115652431875e-23	GAPDHP61
GAPDHP63	21.8077672514808	-0.660637404577013	0.0987639863711534	-6.68905163562707	2.24621472116917e-11	3.20320931599194e-11	GAPDHP63
GAPDHP65	79.2768571487122	-0.66918918141751	0.0902060693783353	-7.41844962350425	1.18499232054925e-13	1.76158615593419e-13	GAPDHP65
GAPDHP70	4.59010160564607	-0.339431337362146	0.0981062837661812	-3.45983278880606	0.000540510917755025	0.000651559434173187	GAPDHP70
GAPDHP72	21.491616391153	-0.610531963694033	0.094942988583465	-6.43051132898887	1.27175401009994e-10	1.78878292981787e-10	GAPDHP72
GAPDHS	7.2196254869024	-3.45805749001973	0.177205157200115	-19.5144291772197	8.27886104966909e-85	2.68857618176246e-84	GAPDHS
GAPT	18.5517290120593	0.575384836672938	0.0698809308063674	8.23378896121558	1.81383113663631e-16	2.82397286720205e-16	GAPT
GAPVD1	3544.70885731299	-0.686212385867748	0.0201599483159265	-34.038400055105	6.0262960286488e-254	6.12531647722795e-253	GAPVD1
GAR1	538.18617786465	-0.394096755769365	0.0294144933295069	-13.3980467164474	6.20754422674954e-41	1.31662546984469e-40	GAR1
GARNL3	527.140221433162	0.993999591939187	0.0336256886952831	29.5607207021643	4.78197999775684e-192	3.4050799817888e-191	GARNL3
GART	2453.64964674662	-0.208427472141195	0.0246266349818882	-8.46349784672099	2.59475205204002e-17	4.09253760525475e-17	GART
GAS1	2138.14445956127	-0.73973135470861	0.0527559408746758	-14.0217640410561	1.14727036301252e-44	2.53991068805662e-44	GAS1
GAS2	178.00162794623	1.08164084775792	0.0689068500871596	15.6971454418503	1.58202285224749e-55	3.91342495029643e-55	GAS2
GAS2L1	2279.04528203961	0.45478069959816	0.0600936822296955	7.56786209005892	3.79416461570879e-14	5.68824496105387e-14	GAS2L1
GAS2L2	95.3227772204924	-3.3682527693052	0.110769394981616	-30.407792421943	4.33310784384088e-203	3.31211355825816e-202	GAS2L2
GAS2L3	141.987672973886	-0.380577395753182	0.0598874801296507	-6.35487408936339	2.08597411154137e-10	2.92237683725241e-10	GAS2L3
GAS5	6088.67717055004	-1.27782307452967	0.0429647003817182	-29.7412308983165	2.25161409228957e-194	1.63038235218441e-193	GAS5
GAS6	10820.5495323099	0.903860758793473	0.0256288638098009	35.2672972747166	1.86351950883443e-272	2.09788709684356e-271	GAS6
GAS7	5325.61715130343	0.898258782103276	0.0709328924638052	12.6635013870558	9.4202157756039e-37	1.90831987594695e-36	GAS7
GAS8	713.612623499462	0.77453550701527	0.0266540963994817	29.0587793863585	1.19198467906368e-185	8.13686621457159e-185	GAS8
GATA1	10.0410034532294	-0.154870995814981	0.0792640458965466	-1.95386185581688	0.0507175566570438	0.0564849803491583	GATA1
GATA2	1372.07476227255	1.18594078479782	0.0447687126265206	26.490392848493	1.25063849327052e-154	6.87202183069675e-154	GATA2
GATA3	5898.66221943824	-4.55264476497093	0.111109422662282	-40.9744255337255	0	0	GATA3
GATA4	1491.18113388001	10.7251484851294	0.0963621940710444	111.300376548319	0	0	GATA4
GATA6	983.890841583289	4.74233248001461	0.0597025948118855	79.4326024682349	0	0	GATA6
GATAD1	2109.18153049345	0.00175850831706402	0.0258314405673341	0.068076277530096	0.945724914327206	0.949311669236819	GATAD1
GATAD2A	4150.11243653519	-0.688732062053295	0.0307934086631423	-22.3662170559787	8.39621074230918e-111	3.391074479971e-110	GATAD2A
GATAD2B	3451.34904501523	-0.614999589450848	0.0194133904179494	-31.6791439419168	3.01077084533256e-220	2.54924205018022e-219	GATAD2B
GATC	1532.92246957234	-0.327208218844259	0.0146681425383809	-22.3074065436766	3.13132802017502e-110	1.25650993515761e-109	GATC
GATM	2711.94132668603	-0.934276883956243	0.055720268319476	-16.7672718049293	4.2351252190332e-63	1.13110517904772e-62	GATM
GBA	1053.40421792044	-0.575143544037817	0.0446993889596019	-12.8669218399745	6.91015421755079e-38	1.41738475467333e-37	GBA
GBA2	6695.02141894055	0.477293053621252	0.0287708775297124	16.5894506738051	8.30767205639643e-62	2.19404936454214e-61	GBA2
GBA3	2.3972063061106	-1.72700038481268	0.159751346538729	-10.810552913831	3.06815168436483e-27	5.56415459099852e-27	GBA3
GBAP1	189.069922082141	0.0102969543060035	0.0538319465308502	0.191279620552128	0.848306526743116	0.857644806958879	GBAP1
GBE1	7480.7513229579	-0.386754505926103	0.0720372434048464	-5.36881323668311	7.92564410907136e-08	1.05050820710841e-07	GBE1
GBF1	7896.85276722032	-0.129308108755652	0.0273413252104857	-4.72940165702213	2.2518249812131e-06	2.8939174331989e-06	GBF1
GBGT1	317.37346469687	1.18702578818771	0.0453504308603163	26.1745206312121	5.18386941734004e-151	2.77805398575582e-150	GBGT1
GBP1	1182.68352503892	0.116136980750065	0.0599480812424607	1.93729270967569	0.0527095729245696	0.0586418431529776	GBP1
GBP1P1	47.1646319574121	1.27627684326793	0.0685928122037551	18.6065682724415	2.84250816114832e-77	8.64178169377316e-77	GBP1P1
GBP2	4821.87399731942	-1.46065286804243	0.0351040949083509	-41.6091875280043	0	0	GBP2
GBP3	533.13574275202	0.601152427115468	0.055071581050156	10.9158374546751	9.68327018725024e-28	1.76711827494618e-27	GBP3
GBP4	1034.50261112816	1.01586083082152	0.0577244448496322	17.598451288146	2.53152547185321e-69	7.18089978235577e-69	GBP4
GBP5	105.25316874525	0.0501066308016378	0.0671676442769504	0.745993570878183	0.455671298748251	0.476254952607982	GBP5
GBP6	40.4040964366878	-2.28193524714013	0.104737367002717	-21.7872122666683	3.06766087636985e-105	1.18296836837047e-104	GBP6
GBP7	4.07908337046529	0.0538503915726086	0.0912591956316983	0.59008181257631	0.555135801519815	0.575004290417066	GBP7
GBX1	79.7705418679023	-0.248568690712681	0.152985506988963	-1.62478587419797	0.104208191952975	0.1141306682493	GBX1
GC	4.17178738103821	0.889287648220214	0.19559645410282	4.54654279035519	5.45342866945716e-06	6.94693719332661e-06	GC
GCA	462.829007003196	0.169778212691453	0.0429453997923132	3.95335038240446	7.7064459221866e-05	9.53034714518281e-05	GCA
GCAT	852.724078168515	1.81452534969263	0.0412078065302757	44.0335339945716	0	0	GCAT
GCC1	1021.95462933866	-0.445593822368807	0.0226754613706398	-19.6509263950749	5.67672804251678e-86	1.86336217165107e-85	GCC1
GCC2	1772.97114533659	-0.289506782916632	0.0229214718153817	-12.6303749274231	1.43592428361351e-36	2.90199540017142e-36	GCC2
GCDH	1347.53449584541	0.611471634966216	0.0401742451405082	15.2204884703524	2.58593051240744e-52	6.20657802051283e-52	GCDH
GCFC2	1133.57818632084	-0.799565160897396	0.0398243495352709	-20.0772936715326	1.16575184763097e-89	3.95192071736442e-89	GCFC2
GCGR	31.1589782556984	-3.67286118293748	0.119648823785057	-30.6970103570394	6.23935476920091e-207	4.88962234220225e-206	GCGR
GCH1	438.369454279731	0.146531882007471	0.055860980386467	2.62315270862968	0.00871202140571153	0.010053535311508	GCH1
GCHFR	43.6486593757405	-1.14259070261509	0.0638969010251868	-17.8817858813638	1.6351444837135e-71	4.7367614823506e-71	GCHFR
GCK	39.4037445381776	1.99025066662048	0.0671700443679916	29.6300335268037	6.13348986020683e-193	4.39526078716493e-192	GCK
GCKR	25.0777870899345	-0.915427161784128	0.089320476722716	-10.2487939537756	1.19829333654072e-24	2.10300071668807e-24	GCKR
GCLC	1413.73132617539	-0.212598334071925	0.0251321614631137	-8.45921407850072	2.69185482081272e-17	4.24420413676533e-17	GCLC
GCLM	1339.67288146267	-1.0537372234542	0.0618149738753692	-17.0466338071862	3.70251631785181e-65	1.00632638136268e-64	GCLM
GCM2	0.774105669717196	-1.01188495509578	0.161361855115263	-6.27090556422383	3.58954286466512e-10	5.00273777538222e-10	GCM2
GCNT1	208.425231133412	0.0145850401415648	0.0556586498582318	0.262044447335936	0.793287175084173	0.804913051050685	GCNT1
GCNT2	604.543551950598	2.8474160311576	0.0628807111004026	45.2828217322652	0	0	GCNT2
GCNT3	9.04192515754527	0.628581864318006	0.0924691801834622	6.79774453575642	1.06269675076466e-11	1.52573011728463e-11	GCNT3
GCNT4	182.589038994868	-1.4655804136733	0.0376757457788769	-38.8998381684322	0	0	GCNT4
GCNT7	6.77632024622252	-0.0257760363361491	0.058490351619883	-0.440688688344059	0.659438386781304	0.676114962718589	GCNT7
GCSAM	512.700442180823	-2.8678203924706	0.122087996705181	-23.4897817137243	5.18773816959923e-122	2.27102321962441e-121	GCSAM
GCSAML	28.8452945246843	-2.00453530946102	0.0938500889743994	-21.3589068627076	3.22264643471984e-101	1.20254681740033e-100	GCSAML
GCSH	611.92872892683	0.179632125614218	0.0553489804083238	3.24544597369319	0.00117266813629219	0.00139870124048475	GCSH
GCSHP5	7.55400145621054	0.367984239067448	0.0868823592075192	4.23543101757302	2.28113726072239e-05	2.86111704502952e-05	GCSHP5
GDA	189.916717054883	-3.85304137329246	0.116277086414932	-33.1367210177847	8.79800896929698e-241	8.27877467100444e-240	GDA
GDAP1	392.07449634903	-0.87044586343495	0.0396521926835619	-21.9520234449935	8.28314820255942e-107	3.22737988732191e-106	GDAP1
GDAP1L1	11.9895686426027	1.96048883182847	0.0576299839007763	34.0185559517754	1.18458708707113e-253	1.20133814954183e-252	GDAP1L1
GDAP2	509.157526779567	-0.0289977005044216	0.0263028134923233	-1.10245622632289	0.27026337890588	0.288126211648489	GDAP2
GDE1	3669.89995621366	0.401508240186879	0.0412661400194885	9.72972611437032	2.25198479616213e-22	3.8225344946454e-22	GDE1
GDF10	320.436314461056	-2.02677684332769	0.0874004821257068	-23.1895384788909	5.8062505321707e-119	2.48793896285658e-118	GDF10
GDF11	583.9961991805	1.75607853918853	0.0295404413520543	59.4465911412799	0	0	GDF11
GDF15	385.622913522404	-1.29661710866101	0.100471349160495	-12.9053418660654	4.19947620453709e-38	8.63052530629892e-38	GDF15
GDF3	4.76306347269874	-0.320530057586805	0.112887590027744	-2.83937373016848	0.00452021810292314	0.00527407609999478	GDF3
GDF6	32.4454413824105	1.79641862516956	0.102300042894316	17.5602920032536	4.96193202079703e-69	1.40329518156115e-68	GDF6
GDF7	188.943067397438	0.807928054679811	0.0945823149416296	8.54206259572325	1.31846971534395e-17	2.087586713511e-17	GDF7
GDF9	63.209038587274	-1.22113402727974	0.0443038494557767	-27.5627071299675	3.11656471608703e-167	1.87191462977253e-166	GDF9
GDI1	7399.64876639991	0.635086511058705	0.0151969928758084	41.7902749740495	0	0	GDI1
GDI2	7816.5150242939	-0.504340259096063	0.0156748210436226	-32.1751845008309	3.92598314386426e-227	3.42235460400487e-226	GDI2
GDI2P2	3.0111498650237	-0.430107310718447	0.0820802154579995	-5.24008505970032	1.6050259836733e-07	2.11369322789546e-07	GDI2P2
GDNF	360.534244250835	-3.92025724118785	0.119060400497134	-32.926625685945	9.14236745659352e-238	8.50060726168078e-237	GDNF
GDPD1	96.0186046796004	-0.0154267251129433	0.0380567095264284	-0.405361506680714	0.685211801488766	0.700863551258554	GDPD1
GDPD2	414.483663172216	-4.64404412989588	0.143400263926404	-32.3851853737124	4.43714834814106e-230	3.94045917192339e-229	GDPD2
GDPD3	305.611323009354	0.0565996876133637	0.0573810980968565	0.986382092545985	0.32394564918097	0.343282841638114	GDPD3
GDPD4	4.92070914572514	1.56847484719012	0.110377215408297	14.2101324207915	7.9275462182187e-46	1.77868327899981e-45	GDPD4
GDPD5	1334.48618860456	-1.01297269144564	0.0491087979816905	-20.6271123113889	1.56734522180481e-94	5.53211398778594e-94	GDPD5
GDPGP1	120.260471884165	1.64270683758691	0.0397048791635962	41.3729212175275	0	0	GDPGP1
GEM	1308.07931070733	0.582911854707613	0.078734143278346	7.40354604033559	1.32595160456203e-13	1.96950695880197e-13	GEM
GEMIN2	365.727343959303	-0.507445815589029	0.0253515788745174	-20.0163397357115	3.96824628338815e-89	1.33743496250272e-88	GEMIN2
GEMIN4	2079.32628182848	-1.05150185469671	0.0305817486532921	-34.3833136102736	4.47812688920076e-259	4.68122892755533e-258	GEMIN4
GEMIN5	1693.28959491096	-0.392498031213768	0.024516553582721	-16.0095108755578	1.09668552152312e-57	2.77384235955286e-57	GEMIN5
GEMIN6	309.142860120863	0.20339930174853	0.0208130036655295	9.77270292251956	1.47464417120903e-22	2.51017207810248e-22	GEMIN6
GEMIN7	26.9911840027484	-0.644824508313263	0.0482737246491545	-13.3576705133018	1.06856082817872e-40	2.25870872100108e-40	GEMIN7
GEMIN8	737.285834665901	0.08274888904804	0.0247307653138541	3.34598982271221	0.000819894049781736	0.000982159632003795	GEMIN8
GEN1	554.392797009722	0.0995749981009081	0.0401045997940098	2.48288222828198	0.0130324166968395	0.0149215451570925	GEN1
GET4	79.9588421204599	-0.885860223472986	0.0330704193332415	-26.7870877156536	4.56907334514212e-158	2.57507480544469e-157	GET4
GFAP	333.802026059655	0.903471601779943	0.0860462687329102	10.4998347410547	8.65314819839375e-26	1.54116276560093e-25	GFAP
GFER	341.15970417776	0.327740396527564	0.0252092405407013	13.0008040503407	1.21063695313019e-38	2.49973340138754e-38	GFER
GFI1	33.8966193104507	-0.310537603399848	0.0611517822846664	-5.07814477024187	3.81138238116635e-07	4.98319975620101e-07	GFI1
GFI1B	7.36706580831215	1.51385568256057	0.0675243947958278	22.419389128003	2.54656049623491e-111	1.03337771624717e-110	GFI1B
GFM1	3713.63300233987	-0.171708166137778	0.0446059895137819	-3.84944192493982	0.000118387247621172	0.000145437032991791	GFM1
GFM2	1344.69581358952	0.627470938864971	0.0404621319497403	15.5076094271152	3.08139335270013e-54	7.52620919158142e-54	GFM2
GFOD1	3001.57189093509	0.905215379311934	0.0369188188135859	24.519077489522	9.24735476559667e-133	4.35421483482882e-132	GFOD1
GFOD2	1323.07935453253	-0.671371876081929	0.0289540818711601	-23.1874690093577	6.09221565339035e-119	2.60985183190575e-118	GFOD2
GFPT1	2847.37449194728	0.0468420319095029	0.0324522623434117	1.44341344877031	0.148904037829333	0.16167570932902	GFPT1
GFPT2	1473.91345382127	0.989626707109922	0.0669746540226399	14.7761376531395	2.08801496203567e-49	4.86996078408966e-49	GFPT2
GFRA1	2299.05460867043	-1.29039223636837	0.0564697053775936	-22.8510531043142	1.42657597525207e-115	5.97621459867639e-115	GFRA1
GFRA2	114.057020826139	0.304582439799945	0.0626435221703281	4.86215380692969	1.16115341096925e-06	1.50265438899047e-06	GFRA2
GFRA3	107.124765920592	0.594959159197331	0.0918150237254153	6.47997609821061	9.17371496579455e-11	1.29325744458664e-10	GFRA3
GFRAL	1.77291251463249	-1.98882445743389	0.209066690491638	-9.51287100186549	1.8547167493116e-21	3.10805773639528e-21	GFRAL
GGA1	3481.4395036157	-0.32841216953203	0.0169695297073663	-19.3530507442095	1.92126225975615e-83	6.18134797817165e-83	GGA1
GGA2	4882.65534529037	-0.16519337321887	0.0177264609103274	-9.31902730356227	1.17411714436306e-20	1.94759332064868e-20	GGA2
GGA3	3730.96517440035	-0.400069843587831	0.0175092518674352	-22.8490541238889	1.49337866098674e-115	6.2516998317261e-115	GGA3
GGACT	125.734633342639	-0.785788126197967	0.0343123991647846	-22.9009962965352	4.54117412967061e-116	1.90905360831856e-115	GGACT
GGCT	1575.04203143491	-0.930869942897366	0.0414671519882578	-22.4483693300413	1.32752797721778e-111	5.39310113245254e-111	GGCT
GGCX	1686.97818420947	-0.139849160648001	0.0212872363861591	-6.56962501430814	5.04421296275869e-11	7.1519279727961e-11	GGCX
GGH	464.247818310376	-1.43829325625252	0.0681996173098233	-21.0894622724717	9.93847918213113e-99	3.6384495374729e-98	GGH
GGN	33.4809241182993	-1.03512488766525	0.0538199298438859	-19.2331147711974	1.95524507047494e-82	6.2360677734974e-82	GGN
GGNBP2	4289.43160766786	-0.475019919262556	0.0176729192725863	-26.878407123117	3.92808102026297e-159	2.23058001406163e-158	GGNBP2
GGPS1	1262.4956280147	0.0644568829969277	0.0206288662320635	3.12459648881441	0.00178049116641782	0.00210831610884668	GGPS1
GGT1	215.293969686086	-0.556183370923446	0.046741859258621	-11.8990425230221	1.19712756073456e-32	2.32214366603263e-32	GGT1
GGT2	12.5735887373345	-4.43786760650011	0.170298246070465	-26.0593852778955	1.05312487563685e-149	5.59542529112718e-149	GGT2
GGT3P	6.25367884671841	-3.47939377007965	0.156974359434816	-22.1653637103993	7.41684341986631e-109	2.9414099669754e-108	GGT3P
GGT5	3182.45964751341	0.395852274202666	0.0518898669474303	7.62870089074817	2.37131102932503e-14	3.56399514393253e-14	GGT5
GGT6	1496.67960869636	-7.86373456716109	0.153662473305402	-51.1753741691508	0	0	GGT6
GGT7	3066.21365993263	-0.589568267598386	0.06284950864932	-9.38063447540994	6.55769123780003e-21	1.09149329608542e-20	GGT7
GGTLC1	0.657120051751993	0.00485769668867457	0.228821721384439	0.0212291764054744	0.983062840117761	0.984594346239349	GGTLC1
GHDC	943.762019848753	0.12204784874585	0.0304023808460282	4.01441746828831	5.95927906902563e-05	7.39405724576305e-05	GHDC
GHITM	14504.015128087	0.804705814070598	0.0494887399995826	16.2603819389499	1.88558874604217e-59	4.85586309263305e-59	GHITM
GHR	3881.08060073855	-2.40164404245927	0.0668500545691301	-35.9258351835109	1.20702430264368e-282	1.43606374566351e-281	GHR
GHRL	21.577486841337	-0.221041334747013	0.0478911821896144	-4.6154913000863	3.92166470051459e-06	5.0123463699207e-06	GHRL
GHRLOS	67.8169460951104	0.172289419175016	0.0326429865486622	5.27799191774864	1.30607224374769e-07	1.72314617851819e-07	GHRLOS
GID4	2025.308948479	-0.773165185547727	0.0420423738128358	-18.3901410750426	1.57569465093435e-75	4.71948076729938e-75	GID4
GID8	3096.72543736305	-0.499152796905048	0.0283764630044425	-17.5903810431519	2.91908172429749e-69	8.27111445286938e-69	GID8
GIGYF1	7325.20821210885	-0.386623314059585	0.0226151966344423	-17.0957308180451	1.59681662726346e-65	4.35651653643068e-65	GIGYF1
GIGYF2	4980.29381818974	-0.562718649769974	0.0225914048014785	-24.9085284742074	6.01439299458511e-137	2.91505353515149e-136	GIGYF2
GIMAP1	837.995732599962	1.26674451242935	0.0477795168798131	26.5122921944938	6.99400411614736e-155	3.85248066385461e-154	GIMAP1
GIMAP2	200.166026297147	0.616069290895223	0.0543338155870296	11.33859796591	8.4487151583934e-30	1.58207970005451e-29	GIMAP2
GIMAP4	1403.2905262458	1.02713638352143	0.0499527084012217	20.5621760340089	5.98862086541617e-94	2.10466935178361e-93	GIMAP4
GIMAP5	1674.04627807438	0.767419630142536	0.0491662453638738	15.6086685990144	6.35493273541724e-55	1.56277519358259e-54	GIMAP5
GIMAP6	1442.99504427971	1.2572906600741	0.0561232412096975	22.4023173461488	3.73629912115715e-111	1.51445891645913e-110	GIMAP6
GIMAP7	894.166753903655	1.28347721566395	0.0550819262255215	23.3012405994849	4.30670483465608e-120	1.86268605787227e-119	GIMAP7
GIMAP8	1475.091831849	1.17930574419011	0.0506537047313358	23.2817273770018	6.79033110676143e-120	2.9312410132569e-119	GIMAP8
GIN1	389.299827360253	0.753808436995276	0.0469090843882947	16.069561937205	4.17022913890559e-58	1.05864186616048e-57	GIN1
GINM1	2583.438116677	0.081715611138928	0.0176809402886053	4.62167790881521	3.8064869227846e-06	4.86686349151542e-06	GINM1
GINS1	81.7042359577268	-1.52619305319351	0.0778287256513468	-19.6096369357308	1.27941919385443e-85	4.18590056498975e-85	GINS1
GINS2	113.013636949061	-1.5600729886134	0.0527362939280775	-29.582529836872	2.50725192368976e-192	1.78957342895874e-191	GINS2
GINS3	250.013796646239	1.06127840765201	0.042179153257033	25.1612070347821	1.06554890592494e-139	5.26659688510569e-139	GINS3
GINS4	39.5517528554874	-0.682585631888176	0.051165426041511	-13.3407592723725	1.34086846398614e-40	2.83098442648539e-40	GINS4
GIPC1	4859.24554328309	-0.482913452884436	0.0360398905845072	-13.3994150662608	6.0941554816846e-41	1.29272793808396e-40	GIPC1
GIPC2	282.997979315853	-0.23177134174703	0.0463422801278837	-5.00129344321096	5.6946957990753e-07	7.42074844933795e-07	GIPC2
GIPC3	319.771460626388	1.44758471276612	0.0569242287967452	25.4300276589587	1.17429434035339e-142	5.92445975916517e-142	GIPC3
GIPR	398.151483179992	0.302600621334073	0.0955231938977011	3.16782353046254	0.00153584715537432	0.00182414783873668	GIPR
GIT1	4779.23764434621	-0.00525340465826871	0.0238902449287231	-0.219897480077844	0.825950998889931	0.836499602285229	GIT1
GIT2	2451.1542910322	0.565402137871119	0.0136808451315247	41.3280124462681	0	0	GIT2
GJA1	11551.1740516442	0.0606011090920241	0.0857172756517404	0.706988277815076	0.479573762451882	0.50022061060936	GJA1
GJA1P1	3.85315435389946	-0.361776567503274	0.098127719453545	-3.68679277902248	0.000227098133521658	0.000276795551596138	GJA1P1
GJA4	2293.04798102731	1.35249915091455	0.0534045004796832	25.3255650510032	1.67065660287009e-141	8.37701657611826e-141	GJA4
GJA5	452.224879768542	1.79299556610944	0.0750523395577982	23.8899356991882	3.89702991857247e-126	1.75815627980509e-125	GJA5
GJB1	26.3151319324415	-3.11460638377872	0.11756261316586	-26.493170744551	1.161785722323e-154	6.38769236027379e-154	GJB1
GJB2	1438.02506770901	-5.70007830453982	0.135328204149372	-42.1204015849366	0	0	GJB2
GJB3	2799.62762623717	-8.39484721894434	0.155819930473394	-53.8753110301108	0	0	GJB3
GJB4	477.774766297486	-8.86647115386906	0.208338205441372	-42.5580662705869	0	0	GJB4
GJB5	1211.11394949664	-7.60879692451057	0.153171501983343	-49.6750167360637	0	0	GJB5
GJB6	1003.96085110881	-7.20820942952656	0.165716718230415	-43.4971770289594	0	0	GJB6
GJB7	3.51101810319974	-1.09132967465711	0.105417785191647	-10.3524246186078	4.08019586967482e-25	7.20922711523523e-25	GJB7
GJC1	814.377918084033	1.82700465767683	0.0439789187546835	41.5427370524489	0	0	GJC1
GJC2	108.518176009544	0.375268185218936	0.0579055814189094	6.48069108406172	9.13034395377438e-11	1.28724405946031e-10	GJC2
GJC3	107.162408036986	-3.32206817980936	0.104221208876084	-31.8751645239426	5.89921144877545e-223	5.06156841226915e-222	GJC3
GJD2	2.60681956518243	1.79924008812595	0.179064793256832	10.0479835002814	9.37664511161332e-24	1.62609815659105e-23	GJD2
GK	302.74291350666	0.844078446381393	0.0368484056705466	22.9067833742418	3.97644137949378e-116	1.67242806710905e-115	GK
GK2	0.959438023803177	0.00883784057320659	0.273323874919643	0.0323346819805073	0.974205151436055	0.976320394777888	GK2
GK3P	2.53389853522789	-0.980450855582041	0.119859747769736	-8.17998430520306	2.83880846021043e-16	4.40795230675821e-16	GK3P
GK5	1930.80117028905	-0.80871346678286	0.0393713952807094	-20.5406351747737	9.33339959735876e-94	3.27250732668592e-93	GK5
GKAP1	1120.63142001375	-0.445749049282215	0.0790613932209955	-5.63801156445902	1.72024958993363e-08	2.31280998344875e-08	GKAP1
GKN1	9.76698669718174	-0.00227278087706709	0.154353500697896	-0.0147245178553832	0.988251959057709	0.989351177075681	GKN1
GKN2	2.00192669936183	-0.254705599408262	0.179677373096653	-1.41757192360136	0.156315782033229	0.169426805899576	GKN2
GLA	586.65138077992	-0.204342233819928	0.0295226424685777	-6.9215428137037	4.4675107063689e-12	6.46252492971284e-12	GLA
GLB1	1121.26932224682	0.0172384157600914	0.0293865635940885	0.586608764406846	0.557466495043314	0.577285530534125	GLB1
GLB1L	216.792425128343	-0.85322009708312	0.0525108827981636	-16.248443210575	2.29108648997464e-59	5.89506116438442e-59	GLB1L
GLB1L2	502.56972147019	-2.80902353445971	0.072547377884766	-38.7198492400588	0	0	GLB1L2
GLB1L3	117.135888015953	-7.28861947095982	0.186550446665817	-39.0705013106536	0	0	GLB1L3
GLCCI1	796.084463901752	-1.42420288457915	0.0464028630588665	-30.6921338619216	7.24793964659907e-207	5.67755272316927e-206	GLCCI1
GLCE	977.934978383819	0.543454875932199	0.0293103855109116	18.5413759136632	9.57406319961801e-77	2.89895225662445e-76	GLCE
GLDC	94.5288225354518	-4.41343880146888	0.0974171330628346	-45.3045441054213	0	0	GLDC
GLDN	728.399421666879	-0.569152132795044	0.0782936566978863	-7.26945396089041	3.60943510372274e-13	5.32045867197125e-13	GLDN
GLE1	2002.84778691006	-0.602121898231331	0.022156578563891	-27.1757616590054	1.25647210335665e-162	7.32203118566628e-162	GLE1
GLG1	9337.74926276424	0.156947149647985	0.0190928454052966	8.22020742934659	2.03151500326171e-16	3.16015395555773e-16	GLG1
GLI1	142.840703703087	-0.0287567149488056	0.0702355912779903	-0.409432232655199	0.68222248930385	0.698043939632729	GLI1
GLI2	370.5916048536	-0.529530875340112	0.0588025268412173	-9.00524014503642	2.15194327005316e-19	3.50530547500017e-19	GLI2
GLI3	1474.42544130278	-1.6619952740985	0.0610858840026646	-27.2075177634493	5.2921664195632e-163	3.09601195055434e-162	GLI3
GLI4	905.851334836228	0.302226565691632	0.0294896009396035	10.2485810611887	1.20093520320091e-24	2.10722629815962e-24	GLI4
GLIPR1	369.602576044463	0.342995130441781	0.0530969622232561	6.45978820783747	1.04849618791096e-10	1.47672168676827e-10	GLIPR1
GLIPR1L1	9.52273643282517	0.879950517451922	0.0485850046637881	18.1115659768121	2.58295220492099e-73	7.58494659719132e-73	GLIPR1L1
GLIPR1L2	72.99852788214	0.589736392210158	0.0487574999856906	12.0952959520737	1.11838493446815e-33	2.19279459812233e-33	GLIPR1L2
GLIPR2	995.598037944657	0.168663022701269	0.0594894215235811	2.8351767151478	0.00458003435031138	0.00534282926187254	GLIPR2
GLIS1	104.647459299814	-1.44350897212173	0.0916239693453252	-15.7547089744741	6.37521667501754e-56	1.58508667633965e-55	GLIS1
GLIS2	909.640709190283	1.5501089902755	0.0517184127152239	29.972091348024	2.26815181057162e-197	1.67744456623253e-196	GLIS2
GLIS3	312.338557094898	0.43596124249506	0.0508084645610233	8.58048449725244	9.44743633097108e-18	1.49927974428115e-17	GLIS3
GLMN	295.330896998907	0.0893546003536911	0.0210154724093563	4.25184828649911	2.12013472280737e-05	2.66103368743937e-05	GLMN
GLO1	5249.36913901496	-0.334383780710293	0.0312735578875133	-10.6922206265442	1.10688534005017e-26	1.99330162127282e-26	GLO1
GLOD4	2034.66266549438	-0.729440161460797	0.0259176918133364	-28.1444878160582	2.79912706452544e-174	1.77544349149128e-173	GLOD4
GLOD5	1.63582436328532	-2.55967532049692	0.178620365283351	-14.3302546517382	1.41600430989549e-46	3.20501616778936e-46	GLOD5
GLP1R	111.50503612241	3.73600264769232	0.10603973463822	35.2321010651205	6.45025452255088e-272	7.22982762518296e-271	GLP1R
GLP2R	38.6239616109244	-0.396602573744888	0.0998017367720643	-3.97390452884285	7.07039130848358e-05	8.75397991223694e-05	GLP2R
GLRA1	1.37048356099958	-0.307076664096656	0.118696689373808	-2.58707016780888	0.00967958785838809	0.0111493640285925	GLRA1
GLRA2	1.188682727784	-0.688275526860361	0.165032213536754	-4.17055259764226	3.03861909501438e-05	3.79822111862745e-05	GLRA2
GLRA3	63.1355973633299	-5.86346302119998	0.204384174985942	-28.688439413684	5.31815740232496e-181	3.52734529842489e-180	GLRA3
GLRA4	22.437407314709	-1.88545471811223	0.0866426021893115	-21.7612891403303	5.40085656522447e-105	2.07870042827893e-104	GLRA4
GLRB	260.11771820861	1.22553854076376	0.0475870858330811	25.7535951048256	2.93798945524453e-146	1.5232358347885e-145	GLRB
GLRX	7689.5120016324	-1.43574263174786	0.0932524582737364	-15.396297945662	1.73311657192822e-53	4.20059666235086e-53	GLRX
GLRX2	1185.22692029753	0.357009338795941	0.0279846019250342	12.7573491933995	2.83691615519881e-37	5.77554034265254e-37	GLRX2
GLRX3	2324.67725572866	0.272259647363514	0.0208948415968213	13.0299933647227	8.26148380899506e-39	1.70976052018533e-38	GLRX3
GLRX5	3011.78591252467	0.578803636258685	0.0502157205822715	11.5263433352588	9.71844646837682e-31	1.8412983357252e-30	GLRX5
GLS	3216.34663441743	0.111635338984148	0.0310539958717867	3.5948783997093	0.000324543125921832	0.000393778701113434	GLS
GLS2	15.6204780005079	-1.5712902590958	0.0890303151043674	-17.6489351661153	1.03692883785784e-69	2.95297516378404e-69	GLS2
GLT1D1	276.933643473041	-1.95378580981722	0.0914483660050831	-21.3649067246168	2.83418595719567e-101	1.05802947771629e-100	GLT1D1
GLT8D1	1595.07974437964	0.146745514449495	0.0189492454343422	7.74413498194202	9.62347335876325e-15	1.45499868915754e-14	GLT8D1
GLT8D2	460.320553383497	0.897750283445049	0.0670164320378592	13.3959725420459	6.38343428776739e-41	1.35361291805985e-40	GLT8D2
GLTP	7576.60457510362	-2.35387138785665	0.081842108959744	-28.7611281988647	6.57462744754291e-182	4.3817056158171e-181	GLTP
GLTPD2	30.124030361232	-1.96001099924048	0.0651418748341528	-30.0883418573773	6.88431024391425e-199	5.13996137290337e-198	GLTPD2
GLUD1	6769.43643683561	-0.0735713352208767	0.023617261527199	-3.11515097278097	0.00183850784200729	0.00217586980039272	GLUD1
GLUD1P3	202.324409826288	-0.0842176065560022	0.0270951890693293	-3.10821254431965	0.0018822264997574	0.00222658600395169	GLUD1P3
GLUD2	44.1284806676926	0.37275699133242	0.0530733742928816	7.02342740213553	2.1649066141609e-12	3.14938451280995e-12	GLUD2
GLUL	137474.129881246	-2.65357039872065	0.0741864947072444	-35.7689146682587	3.36203725660121e-280	3.94524332829716e-279	GLUL
GLULP4	9.56015264329953	-1.89038364459133	0.089035451241271	-21.2318084340216	4.85576492206748e-100	1.79705231007682e-99	GLULP4
GLYAT	76.6553758755166	-4.34687354979356	0.160516388497462	-27.0805591284674	1.66844523140506e-161	9.63544517501525e-161	GLYAT
GLYATL1	23.4493384572802	-2.49990270881033	0.130174825501949	-19.204194813942	3.41376218240407e-82	1.08628483375386e-81	GLYATL1
GLYATL2	48.0982982901062	-1.28757777151995	0.119161548834355	-10.8053124864112	3.24849044949266e-27	5.88705089915609e-27	GLYATL2
GLYCTK	362.821446174923	-0.169161010958874	0.0580072982839476	-2.91620220150274	0.00354320790134914	0.00414864611891414	GLYCTK
GLYR1	5586.26017761714	0.232039964100031	0.0199947631754205	11.6050368821211	3.885200731231e-31	7.3992275034796e-31	GLYR1
GM2A	3271.69117388995	-0.389672950764227	0.0691307204321703	-5.63675524178236	1.73284124806794e-08	2.3293910317729e-08	GM2A
GMCL1	717.642742730287	-0.589381951861528	0.032541810527215	-18.1115292085123	2.58467806086996e-73	7.58877667162292e-73	GMCL1
GMDS	489.534768726962	-0.238547254659634	0.0366302086422293	-6.51230947083999	7.40040524757036e-11	1.04490308935222e-10	GMDS
GMEB1	694.611621028326	-0.590560622154265	0.0198131800165421	-29.8064531620469	3.2224095058904e-195	2.34464808066019e-194	GMEB1
GMEB2	1287.93381995637	-0.129937605557279	0.0195070262587968	-6.66106682963443	2.71846984190323e-11	3.87359895702526e-11	GMEB2
GMFB	1424.65430623018	0.367501991303114	0.0324196241836259	11.3357881393557	8.72431583408323e-30	1.6330083116287e-29	GMFB
GMFG	547.537561311256	-0.259406597481895	0.0643777686127893	-4.02944375164879	5.59089912726376e-05	6.94129079177012e-05	GMFG
GMIP	532.448926625994	-0.66272925303898	0.0564048334483956	-11.7495117443314	7.10280546353967e-32	1.36425097256912e-31	GMIP
GMNN	534.689752865746	-0.921293242414063	0.0515334403890348	-17.877580760358	1.76323667957839e-71	5.10700297169599e-71	GMNN
GMPPA	1697.17936878711	0.384395748675972	0.0213484134834196	18.0058227265701	1.75374434573146e-72	5.11987544072526e-72	GMPPA
GMPPB	984.575569335774	0.123441882277676	0.0240832582783629	5.12563046290876	2.96543737795636e-07	3.88818109407768e-07	GMPPB
GMPR	7412.58041471827	-0.36805487755198	0.102019479091262	-3.60769218614354	0.000308932691146769	0.000375141484979289	GMPR
GMPR2	2162.16414858963	0.0472381184339192	0.015982486120164	2.95561767291774	0.00312043637540089	0.00366173241157701	GMPR2
GMPS	2262.41582980649	-0.439923331043386	0.0167247956133527	-26.3036596209381	1.74148784343001e-152	9.40267626562196e-152	GMPS
GNA11	5078.53770837573	0.364147114796767	0.0189554811513284	19.210650043101	3.01467601561587e-82	9.60141241279215e-82	GNA11
GNA12	2609.82558570689	0.936890852676117	0.028268101994865	33.1430406203539	7.13422922198855e-241	6.72021246598723e-240	GNA12
GNA13	3952.47215168015	-1.00278459669956	0.041462296715703	-24.1854570569358	3.16472217318752e-129	1.45661375197005e-128	GNA13
GNA14	128.274498145935	0.547296264172047	0.0554191126647378	9.87558692039979	5.31210627256183e-23	9.10957654685963e-23	GNA14
GNA15	1017.06649389516	-3.18344131653263	0.104515355814712	-30.4590774409872	9.08304328074824e-204	6.9843597649188e-203	GNA15
GNAI1	2564.32013378739	-1.37879315210801	0.0626915362453051	-21.9932902379828	3.33880058143671e-107	1.30457454452881e-106	GNAI1
GNAI2	10713.3439994326	0.655026132317906	0.0349261635398154	18.7545972969858	1.77557441157268e-78	5.45521675759001e-78	GNAI2
GNAI3	3062.91115416977	-1.18326227756068	0.0457453359361928	-25.8662933246601	1.59555614371322e-147	8.35659183677094e-147	GNAI3
GNAL	814.664291729773	-2.08257752511543	0.0418132855562822	-49.8065984867945	0	0	GNAL
GNAO1	498.564824636432	2.28084533659337	0.0446524471864037	51.0799626965992	0	0	GNAO1
GNAQ	2653.06286038887	-0.525830323049376	0.0303598561456431	-17.3199214293654	3.32811849446929e-67	9.23246432716007e-67	GNAQ
GNAS	61223.8455141438	0.384966708096448	0.0475423944841118	8.09733527883414	5.61760915890914e-16	8.68154039058409e-16	GNAS
GNAT2	7.43477595791493	1.12966502708021	0.0572477091920723	19.7329298066768	1.12459910061358e-86	3.71311599599139e-86	GNAT2
GNAT3	0.76613474677802	0.544005635215672	0.219877225859579	2.47413361292403	0.013355973605685	0.0152842263748211	GNAT3
GNAZ	319.323814758499	-0.347875573676452	0.0663303567630627	-5.24459072214991	1.56629622179323e-07	2.06329295927552e-07	GNAZ
GNB1	10471.5878284677	0.24801716114972	0.0310480553371098	7.98817054584672	1.36955901683425e-15	2.10120445427711e-15	GNB1
GNB1L	247.372844213638	-0.900279350486889	0.0324156163704598	-27.7730134820854	9.19057440553484e-170	5.64062495308669e-169	GNB1L
GNB2	9879.17397730347	-0.348414960765935	0.0256398304716672	-13.5888168664353	4.66561392586732e-42	1.00353347209389e-41	GNB2
GNB3	162.59365528054	2.55047192562887	0.0538616744850826	47.3522583545976	0	0	GNB3
GNB4	1430.0473918482	-0.402654494006293	0.0607039509916166	-6.63308544878572	3.28741367996406e-11	4.67578489673144e-11	GNB4
GNB5	550.733383218085	-0.0122461338452431	0.0505942432918411	-0.242045992754632	0.808744525497822	0.819765200939597	GNB5
GNE	1237.20610998868	-0.102879940075355	0.0287499472675501	-3.5784392617469	0.000345652172203935	0.000419023823277192	GNE
GNG10	789.552327247629	0.642185935099999	0.0417418121095377	15.3847162508133	2.07283187808469e-53	5.01789223203368e-53	GNG10
GNG11	3292.98372157088	0.990325420750185	0.06314164710669	15.6841873173951	1.94030503422077e-55	4.79245759069815e-55	GNG11
GNG12	5359.38664863155	-0.854952434395445	0.0484429774392411	-17.6486351498059	1.04245146683788e-69	2.9682329728802e-69	GNG12
GNG13	0.83066967888626	-0.97153419028188	0.15953305226981	-6.08986148299084	1.13008422190956e-09	1.55918188691608e-09	GNG13
GNG2	679.644791468434	-0.25415538455458	0.0732321089699878	-3.47054575007172	0.000519401852768966	0.000626575040322621	GNG2
GNG3	3.94986352783652	-0.245415708442774	0.0661290248286487	-3.71116478851286	0.000206307738856249	0.000251796434141388	GNG3
GNG4	24.158151201567	-1.19066588096314	0.0883975873421166	-13.4694386664087	2.36658317881471e-41	5.04689773745333e-41	GNG4
GNG5	4351.90519699172	0.741206072705298	0.0312658609775888	23.7065620305992	3.08544263006269e-124	1.37341871374279e-123	GNG5
GNG5P3	0.0779168215659417	0.560072632724376	0.442647586770151	1.26527885718532	0.205771382919384	0.221244791085067	GNG5P3
GNG7	1099.26132637379	2.95013250242452	0.0435717722602085	67.7074249999855	0	0	GNG7
GNGT2	29.3688420948657	1.84920544319123	0.060098699834833	30.7694750181506	6.7129262418126e-208	5.29069112429373e-207	GNGT2
GNL1	3248.22337147082	-0.535525098352267	0.0187251161142039	-28.599293862111	6.85596964505911e-180	4.52232721072587e-179	GNL1
GNL2	2952.02158781455	-0.614744981541602	0.027471116899536	-22.3778663164579	6.46655891698659e-111	2.61583206886912e-110	GNL2
GNL3	4037.77131449951	-0.842779693315406	0.0305017815057843	-27.6305071936727	4.78657102931306e-168	2.89429173996186e-167	GNL3
GNL3L	1566.82643786044	0.0199654418915891	0.0256131066910146	0.779500984884164	0.435684657647367	0.456239646440387	GNL3L
GNLY	186.184156534711	-0.000647795034297736	0.077283446013281	-0.00838206715298919	0.993312156344699	0.993643352395717	GNLY
GNMT	93.0385318923923	1.09009853862329	0.0747853807734452	14.5763587394926	3.97141597906474e-48	9.15006515284071e-48	GNMT
GNPAT	4648.53556379038	-0.308653001584537	0.0526222872405623	-5.86544252957938	4.47936400083800e-09	6.10024446808025e-09	GNPAT
GNPDA1	1555.14457348382	-0.269916249086037	0.0238066660485442	-11.3378432971526	8.5218763097943e-30	1.59561364107143e-29	GNPDA1
GNPDA2	881.327094535008	0.0872689641689643	0.0192414488840824	4.53546740137422	5.74760556791464e-06	7.31443250816765e-06	GNPDA2
GNPNAT1	410.925513062293	-0.400280704909427	0.0349427460743608	-11.4553305014323	2.21118218894278e-30	4.17139913887644e-30	GNPNAT1
GNPTAB	2520.41097096656	0.0506185639940248	0.0235212608841883	2.15203446121598	0.0313946402814711	0.035349654075609	GNPTAB
GNPTG	1932.10590805877	-0.136796472306946	0.0153008281029488	-8.9404620054899	3.87546687522219e-19	6.28319185993647e-19	GNPTG
GNRH1	298.47141086756	0.322090799185959	0.0471652498721886	6.828985324127	8.55173215177895e-12	1.23033672046174e-11	GNRH1
GNRH2	4.51865017652019	0.154734027802478	0.0757465962750748	2.042785226158	0.0410737036844922	0.0459634303135984	GNRH2
GNRHR	7.25437445986345	0.065969623585852	0.0746450707419142	0.883777360382474	0.376816410002336	0.397181882916738	GNRHR
GNRHR2	119.241804488391	-0.10526949561903	0.0394032065993139	-2.67159717962809	0.00754912100779343	0.00873227909402966	GNRHR2
GNS	6670.52889764829	0.437842259203936	0.0282335614836384	15.5078649733109	3.06915596654518e-54	7.49733702724654e-54	GNS
GOLGA1	2165.45171536094	-0.355410548143496	0.0158331159695279	-22.4472901498045	1.36014551362239e-111	5.52311739019097e-111	GOLGA1
GOLGA2	5891.3569549604	-0.28626350296954	0.0227462035109061	-12.5851113058179	2.5498312756939e-36	5.14165036336574e-36	GOLGA2
GOLGA3	4408.72049538015	-0.0442798519327315	0.0173021149060075	-2.55921615208769	0.0104908489255842	0.0120606572684532	GOLGA3
GOLGA4	12558.8490552083	-0.406719795510235	0.0486354752421997	-8.36261583720138	6.13427063376417e-17	9.62208135921827e-17	GOLGA4
GOLGA5	2255.77610410009	-0.466077342721141	0.0174126162542019	-26.7666464313581	7.90444489651101e-158	4.44927806698232e-157	GOLGA5
GOLGA5P1	0.237797806786589	0.661879417665809	0.259946606337277	2.54621295885291	0.0108898730786112	0.0125121979503465	GOLGA5P1
GOLGA6A	2.73250299066315	-1.82859553524515	0.117208893309408	-15.6011671436742	7.14753653034151e-55	1.75696852495804e-54	GOLGA6A
GOLGA6B	10.1212916126933	-2.41108401892117	0.0806074239670527	-29.9114386772449	1.3971709426385e-196	1.0273886494459e-195	GOLGA6B
GOLGA6C	7.491046886149	-1.77454134694666	0.120814905670958	-14.6880994285561	7.68388677399837e-49	1.78221422263555e-48	GOLGA6C
GOLGA6L1	0.115080290658976	0.392378672674025	0.397898573225071	0.986127367820634	0.324070615331456	0.343374839400879	GOLGA6L1
GOLGA6L10	82.6519214679779	-0.409067330872447	0.0435996656994336	-9.38235016966566	6.45183044178399e-21	1.07407194841907e-20	GOLGA6L10
GOLGA6L3	15.5550725143325	-0.386324261122761	0.0757118707016389	-5.10255865483982	3.35091840963697e-07	4.38690053031819e-07	GOLGA6L3
GOLGA6L4	39.0816208674105	-0.459760528725391	0.070080086693548	-6.56050171193237	5.36270390420468e-11	7.59751558158259e-11	GOLGA6L4
GOLGA6L9	435.49343912379	-0.490405141887893	0.0387647272920113	-12.6508085093367	1.10729410752652e-36	2.24085455082461e-36	GOLGA6L9
GOLGA7	450.896686091008	-0.711037664188951	0.0208311188382501	-34.13343612074	2.3550047712511e-255	2.4127740971708e-254	GOLGA7
GOLGA7B	1225.89580787807	-3.5482578445902	0.0701632449048124	-50.5714615879579	0	0	GOLGA7B
GOLGA8A	4752.26805960093	-0.786304684108733	0.0519681810122383	-15.1305023341795	1.01914477099815e-51	2.4334295029497e-51	GOLGA8A
GOLGA8B	2964.64784179364	-0.370030074089755	0.0461272216804122	-8.02194584042958	1.04083034237376e-15	1.60068235737462e-15	GOLGA8B
GOLGA8H	53.9147294927595	0.582487577442766	0.0489824021064696	11.8917723997417	1.30605205593628e-32	2.53233983831419e-32	GOLGA8H
GOLGA8K	14.618865585182	-0.0735765590507823	0.0561604720000377	-1.31011290380061	0.190157643790655	0.204934906656025	GOLGA8K
GOLGA8M	126.950611555195	-0.190747858262687	0.083837303586135	-2.27521461334585	0.022893058660711	0.0259507524528627	GOLGA8M
GOLGA8N	221.488636400215	0.387575119833767	0.0355972976021564	10.8877680594015	1.31831542752329e-27	2.40143655240303e-27	GOLGA8N
GOLGA8O	21.9478365028344	0.153656669554222	0.0642836255124409	2.39029252518567	0.0168349579815392	0.0191886328516234	GOLGA8O
GOLGA8Q	18.970260595873	0.112851095037386	0.063135060208268	1.78745525331117	0.0738639381348829	0.0816371799819505	GOLGA8Q
GOLGA8R	104.349248022366	0.179861428994382	0.0392371511543942	4.58395738994012	4.56257253208222e-06	5.81951875221512e-06	GOLGA8R
GOLGA8S	1.65247645979195	1.41292785813296	0.117448535708563	12.030187090957	2.46601319078127e-33	4.81669959280096e-33	GOLGA8S
GOLGA8T	13.3674465140941	0.558645223239096	0.0483783004430734	11.5474338313404	7.60575709008093e-31	1.44299360643494e-30	GOLGA8T
GOLGA8UP	2.38748154044583	-0.896623896215079	0.146151413624618	-6.13489718627019	8.52142865357296e-10	1.17886748534404e-09	GOLGA8UP
GOLGB1	7608.85466519596	-0.112383775389856	0.0214116203290512	-5.24872819818191	1.53152843045171e-07	2.01808383548505e-07	GOLGB1
GOLIM4	2229.97121344693	1.16648313838463	0.0316452073647943	36.8612891341758	1.92854610523868e-297	2.46911510955914e-296	GOLIM4
GOLM1	1388.10412682475	-0.397571509671197	0.038041354619517	-10.4510345030464	1.44935566570608e-25	2.57448700793124e-25	GOLM1
GOLPH3	3553.15301199412	-0.00627777198025011	0.0201798337067126	-0.311091363362517	0.755731166670855	0.7688434910841	GOLPH3
GOLPH3L	1138.96869394236	-0.575731434092636	0.0215082767718425	-26.7679015013585	7.64295023902375e-158	4.3034328199145e-157	GOLPH3L
GOLT1B	1407.16341279373	0.138513955324656	0.021086502604434	6.56884443679769	5.07072243376349e-11	7.18894813973195e-11	GOLT1B
GON4L	2947.49932586509	-0.544256248113868	0.0134466832162964	-40.4751297668907	0	0	GON4L
GOPC	2198.09278988415	0.0973179998833068	0.0135622906428116	7.17563149517726	7.19741809413904e-13	1.05600067741949e-12	GOPC
GORAB	428.891773765345	0.339284558873923	0.0380090053575263	8.92642561104904	4.39995179826692e-19	7.12646502794698e-19	GORAB
GORASP1	3273.05090740924	0.204038231378449	0.0134570928388803	15.162132997176	6.2989964043264e-52	1.50682038902697e-51	GORASP1
GORASP2	4163.53592396774	-0.00946512831506927	0.0151677927834981	-0.624028060652763	0.53260915690287	0.553007869493486	GORASP2
GOSR1	2165.28616452869	-0.196638523432204	0.0134908116630293	-14.5757370530254	4.00773679410391e-48	9.23256591127009e-48	GOSR1
GOSR2	2603.70171756799	0.237416525505635	0.0148481144688443	15.9896750529372	1.50815616996005e-57	3.8081525060248e-57	GOSR2
GOT1	14901.5925898131	1.57005886326323	0.0908946489112913	17.2733915810108	7.4624990375471e-67	2.06379543977393e-66	GOT1
GOT2	16343.3825123511	0.855547780353131	0.0784019480391948	10.9123280957946	1.00645310483299e-27	1.83595078436346e-27	GOT2
GP1BA	97.360856211116	-1.22408858932633	0.0655781987815261	-18.6660904396656	9.34481318820339e-78	2.85305261534683e-77	GP1BA
GP2	137.23676767897	0.228147795000045	0.160557464534494	1.42097283151248	0.155324657884224	0.168423538737059	GP2
GP5	4.14064080449604	0.0791869493516224	0.0854400069239391	0.92681347067442	0.354023389675373	0.373901375120065	GP5
GP6	43.5736660034911	0.777666513495665	0.0712888331823692	10.9086722110637	1.04775478652376e-27	1.91071157048062e-27	GP6
GP9	3.1412486458387	1.44928542392817	0.100525432944793	14.4171020355027	4.03950744857744e-47	9.19863043413568e-47	GP9
GPA33	19.4489128493883	2.40965830334557	0.105055042125128	22.9371028234466	1.98196517611813e-116	8.34753278785739e-116	GPA33
GPAA1	4808.20450405066	0.228706431028398	0.0193623257115122	11.8119297462503	3.38697164383807e-32	6.53821732554736e-32	GPAA1
GPALPP1	970.691774224226	-0.224889881980086	0.0149600068565687	-15.0327392317565	4.48086611933778e-51	1.06243507658324e-50	GPALPP1
GPAM	4412.39849036253	-1.70395786001684	0.0999359022070569	-17.0505075992251	3.46510998309611e-65	9.42227262926179e-65	GPAM
GPANK1	1116.65728534226	0.106954851197039	0.0248844113676222	4.29806635234301	1.72294591112479e-05	2.16749943015985e-05	GPANK1
GPAT2	397.894170472379	1.67587487920781	0.0570506407430139	29.375215727319	1.13864032552814e-189	7.96296212114687e-189	GPAT2
GPATCH1	682.024438677201	-0.460936848389728	0.0190855376933218	-24.1511062353257	7.26946061302046e-129	3.34075977776312e-128	GPATCH1
GPATCH11	548.882924560539	-0.26952080919432	0.0427415088608033	-6.30583281633951	2.86648323126465e-10	4.00306940620597e-10	GPATCH11
GPATCH2	573.315659017819	-0.0720824729651087	0.0251358695427694	-2.86771352160538	0.00413449714807181	0.00482997489534951	GPATCH2
GPATCH2L	2957.00399252118	-0.489988408677485	0.0239711275199676	-20.4407743552877	7.257847766226e-93	2.52558510805788e-92	GPATCH2L
GPATCH3	841.975039317002	-0.699781709332146	0.0266554625422945	-26.2528443549533	6.63264967191741e-152	3.56827037490093e-151	GPATCH3
GPATCH4	2016.08167893003	-0.744133822610007	0.0531397229804319	-14.0033440310561	1.48705608629452e-44	3.28730156077461e-44	GPATCH4
GPATCH8	6552.11417798785	-0.998457688336982	0.0342465330461207	-29.1550005074187	7.21956203009178e-187	4.97547228574587e-186	GPATCH8
GPBAR1	230.549853038467	-0.977418683099503	0.106366289584221	-9.18917720003367	3.95857617775244e-20	6.50998810302592e-20	GPBAR1
GPBP1	4120.51720468937	-0.188637072057489	0.0204225704811102	-9.23669585236436	2.54226442817247e-20	4.1950043057597e-20	GPBP1
GPBP1L1	5795.88692324871	-0.176647869353546	0.0154396234553202	-11.4412032045171	2.6025096417811e-30	4.9060400106505e-30	GPBP1L1
GPC1	13938.1957821327	0.588935812656267	0.0471087149212883	12.5016318878639	7.31344039213193e-36	1.46749794335935e-35	GPC1
GPC2	216.647164394899	-1.84398367721579	0.0791295503583441	-23.3033508830161	4.09967782184717e-120	1.77357126823049e-119	GPC2
GPC3	1748.17002130853	-1.60600928685542	0.0825305517268322	-19.459572888488	2.41791416606812e-84	7.82539965900614e-84	GPC3
GPC4	1308.67405566576	-0.614562963240553	0.0500357706194429	-12.2824722320105	1.12506885316365e-34	2.22945447223677e-34	GPC4
GPC5	7.94126436506855	2.84836845217741	0.0863297091836973	32.9940698180332	9.87967827324207e-239	9.24345574826562e-238	GPC5
GPC6	260.309335443539	-0.454179032202732	0.0695215399365373	-6.53292537273094	6.44972863349564e-11	9.12174458921709e-11	GPC6
GPCPD1	2971.57324629695	-0.381509246200428	0.0374677132885088	-10.1823466850707	2.37757373045716e-24	4.15763597454434e-24	GPCPD1
GPD1	14106.8520791121	-4.28600884601259	0.102500236074019	-41.814624143085	0	0	GPD1
GPD1L	10549.6697148767	0.686764260437968	0.0739686854322325	9.28452704580179	1.62426928949782e-20	2.68735951105241e-20	GPD1L
GPD2	2439.19520629796	-1.55858095086249	0.033284669310147	-46.8257904664641	0	0	GPD2
GPER1	406.430226090027	0.833131951036367	0.0591558476789622	14.0836786847813	4.78525359951245e-45	1.06344876598548e-44	GPER1
GPHA2	2.54516450315151	-1.2627638133922	0.12050967569521	-10.4785263598747	1.08419923523447e-25	1.92890595309901e-25	GPHA2
GPHN	1381.29573563187	-0.440408598107145	0.0320368505149325	-13.7469380113338	5.31310187468071e-43	1.15438921962737e-42	GPHN
GPI	20685.5149062542	0.919132065832156	0.0434475995061652	21.1549562295549	2.48419825076824e-99	9.1410573818641e-99	GPI
GPIHBP1	2097.29556942151	0.832438773285677	0.0693346585147355	12.0060989859604	3.30050180284849e-33	6.43547800618236e-33	GPIHBP1
GPKOW	1426.26470125711	-0.411582315775086	0.0240118334856713	-17.1408116760718	7.36158274337208e-66	2.01637022159831e-65	GPKOW
GPLD1	452.909619572574	-2.44678537477241	0.0699318762197346	-34.9881271179441	3.40985565748098e-268	3.73817367176097e-267	GPLD1
GPM6A	70.6616390113159	-0.970000687961449	0.0725587726825381	-13.368482570749	9.24067729385977e-41	1.95511791216231e-40	GPM6A
GPM6B	601.590510313958	-0.435256241994654	0.0542356530969533	-8.02527889203393	1.01295548928984e-15	1.55834644583424e-15	GPM6B
GPN1	1605.47784146174	-0.32766812494285	0.0165422437316343	-19.807961378071	2.54168727689337e-87	8.44305456197778e-87	GPN1
GPN2	1450.42429536725	-0.216620816004985	0.0179597429145739	-12.0614653024461	1.68753497138077e-33	3.30260024133782e-33	GPN2
GPN3	1202.41713617627	-0.0388649291469479	0.0439433444378666	-0.884432663105574	0.376462697264351	0.39683228983168	GPN3
GPNMB	13966.8643187723	-0.118751036595613	0.0796129832632006	-1.49160390338624	0.135803014316012	0.14775400789982	GPNMB
GPR107	4487.17988760946	-0.212708862191935	0.0158299850667232	-13.437085461254	3.665931109448e-41	7.80028674954768e-41	GPR107
GPR108	2067.59262139886	-0.208622717488012	0.0252546978360799	-8.26074890470338	1.44761319662592e-16	2.25849238624226e-16	GPR108
GPR12	255.644576099218	-3.12797155312693	0.128224563658102	-24.3944799957936	1.95716775531182e-131	9.139034179862e-131	GPR12
GPR132	120.445578834756	-0.254705173144917	0.0642237666824693	-3.96590213096988	7.31188624409647e-05	9.04986690593926e-05	GPR132
GPR135	159.899458303565	0.295189336684389	0.0304091443678044	9.707255591082	2.80795685975109e-22	4.76265254238946e-22	GPR135
GPR137	1201.35127232259	0.567599479679349	0.0242799418869137	23.3772997613833	7.27428728633436e-121	3.16061900654851e-120	GPR137
GPR137B	879.067921021086	1.06635846244431	0.0735036076491693	14.5075663161189	1.08502318541632e-47	2.48650571109855e-47	GPR137B
GPR137C	75.1022304396829	1.33940962622251	0.0495572224668071	27.0275362409512	7.01696290392184e-161	4.03038765901395e-160	GPR137C
GPR141	13.9274466357624	0.285959486615555	0.0720840704441175	3.96702745632604	7.27746115580372e-05	9.00787858527283e-05	GPR141
GPR142	3.22148861447143	-1.12977458920938	0.124830098946997	-9.05049822710693	1.42317481465195e-19	2.3236798039501e-19	GPR142
GPR143	68.7576240957305	-4.40181234090704	0.132356513892956	-33.2572399456443	1.60419516517655e-242	1.52627469177289e-241	GPR143
GPR146	213.308563375395	-0.0815425258991099	0.0524600848511737	-1.55437274130306	0.120095531429596	0.131115942580311	GPR146
GPR15	15.1467601862024	-1.75250650774783	0.13314222061563	-13.1626654538621	1.43917652709441e-39	3.00262131017923e-39	GPR15
GPR150	33.4458181894984	-2.35437128197917	0.0748380651980874	-31.4595423565191	3.10825343165625e-217	2.58198754145105e-216	GPR150
GPR151	0.496021507485532	-0.140797524748393	0.201842075002078	-0.697562808680714	0.485450647158025	0.506174530786122	GPR151
GPR152	0.978612350811229	-1.30349381498214	0.147276476658667	-8.8506586018021	8.70043245863409e-19	1.40249381828488e-18	GPR152
GPR153	1093.8313557588	0.452724178981884	0.0671063309775986	6.74637060895212	1.51589125198149e-11	2.17050257929676e-11	GPR153
GPR155	1106.72474346744	0.371970437072576	0.0366372313739865	10.1527987547849	3.21994304702146e-24	5.6181249190107e-24	GPR155
GPR156	25.5359919616361	-1.33691956659438	0.0667153994818419	-20.0391450396435	2.51042591250502e-89	8.4800481987245e-89	GPR156
GPR157	2658.36436365356	-0.62623993042061	0.0570487826794444	-10.9772706972458	4.915508591951e-28	9.00051573224596e-28	GPR157
GPR158	9.02970409562848	-0.670314607689628	0.0768872933017306	-8.71814546857693	2.82795478959756e-18	4.52457685250606e-18	GPR158
GPR160	158.264185142006	-1.48735513873696	0.0749912589782935	-19.8337134087519	1.52364976997331e-87	5.07253921015159e-87	GPR160
GPR161	413.707058710997	0.494112367647703	0.0453890453857662	10.8861590599271	1.34180704377515e-27	2.44398144237545e-27	GPR161
GPR162	231.789589739265	2.70935120660821	0.0461938752448333	58.6517409991759	0	0	GPR162
GPR17	626.311736852941	2.18592108890141	0.0563698562571276	38.7781916443155	0	0	GPR17
GPR171	20.4313006666541	-0.107865883061385	0.0773467315176558	-1.39457583979179	0.163143784912581	0.176593582213552	GPR171
GPR173	244.062018012766	0.642349199579685	0.0544591418379147	11.7950665012587	4.13873563191524e-32	7.98257581807632e-32	GPR173
GPR174	32.7032812094837	0.124106084399087	0.0884262340057059	1.40349847298799	0.160468247010975	0.173812438440614	GPR174
GPR176	490.901747196418	0.101868718114781	0.0538737769090071	1.89087760241568	0.0586406849217076	0.065091630343199	GPR176
GPR179	54.7488686023221	-1.69396679633883	0.0842533036391987	-20.1056424278978	6.58621693760217e-90	2.2361088474873e-89	GPR179
GPR18	8.78228682823901	-0.220973036195726	0.0754630221123693	-2.92822935008729	0.00340898480376051	0.00399460587504837	GPR18
GPR180	579.775588951421	0.0919346190197214	0.0364639475547488	2.52124701752837	0.0116939728828244	0.0134146830145119	GPR180
GPR182	31.7003147759665	-1.09394473890045	0.0785018547285929	-13.9352725191345	3.86721477990557e-44	8.51231759025192e-44	GPR182
GPR183	259.34536420617	-1.17428416981733	0.0653658542628055	-17.9647949691912	3.67633858647537e-72	1.07049127944263e-71	GPR183
GPR19	8.07814219334108	-0.163470294403324	0.0670961287983504	-2.43635955353869	0.0148359294708343	0.0169509086895898	GPR19
GPR20	33.5653758053269	1.32952739070816	0.0506267471758799	26.2613631108733	5.30157005521374e-152	2.85472816523789e-151	GPR20
GPR21	19.0282331604712	-0.727506050799157	0.0786532330660299	-9.24953778045475	2.25465545157846e-20	3.7231495077391e-20	GPR21
GPR22	122.545817929682	8.12386733872576	0.0915681192564903	88.7193862305952	0	0	GPR22
GPR27	137.380644426551	1.42824107563477	0.0561667903702721	25.4285684871662	1.21875558470325e-142	6.14360663126387e-142	GPR27
GPR3	71.5173599933288	1.25603302873425	0.0729933886042914	17.2074903323561	2.33326606308898e-66	6.42022659762531e-66	GPR3
GPR33	0.178494176233448	0.318332735534754	0.340678078814155	0.934409213069472	0.35009284712596	0.369836933163991	GPR33
GPR34	137.786014054577	-0.1990399120391	0.0791796750254372	-2.51377530881703	0.0119446507784022	0.0136970097249343	GPR34
GPR35	227.227090435073	0.316877631380347	0.0374231291761824	8.46742745344826	2.50872075878182e-17	3.95892718320606e-17	GPR35
GPR37	111.992699154736	-4.88130312978541	0.0833955151896335	-58.5319620447908	0	0	GPR37
GPR37L1	20.7173421823128	0.212550997306836	0.0670024896083596	3.17228506805092	0.0015124446576057	0.00179682657613254	GPR37L1
GPR39	15.002036921195	-3.88404221068718	0.141073112469038	-27.5321224768443	7.24540023307799e-167	4.33591920198261e-166	GPR39
GPR4	1246.42289891675	1.44837457715689	0.0726184229535443	19.9450018087484	1.65644125435126e-88	5.55572927512149e-88	GPR4
GPR45	2.04848744064438	-0.0520596965252491	0.116472684819069	-0.4469691465095	0.654897337031628	0.671688619674453	GPR45
GPR52	4.03051558489801	-0.42625042121953	0.0972657395900686	-4.38232848499363	1.17417595171723e-05	1.48325202153417e-05	GPR52
GPR55	10.3170186320748	-0.0783532684446789	0.103590542881476	-0.756374725580188	0.449424557090473	0.470053538561711	GPR55
GPR63	58.8558029000889	0.752558790749613	0.0480518597382906	15.6613874020349	2.77770918868474e-55	6.84952645281013e-55	GPR63
GPR65	37.8186531650088	0.644550325730657	0.0624206662646559	10.3259123027916	5.38048587163312e-25	9.48899051388928e-25	GPR65
GPR68	277.625185505022	-0.194480954470581	0.0709221243015625	-2.74217610351945	0.00610336099657124	0.0070849681627187	GPR68
GPR75	76.0723879584192	-0.249213967688193	0.0374943629032235	-6.6467049548605	2.99726991121484e-11	4.26580136557387e-11	GPR75
GPR78	3.14899327800425	-1.81820105142562	0.118814953216227	-15.3027965101055	7.32407471003791e-53	1.76469908787836e-52	GPR78
GPR82	8.34735512337897	-0.285713734357229	0.0813957204268576	-3.51018128298246	0.000447801284012945	0.000541215987210758	GPR82
GPR83	24.4568169026583	0.0631561933498404	0.0701792183986246	0.899927283189551	0.368158949701162	0.388420422785759	GPR83
GPR84	19.1617659304675	0.448459346268742	0.0833747500203901	5.37883887098992	7.49677654711395e-08	9.94102943827611e-08	GPR84
GPR85	31.8120281908228	1.18417881454336	0.0698791764685946	16.9460900140339	2.05686223836996e-64	5.55189341024106e-64	GPR85
GPR87	53.3343892287251	-6.99518456444904	0.196405234921048	-35.6160800258762	7.8987324013383e-278	9.16140991987698e-277	GPR87
GPR88	51.9272774715044	-0.847289994523304	0.110557347684668	-7.66380536678526	1.80503373756664e-14	2.71789312504702e-14	GPR88
GPR89A	209.398491539731	-0.0777964405343222	0.0185937636025574	-4.18400718634617	2.8641505005203e-05	3.58287513272174e-05	GPR89A
GPR89B	174.712976901004	-0.223916253386473	0.0245927410518382	-9.10497341123902	8.62875700430866e-20	1.41218524260897e-19	GPR89B
GPRASP1	1474.48074602809	0.432911048334938	0.0390674976506992	11.0811051223597	1.5494810216994e-28	2.86132620759243e-28	GPRASP1
GPRASP2	644.966182359634	0.714932171246911	0.0302795349121637	23.6110684434494	2.96654256975858e-123	1.31012592733622e-122	GPRASP2
GPRC5A	1007.42401627974	-0.791170027475198	0.0916017332018584	-8.637063948689	5.76761028090377e-18	9.18216615075164e-18	GPRC5A
GPRC5B	4591.53284115373	0.213299226810384	0.0591966318915523	3.60323248121864	0.00031428419253028	0.000381536940230481	GPRC5B
GPRC5C	2840.04190188596	-0.868912209073223	0.0492863539236647	-17.6298739894415	1.45290481940189e-69	4.13105980951722e-69	GPRC5C
GPRC5D	60.969184564623	-2.29878948461817	0.131003516535378	-17.5475402906254	6.21123327009322e-69	1.75550965763775e-68	GPRC5D
GPRIN1	81.6242160457456	-0.49774799024554	0.0621998434928012	-8.00239939997836	1.22017851004518e-15	1.87393851713363e-15	GPRIN1
GPRIN2	1607.59182818022	-7.64943352922123	0.151822836280527	-50.383945634418	0	0	GPRIN2
GPRIN3	691.339166459651	1.84272036624355	0.0398658177165906	46.2230670732406	0	0	GPRIN3
GPS1	6079.49230718213	-0.213153956844788	0.0305549967659776	-6.97607525464153	3.03540178456845e-12	4.40221298130975e-12	GPS1
GPS2	4488.40121483439	-0.337429425439174	0.0377202952108599	-8.94556693029344	3.7004533942644e-19	6.00323193494534e-19	GPS2
GPSM1	1718.28324747391	2.37622750338773	0.0588789923659928	40.3578153752541	0	0	GPSM1
GPSM2	849.973418993999	-3.06453989088506	0.0608424480781293	-50.3684514296633	0	0	GPSM2
GPSM3	455.874267544676	0.931146473591215	0.0499098694614351	18.6565599878137	1.11694249026673e-77	3.40492493942275e-77	GPSM3
GPT	1846.63860684183	0.683803051384053	0.0645275005864359	10.5970794648723	3.07431221813635e-26	5.50653674016642e-26	GPT
GPT2	6021.38337952764	-2.52409543964094	0.0636115719405847	-39.6798155215929	0	0	GPT2
GPX1	5853.72542596259	-0.0547899001010265	0.0364491419441854	-1.50318765212433	0.132790660777512	0.144563936175143	GPX1
GPX1P1	157.154924015578	-0.332049013162737	0.0998617704044638	-3.3250863850887	0.000883911433926635	0.00105800184334818	GPX1P1
GPX2	200.956470552113	-4.55262109109601	0.11466553704541	-39.7034820435463	0	0	GPX2
GPX3	74264.4211053949	-0.0476760865536241	0.0736343629125306	-0.647470619257722	0.517327403833679	0.537854371977016	GPX3
GPX4	12348.1161517068	-0.366577322097157	0.0382430713531274	-9.58545715934449	9.20490839096317e-22	1.55002390968876e-21	GPX4
GPX7	289.783914592957	0.359914236837142	0.0353547209287147	10.1800898828429	2.43336507042257e-24	4.25395791324431e-24	GPX7
GPX8	519.82172122334	0.443231489260057	0.0596576030942013	7.42958929409517	1.08935387891487e-13	1.62048253651323e-13	GPX8
GRAMD1A	3895.45836006749	-0.0422237911300814	0.0388089391224517	-1.0879913773694	0.276598914115574	0.294636194626572	GRAMD1A
GRAMD1B	715.567506479336	3.03630988579226	0.0697490325927088	43.5319282996	0	0	GRAMD1B
GRAMD1C	473.46184312017	-2.30467989918954	0.0809481054497482	-28.471078926242	2.67264581011265e-178	1.73997458328528e-177	GRAMD1C
GRAMD4	3295.05345449456	0.80947058600832	0.0364463442510839	22.2099253750051	2.75394617044577e-109	1.09603769653315e-108	GRAMD4
GRAP	31.191610329606	0.17615154490346	0.0622826223228979	2.8282615332126	0.00468015546366404	0.00545608953444831	GRAP
GRAP2	86.3718099479044	0.0929406939087649	0.0634390533933436	1.46503910347623	0.14291024943153	0.15530834339634	GRAP2
GRB10	4603.33230632522	0.0894382316092072	0.0524566442066798	1.70499338952792	0.0881956573067329	0.0970421777003973	GRB10
GRB14	378.744078741967	1.56147651987996	0.059010497256347	26.4609957970149	2.72663639543894e-154	1.49413034259654e-153	GRB14
GRB2	4854.24455950153	0.0543432983225801	0.0133542062820836	4.06937688206065	4.71390415196798e-05	5.86339059145768e-05	GRB2
GRB7	1263.88906724448	-4.38650360503157	0.119490689157903	-36.7100033981303	5.05736891186498e-295	6.37965646688728e-294	GRB7
GREB1	970.3342820572	-0.658314599316236	0.0661846246918063	-9.94663945563986	2.60843060462218e-23	4.49281019173322e-23	GREB1
GREB1L	907.579344629344	-0.545445365981451	0.0646705973200881	-8.43420949526353	3.33448939892791e-17	5.24915991867961e-17	GREB1L
GREM1	503.303048963402	-3.39408724808646	0.0999264835637191	-33.9658429581602	7.11904026856202e-253	7.17524321805067e-252	GREM1
GREM2	497.688829361217	-7.1942600342206	0.10391273509417	-69.23367023013	0	0	GREM2
GRHL1	2660.90230398404	-5.09985116110361	0.105835434454027	-48.186613372092	0	0	GRHL1
GRHL2	1423.21786298606	-7.9402886943351	0.149639541795239	-53.0627707026817	0	0	GRHL2
GRHL3	1554.42283143366	-8.26573828765155	0.153534073738382	-53.8365073393164	0	0	GRHL3
GRHPR	4686.86597388142	0.208361373044279	0.0285169052503073	7.30659134346405	2.74004259249771e-13	4.04722300053757e-13	GRHPR
GRIA1	57.452416873828	-0.655661860104184	0.0716599497397817	-9.14962768582848	5.71301011788208e-20	9.37379410555057e-20	GRIA1
GRIA2	126.224997319243	-4.14828063155599	0.107256616179275	-38.6762213775449	0	0	GRIA2
GRIA3	90.478414100606	0.065464172089853	0.0797827158200128	0.820530755527777	0.411913603772528	0.432580175107011	GRIA3
GRIA4	62.923454220285	-2.57720237176186	0.0827068127817588	-31.160702305896	3.63265707883329e-213	2.94688869202695e-212	GRIA4
GRID1	226.833862042594	-0.679406927714081	0.0505988598045132	-13.4273169462503	4.18294028083078e-41	8.89195890354687e-41	GRID1
GRID2	5.01560634404255	-0.0491082179787331	0.137451039677343	-0.357277893961452	0.72088377743287	0.735011547865709	GRID2
GRID2IP	30.9132769325547	-2.32133856335137	0.0967216195303516	-24.0002036217241	2.7672044603117e-127	1.25820781737992e-126	GRID2IP
GRIFIN	2.49074542964122	-2.33009069041033	0.135715644867085	-17.1689173543134	4.53805475852992e-66	1.24564690009602e-65	GRIFIN
GRIK1	36.414972482068	-2.39693321719673	0.0746706424728187	-32.1000749132331	4.39825751421885e-226	3.81740759466989e-225	GRIK1
GRIK2	199.399689935345	0.366006342753716	0.0871711173258706	4.19871115550211	2.6843846858101e-05	3.36033440398245e-05	GRIK2
GRIK3	142.485650590903	-0.0449765087119179	0.0883701808016287	-0.50895571678053	0.610783264379542	0.629131926189982	GRIK3
GRIK4	38.5683772062276	-1.90037223335952	0.0994470317126256	-19.1093912068795	2.10915031225741e-81	6.66786350034169e-81	GRIK4
GRIK5	182.165583122177	1.35896238509579	0.0443083937139661	30.67054052712	1.40684110702021e-206	1.0996329469158e-205	GRIK5
GRIN1	77.8367876826749	-2.20574436766762	0.100260258696601	-22.0001862786178	2.86798305395922e-107	1.1213415063927e-106	GRIN1
GRIN2A	116.045357495034	2.73531081276929	0.0814298532018408	33.5910075385898	2.26979654443706e-247	2.21816545040236e-246	GRIN2A
GRIN2B	16.4042050337761	-1.30586278181665	0.0928489435978143	-14.0643795310493	6.28718619840943e-45	1.39481930931191e-44	GRIN2B
GRIN2C	74.4857448200345	0.735424503943527	0.0397486394083508	18.5018786778654	1.9940064738264e-76	6.02351242412301e-76	GRIN2C
GRIN2D	86.6160805155776	-0.173389999947169	0.0693449844169318	-2.50039712900754	0.0124054155675079	0.0142163156118354	GRIN2D
GRIN3A	77.4754740494572	2.19251952775938	0.0571983881651966	38.3318411250872	0	0	GRIN3A
GRIN3B	41.5623978521292	-0.295322874467268	0.0587468752330583	-5.02703970714483	4.98109244598881e-07	6.50026425404122e-07	GRIN3B
GRINA	8747.37439588708	-0.429864502205804	0.0259831859172247	-16.5439489820546	1.77027362574443e-61	4.66159969821907e-61	GRINA
GRIP1	242.679576149336	-2.72181589769757	0.0893207779713294	-30.4723711494231	6.05552712290008e-204	4.66633320801902e-203	GRIP1
GRIP2	2688.55853123303	1.00605253363656	0.0864413032478182	11.6385627684524	2.62400029452613e-31	5.0089744752667e-31	GRIP2
GRIPAP1	2750.62497644029	-0.123414868870144	0.0148370843611931	-8.31800007776053	8.94599544545923e-17	1.39959033559631e-16	GRIPAP1
GRK4	287.277966158873	0.733612132640709	0.0253927062558944	28.8906635333686	1.56415849125621e-183	1.05139719944373e-182	GRK4
GRK5	2206.29185118557	1.77316594644638	0.0358279965845219	49.4910716613279	0	0	GRK5
GRK6	1397.73399963429	-0.13796859865611	0.0201206943872716	-6.85704956303045	7.02972474884062e-12	1.01282275655419e-11	GRK6
GRK6P1	1.54601436668487	-0.00877619181999371	0.106336055696768	-0.0825326062969672	0.93422319069531	0.938236535132017	GRK6P1
GRK7	21.1661093341619	-1.56606918444812	0.0700731510582718	-22.3490618132157	1.2330742130895e-110	4.97123603803451e-110	GRK7
GRM1	49.0163406038965	5.62048540081035	0.0796112198714488	70.599161900621	0	0	GRM1
GRM2	128.808391741534	-1.15924941862206	0.0656299994713777	-17.6634074045303	8.02458201606401e-70	2.28705669523699e-69	GRM2
GRM3	5.14538866272227	0.418553138815425	0.0864656891232525	4.84068470464392	1.29392527797088e-06	1.67243117173503e-06	GRM3
GRM5	0.884343181056876	0.385627826651587	0.164288556037268	2.3472592124074	0.0189120925989256	0.0215152991767212	GRM5
GRM6	14.2840511544326	1.65469642320905	0.0660935150993376	25.0356849794123	2.50002055052691e-138	1.22490119570046e-137	GRM6
GRM7	8.26070674593926	-3.47884931836032	0.139880166763863	-24.8702114019717	1.56329017533569e-136	7.55457354260881e-136	GRM7
GRM8	16.562856550705	4.84186062107068	0.0937619124563027	51.6399515989737	0	0	GRM8
GRN	8595.01745986953	0.0925564936190342	0.0377463883582798	2.45206224077679	0.014204009072725	0.0162423051275646	GRN
GRP	4.47286972116706	-3.52017432295959	0.235835125788387	-14.9264207831289	2.21859178370695e-50	5.21777772387103e-50	GRP
GRPEL1	2411.14098131888	0.264026597873804	0.0384852823973023	6.86045629464607	6.86409422959028e-12	9.89196703441315e-12	GRPEL1
GRPEL2	819.537015173177	0.828570601928287	0.0276056351268214	30.0145458752099	6.33941133809839e-198	4.69805448732438e-197	GRPEL2
GRPR	15.4974890881381	-1.69450997894853	0.110059391332286	-15.3963233708293	1.7324354324074e-53	4.19951120640529e-53	GRPR
GRSF1	7756.47148986134	-0.415629468463455	0.0526944189946924	-7.88754248348993	3.08195250566136e-15	4.69835933726373e-15	GRSF1
GRTP1	598.136032770386	-2.85340497061432	0.0448866698349607	-63.5690948137994	0	0	GRTP1
GRWD1	1959.34983682122	-0.404605791420486	0.0251088779080742	-16.1140530812163	2.03253580442703e-58	5.17579247637445e-58	GRWD1
GSAP	694.506476278564	0.0738137404007038	0.0315629516957516	2.33861969286729	0.0193551246960976	0.0220026270700634	GSAP
GSC	86.2214232856619	-2.25913891081444	0.0823694027110096	-27.4269186914048	1.30991806949333e-165	7.7744263662873e-165	GSC
GSDMA	1469.77287737147	-7.01538583844742	0.159157212602658	-44.0783406779158	0	0	GSDMA
GSDMB	572.286134776056	-0.390432730257434	0.0596415993212612	-6.5463155700161	5.89738984042363e-11	8.34648278303843e-11	GSDMB
GSDMC	1048.36964015558	-3.46155542105297	0.122039729678976	-28.3641682111109	5.59786434720931e-177	3.61302101520669e-176	GSDMC
GSDMD	1798.27405359688	0.642298105465256	0.0472498149577795	13.5936639336934	4.36661845607923e-42	9.39671235240672e-42	GSDMD
GSE1	6625.99093474197	-1.21823557324281	0.0258888642068425	-47.0563545588386	0	0	GSE1
GSG1	4.92027896627799	-0.368743808474413	0.104812518252521	-3.51812755405813	0.000434603407867255	0.000525441328834607	GSG1
GSG1L	25.9641928476976	3.31294061264391	0.0860617129113234	38.4949416014705	0	0	GSG1L
GSK3A	4370.62571335777	-0.243091475122366	0.0280182939787837	-8.67616976631203	4.09321009161312e-18	6.52976558482167e-18	GSK3A
GSK3B	3409.84662588225	-0.233218841446134	0.0233791993876944	-9.97548451419123	1.95146655332456e-23	3.36671932397886e-23	GSK3B
GSKIP	709.163544357657	-0.284652372054115	0.0321112874791378	-8.86455805420597	7.68081209748281e-19	1.23913155195186e-18	GSKIP
GSN	74845.1093167991	0.621015420651582	0.0464036730109821	13.3828936451778	7.61249867480548e-41	1.61309698228574e-40	GSN
GSN-AS1	45.7784765528527	0.3808129350459	0.0507130268950414	7.50917384272984	5.95016672301037e-14	8.89609229077323e-14	GSN-AS1
GSPT1	8314.76045393325	-0.5753334504652	0.0422803969809402	-13.6075697379227	3.61051244500886e-42	7.7761228191678e-42	GSPT1
GSPT2	395.253425687552	0.75893019428957	0.0377731267051068	20.0918023073522	8.70443879745802e-90	2.95304566138413e-89	GSPT2
GSR	2142.09199477994	0.244075563330082	0.0378706711850421	6.44497590595874	1.15618782679493e-10	1.62750524477132e-10	GSR
GSS	1752.96629347091	-0.0395201153708813	0.0211330446995383	-1.87006254577906	0.0614751328457236	0.0681496407412163	GSS
GSTA1	35.5656781392723	-2.93435054260996	0.141888579949763	-20.6806674902863	5.17202659918823e-95	1.83018774940018e-94	GSTA1
GSTA2	1.61478102977237	-0.232024343463899	0.191041577897821	-1.21452275476911	0.224548165986661	0.240672315327531	GSTA2
GSTA3	88.0961552727292	-8.19779022004428	0.241651112291158	-33.9240740186083	2.94250456807448e-252	2.95250973968276e-251	GSTA3
GSTA4	1733.27982700673	-1.24027969841436	0.0515779203132264	-24.0467178762209	9.03458297963137e-128	4.11725387889479e-127	GSTA4
GSTCD	275.200260046195	-0.720078814333367	0.0262142089665932	-27.469027017028	4.11743928969937e-166	2.45018263318606e-165	GSTCD
GSTK1	6533.86076476413	0.881799821482651	0.0233191236130683	37.8144494670666	0	0	GSTK1
GSTM1	803.518211036179	-1.12222260190404	0.147363077943642	-7.61535805008919	2.62961492401471e-14	3.9489195167422e-14	GSTM1
GSTM2	3464.81495500225	-0.781861435969963	0.0367534386245276	-21.2731506283655	2.01295891187117e-100	7.46349606026631e-100	GSTM2
GSTM3	2929.6250689151	0.257082381095091	0.0407581719240534	6.3075051936609	2.83569066559718e-10	3.96037455748428e-10	GSTM3
GSTM4	1986.36580554123	-0.0494922633881066	0.0412772411569615	-1.19902062252432	0.230519926878138	0.246793695951788	GSTM4
GSTM5	472.342418492677	-0.5935213790051	0.0710871208570477	-8.34921110672971	6.87204137049746e-17	1.07643244613927e-16	GSTM5
GSTM5P1	0.663356960629451	-1.03767187925073	0.160044739310803	-6.48363628644862	8.9537922079132e-11	1.26264953807008e-10	GSTM5P1
GSTO1	3742.63226644155	1.36345456722138	0.0355242425309229	38.3809610024628	0	0	GSTO1
GSTO2	631.304356086072	-2.97506690203811	0.0815957857285938	-36.4610362590766	4.59924964470682e-291	5.68620143230546e-290	GSTO2
GSTP1	13563.8574139322	-0.308004190082296	0.0343301613244332	-8.97182472204363	2.91642240297961e-19	4.74284214256356e-19	GSTP1
GSTT2	17.6004383004885	-1.0494125050569	0.123866662140808	-8.47211418245823	2.40978744615915e-17	3.80380426326822e-17	GSTT2
GSTT2B	203.711835382939	-0.352553468474445	0.0613428361462109	-5.74726391251511	9.06991078827786e-09	1.22637620446023e-08	GSTT2B
GSTZ1	980.15553618634	-1.06886108932811	0.0391049773405757	-27.3331213062498	1.71424108352024e-164	1.01207129368474e-163	GSTZ1
GTDC1	958.883960104427	0.120661366017011	0.0251964378552492	4.78882636943357	1.67759551499326e-06	2.16258929142034e-06	GTDC1
GTF2A1	1844.84961588286	-0.733353747654396	0.0223325597022476	-32.8378724800002	1.69697688706846e-236	1.56652722790356e-235	GTF2A1
GTF2A1L	38.2675687733885	-0.0687214071993872	0.0922466458758542	-0.744974590099164	0.456287081078719	0.476815496719959	GTF2A1L
GTF2A2	1526.57607369697	0.350009766966005	0.0263039346052244	13.3063654627732	2.12573730788559e-40	4.47653220393642e-40	GTF2A2
GTF2B	1039.98540575486	-0.649455779214946	0.0182588744965055	-35.5693216106636	4.17739198087869e-277	4.81724747263275e-276	GTF2B
GTF2E1	459.119481231013	-0.286509092830005	0.0285386321007975	-10.0393421737267	1.02354451593551e-23	1.77349358276592e-23	GTF2E1
GTF2E2	1050.77906641248	-0.131158768614943	0.0266988056039035	-4.91253318821747	8.99071585520535e-07	1.16693255540812e-06	GTF2E2
GTF2F1	3194.24334289737	-0.121968828699727	0.0153005450403329	-7.97153489488195	1.56715629133987e-15	2.40088343833268e-15	GTF2F1
GTF2F2	1622.19132614927	0.0270997229701316	0.0293043079727731	0.924769252196985	0.355085947829746	0.375001592659622	GTF2F2
GTF2F2P1	2.07105336824293	2.52281474802185	0.106540502023609	23.6793960991736	5.87954573075075e-124	2.61069814255659e-123	GTF2F2P1
GTF2H1	1718.00380998451	-0.318258301821137	0.0164498041754475	-19.3472395432014	2.15056094988675e-83	6.91660669267667e-83	GTF2H1
GTF2H2	109.116816381019	0.0391633814319203	0.0575569243070074	0.68042866959019	0.496233072967522	0.516878344317113	GTF2H2
GTF2H2B	25.595740014533	-0.311298016634141	0.0654549577523318	-4.75591196333866	1.97552552985041e-06	2.54337255491612e-06	GTF2H2B
GTF2H2C	107.796818931364	0.0994529054408226	0.0268991737099387	3.6972475999914	0.000217949741580406	0.000265753119162019	GTF2H2C
GTF2H3	868.109663189089	-0.465834535611797	0.0177715087558784	-26.2124359845198	1.91740644397681e-151	1.02999801247468e-150	GTF2H3
GTF2H4	906.829107631725	-0.292082395847245	0.0189601253292759	-15.4050878237734	1.51283447933546e-53	3.6706474541741e-53	GTF2H4
GTF2H5	1278.12036731193	-0.136247123854849	0.036710409785383	-3.71140296856884	0.000206113677016797	0.000251576640899062	GTF2H5
GTF2I	1596.5867293539	-0.841629755317237	0.03159408244954	-26.6388415191811	2.41034476979345e-156	1.34413309173023e-155	GTF2I
GTF2IP1	78.8737959098519	-0.625025469951958	0.0320126913155506	-19.524302527115	6.82423791117116e-85	2.2173845963717e-84	GTF2IP1
GTF2IRD1	3823.86403321039	-1.59915703253827	0.0599944178770184	-26.6550970761373	1.56205168588544e-156	8.72161674864261e-156	GTF2IRD1
GTF2IRD2	344.920743063463	-0.358022509647127	0.0308008019572748	-11.6238048003996	3.11928356788056e-31	5.94685696943635e-31	GTF2IRD2
GTF2IRD2B	695.889965981167	-0.355215663010491	0.0261713395265996	-13.5726970585308	5.8142572374829e-42	1.24850822536001e-41	GTF2IRD2B
GTF2IRD2P1	29.1183162728026	-0.616370812288845	0.0488654048486289	-12.6136438283523	1.7758838449647e-36	3.5850269253347e-36	GTF2IRD2P1
GTF3A	6543.52815430813	0.525448603077625	0.0488830693501691	10.749091864785	5.98479367406445e-27	1.08078120913758e-26	GTF3A
GTF3C1	7622.42649801983	-0.299498900817254	0.0341121635163778	-8.77982719194752	1.63726020636799e-18	2.62934436388885e-18	GTF3C1
GTF3C2	2358.34055625698	-0.757275984690404	0.0217522185454463	-34.8137355786606	1.5073157513229e-265	1.6374888859121e-264	GTF3C2
GTF3C3	1715.77573393392	-0.34746051406313	0.0161957753435573	-21.4537746228587	4.21059411691725e-102	1.5833487507547e-101	GTF3C3
GTF3C4	1832.05576578196	-0.680313327871679	0.0283331978280695	-24.011173465132	2.12557754243052e-127	9.66957830207018e-127	GTF3C4
GTF3C5	3467.90141668135	-0.110535583359197	0.0180571059064101	-6.12144514918963	9.27304408303209e-10	1.28176354556293e-09	GTF3C5
GTF3C6	2577.91154186767	0.320039711871179	0.0602130127462593	5.31512537364378	1.06583916030207e-07	1.40909009434471e-07	GTF3C6
GTPBP1	4295.02406526655	-0.454706692156151	0.0267286525955305	-17.011957132182	6.69629579809043e-65	1.81536175694919e-64	GTPBP1
GTPBP10	748.079418182355	-0.00338228927548298	0.0177777455281627	-0.190254116874657	0.849110006321931	0.858355825750331	GTPBP10
GTPBP2	3342.10460124681	0.0509202677575882	0.0208047377511532	2.44753230570117	0.0143838229804256	0.0164427000362381	GTPBP2
GTPBP3	1195.34374144488	-0.38457140510762	0.0257431576143658	-14.938781437325	1.84314885767249e-50	4.33989831091728e-50	GTPBP3
GTPBP4	2882.56504014113	-0.5138294413313	0.0345259385962658	-14.8824177479964	4.28722082273211e-50	1.00592103793015e-49	GTPBP4
GTPBP6	3721.80278109196	0.069604173743431	0.027760462871202	2.50731315491272	0.0121652879659051	0.0139464621496789	GTPBP6
GTPBP8	614.430351678345	0.309068497467827	0.0457477480254938	6.75592812340387	1.41923768143755e-11	2.03372850689041e-11	GTPBP8
GTSE1	60.4688537848591	-0.558459343290028	0.0795812814482319	-7.01747110786736	2.25919856135915e-12	3.28443169948523e-12	GTSE1
GTSF1	10.1583372305165	-0.503126584891293	0.122645620854694	-4.10227924474677	4.0910011152902e-05	5.09704534027817e-05	GTSF1
GUCA1B	191.390916671586	-0.10074320024427	0.0353678491108868	-2.84844011657073	0.00439341206229306	0.00512778386392644	GUCA1B
GUCD1	7953.47972059511	0.404367387269768	0.043136369052192	9.37416375449941	6.97262865538906e-21	1.16012837069654e-20	GUCD1
GUCY1A2	955.058035674133	1.00762059554975	0.053109538984224	18.972497498972	2.87897951928641e-80	8.98950742873802e-80	GUCY1A2
GUCY1B2	35.5224608372042	-1.62278170627407	0.127010551102601	-12.7767472244346	2.21125608155136e-37	4.50841779635362e-37	GUCY1B2
GUCY2C	41.7915417653179	-2.48640298917585	0.110680677065062	-22.4646528654162	9.2028202185586e-112	3.74372806224347e-111	GUCY2C
GUCY2D	6.75225309221454	-1.14482898544704	0.0896545266144108	-12.7693383555608	2.43213057607692e-37	4.95538002263279e-37	GUCY2D
GUF1	1987.98485764502	-0.651696354674674	0.0398405213783139	-16.3576261587131	3.83799544747587e-60	9.94784104391838e-60	GUF1
GUK1	9675.08371376875	0.106267286047806	0.0306550942813376	3.46654572556641	0.000527192056403449	0.000635844838011289	GUK1
GULP1	636.668628216835	-1.06884274531088	0.0384212265995346	-27.8190687780859	2.55070781650051e-170	1.57459847067303e-169	GULP1
GUSB	2117.59980573594	-0.224920631189227	0.0302730252400757	-7.42973751072209	1.08813395878488e-13	1.61893539896575e-13	GUSB
GUSBP1	411.498883424366	0.306303611526098	0.0247469000444955	12.3774537810941	3.46151085312179e-35	6.89429706428916e-35	GUSBP1
GUSBP2	38.3936286340705	-1.25576902439078	0.0496422489097175	-25.2963766140934	3.50136895037392e-141	1.75126819882415e-140	GUSBP2
GUSBP3	0.945090845107029	-0.26590563240519	0.142318096095685	-1.86838947189409	0.0617078034796836	0.0684033604555566	GUSBP3
GUSBP4	51.0613673683481	-0.974193602028958	0.0329797433692252	-29.5391504755619	9.05196434676136e-192	6.43286262163645e-191	GUSBP4
GUSBP9	10.3627910899913	-0.109032159016482	0.0632948845037914	-1.72260617696445	0.0849597672184802	0.093584675663925	GUSBP9
GVINP1	127.819259842514	1.07824853364621	0.060351266260264	17.8662122679626	2.16184030088097e-71	6.2584894268508e-71	GVINP1
GXYLT1	758.264195951623	0.0307327674449535	0.0214748550604254	1.43110476687635	0.152400191320641	0.165352048939959	GXYLT1
GXYLT2	226.543530654574	1.95774702781651	0.0657588660501095	29.7716056466769	9.10997732461528e-195	6.60711933200644e-194	GXYLT2
GYG1	13535.915776978	-0.995186753206074	0.0898308022393585	-11.0784578162216	1.59597815560048e-28	2.94567853777959e-28	GYG1
GYG2	1178.65640473601	-4.45773741684733	0.128978638692462	-34.5618271524511	9.46849271921617e-262	1.00437441036305e-260	GYG2
GYPA	1.65348425183736	1.29035291345182	0.17677703988431	7.29932413336188	2.89216821019584e-13	4.27017059971583e-13	GYPA
GYPB	0.55000442472785	1.76984984628329	0.232915333749803	7.59868325451025	2.99159001712801e-14	4.49100257679271e-14	GYPB
GYPC	3834.63714086874	0.819877489551264	0.047734465871821	17.1757968708153	4.0307924533662e-66	1.10708414636931e-65	GYPC
GYPE	29.754973999914	0.0843808427726227	0.0556741392919099	1.51562006787744	0.129615449708014	0.141226784710002	GYPE
GYS1	13977.6672314735	0.0989683857637005	0.0788055240703409	1.25585594323772	0.209168204340851	0.224790259482965	GYS1
GYS2	26.2523926075316	-0.547946730202977	0.116482804183514	-4.70409975140803	2.54988563579361e-06	3.27439658509922e-06	GYS2
GZF1	1304.15544904547	0.613419168384501	0.0315496200331131	19.4429970231236	3.34068161102369e-84	1.07963392603299e-83	GZF1
GZMA	30.3639038584751	0.174449178566955	0.075950940869704	2.29686659005618	0.0216263814152016	0.0245489022483948	GZMA
GZMB	34.220393084565	0.892090776972027	0.0803711838173703	11.0996346526281	1.25957713051047e-28	2.32836803515291e-28	GZMB
GZMH	18.3748416747691	0.626812945299511	0.090260898134336	6.94445721520099	3.79918192550908e-12	5.5019367531045e-12	GZMH
GZMK	9.78139412614899	-0.281331009655119	0.0973230114639347	-2.89069363373916	0.00384392646853902	0.00449577807550977	GZMK
GZMM	22.7238267723778	0.0253589131921905	0.062809085907855	0.403745936207282	0.686399556319563	0.701918900943501	GZMM
H19	13017.0643552048	0.321419902992658	0.10400333305907	3.09047694471585	0.00199835318252849	0.00236163049098578	H19
H6PD	10768.2040633881	-0.931817872219157	0.0316468534691953	-29.4442502198893	1.49151445262892e-190	1.05165498087635e-189	H6PD
HAAO	218.646390496059	0.472951929362708	0.0531556595056878	8.89748963254047	5.71240216948622e-19	9.2388995016102e-19	HAAO
HABP2	30.258310703589	1.53009887420971	0.12341347337419	12.3981509666327	2.67423361010666e-35	5.33276605910379e-35	HABP2
HABP4	1216.76163891383	0.836835820423355	0.026530777844142	31.5420763514527	2.30284109112728e-218	1.92717073367653e-217	HABP4
HACE1	675.636605882456	-0.212119396194672	0.0235342851294856	-9.01320754072587	2.00116083180205e-19	3.26117111472649e-19	HACE1
HACL1	928.575161851664	-0.647793831287241	0.0252347406363532	-25.670714853872	2.48279257549759e-145	1.27949467940258e-144	HACL1
HADH	8211.16312257574	0.66034109824142	0.0621835083037099	10.6192319516013	2.4254849705285e-26	4.34958706460286e-26	HADH
HADHA	28168.8611120901	0.381468358430675	0.0581061710632125	6.56502315417899	5.20247777047751e-11	7.3745808604115e-11	HADHA
HADHAP1	13.3918063601723	1.1437667245476	0.0679338979793059	16.8364654254938	1.31882505499875e-63	3.53961082675302e-63	HADHAP1
HADHB	33532.7377211677	0.888999510790452	0.0775876568326593	11.4580017889681	2.14404345308558e-30	4.04558974832217e-30	HADHB
HAGH	4016.95258544697	0.501586966438226	0.0573463455563514	8.74662476871071	2.19829182133197e-18	3.523726720908e-18	HAGH
HAGHL	323.759595223704	1.90128592069502	0.0567897590060195	33.4793799792932	9.62034103632664e-246	9.33562043099277e-245	HAGHL
HAL	1477.38064744767	-5.46821272688955	0.135303858927711	-40.4143146413219	0	0	HAL
HAMP	22.3923822953218	2.44419879220177	0.113466478048356	21.5411532484521	6.4091252467823e-103	2.42426273518235e-102	HAMP
HAND1	253.775655494457	10.0845391112503	0.0975138156689484	103.416516337403	0	0	HAND1
HAND2	935.313056804375	4.27425829810768	0.0747950545928404	57.1462688459195	0	0	HAND2
HAND2-AS1	1458.11309702507	4.53943623971989	0.058882260435625	77.0934438680862	0	0	HAND2-AS1
HAO2	23.2179201998548	-3.88074490688982	0.168760803463125	-22.9955346695051	5.16639354743532e-117	2.18669763102241e-116	HAO2
HAP1	86.735596520514	-3.03073035798849	0.0868898098228812	-34.8801587224834	1.48641728523127e-266	1.62163621523928e-265	HAP1
HAPLN1	36.8365089499231	3.96028165675111	0.134968598646916	29.3422447625124	3.00098618333775e-189	2.09463948376359e-188	HAPLN1
HAPLN3	975.281422270381	-0.554337497657947	0.0511516802688693	-10.8371317372993	2.29555577492388e-27	4.16933705018715e-27	HAPLN3
HARBI1	137.692291377412	-0.171067698336697	0.0294611353008003	-5.80655485914185	6.37713842616128e-09	8.65527171901751e-09	HARBI1
HARS2	2198.7933856632	0.117753482182386	0.0182645733999699	6.44709731805617	1.14012584451881e-10	1.60502114078228e-10	HARS2
HAS1	122.541763702699	0.681304862063192	0.121784156813897	5.59436366673145	2.21432385904419e-08	2.96892051949069e-08	HAS1
HAS2	223.046096372796	0.574552958300872	0.0738607284621441	7.77886937028177	7.31755724058376e-15	1.1083159266954e-14	HAS2
HAS3	533.0040468371	-2.45920289409424	0.0831568388610642	-29.5730685266067	3.3179634927029e-192	2.36541231018396e-191	HAS3
HAT1	2244.6407660325	-0.572322205959202	0.0371376640388913	-15.4108294307325	1.38423691435924e-53	3.35998499128651e-53	HAT1
HAUS1	354.398966693429	-0.0920152271924565	0.0287809487362082	-3.19708804722951	0.00138822545252742	0.00165164880178097	HAUS1
HAUS1P1	1.26811511584173	0.359282303088251	0.12415307333245	2.89386556002673	0.00380531051691102	0.00445119206023233	HAUS1P1
HAUS2	688.926181578263	-0.386858730690158	0.0179506521091553	-21.5512354836875	5.15528835779818e-103	1.9512267815123e-102	HAUS2
HAUS3	723.298583568576	-0.356489516475056	0.0179230961931599	-19.8899516374355	4.97229814610237e-88	1.66121638693372e-87	HAUS3
HAUS4	1396.96874600276	-0.116680520575299	0.0278596369273814	-4.18815653913356	2.81229517434216e-05	3.51874090730057e-05	HAUS4
HAUS5	1013.33125888689	-0.520566204491793	0.0284321142035948	-18.3090923441063	7.0027325692289e-75	2.08633215787305e-74	HAUS5
HAUS6	834.481578983	-0.252045709808005	0.0180646385968309	-13.9524357742879	3.04041521685366e-44	6.69732186962589e-44	HAUS6
HAUS6P1	0.785354548361073	-0.11470209109628	0.141027460160707	-0.813331609075081	0.416027958950619	0.43659530630619	HAUS6P1
HAUS7	124.276181444415	-0.426957359747229	0.0601507695718124	-7.09811965477011	1.26465673467404e-12	1.84691594035919e-12	HAUS7
HAUS8	188.926704470381	0.120112349146496	0.0222096350565649	5.40811899162621	6.36901064326895e-08	8.4598996893067e-08	HAUS8
HAVCR1	3.66971152978038	-0.523176571718812	0.101343513202366	-5.16240808303256	2.43793093065407e-07	3.20119590653614e-07	HAVCR1
HAVCR2	180.74233528685	-0.0162024382173714	0.0582477030622019	-0.278164414484619	0.780886150369922	0.79293105221949	HAVCR2
HAX1	4709.07235646084	0.62690436239728	0.0427599296947982	14.6610241614486	1.14532265709079e-48	2.64965340576935e-48	HAX1
HBA1	208.727271496981	2.79943156620225	0.093726982123211	29.8679366686766	5.13542736045282e-196	3.75478586171857e-195	HBA1
HBA2	2652.82912817444	2.94613549198048	0.0926210294506601	31.8084943500861	4.93929981702928e-222	4.2158528215431e-221	HBA2
HBB	10495.133705869	2.87136757968703	0.103878789839397	27.6415193527605	3.52924753539152e-168	2.13833675141645e-167	HBB
HBD	18.6069254362619	2.37748850890249	0.129480998438804	18.3616788375798	2.66247351616115e-75	7.95868245838871e-75	HBD
HBEGF	2005.18744453159	0.637371305533048	0.0576729492173096	11.0514775849498	2.15636137290145e-28	3.97182657051049e-28	HBEGF
HBG1	3.93820309161535	2.06581294304553	0.144982640845754	14.2486916433212	4.56758580222098e-46	1.02827803934192e-45	HBG1
HBG2	17.8037527018238	2.0633494983666	0.119438675650329	17.2753882871851	7.2086640516187e-67	1.9942087228091e-66	HBG2
HBM	5.80262103287995	2.50859208694235	0.142104169992883	17.6531912263236	9.61654267349958e-70	2.73990795608841e-69	HBM
HBP1	3313.78109812881	-0.976366430345526	0.0279421035645502	-34.9424812663077	1.68439978618729e-267	1.84321462317066e-266	HBP1
HBQ1	3.13535599504776	1.34409616152614	0.120033656253516	11.1976607518091	4.18642066308667e-29	7.77867035055979e-29	HBQ1
HBS1L	3482.45524435716	-0.623039203186249	0.0512610537121302	-12.1542410478936	5.44652350845576e-34	1.07197539553589e-33	HBS1L
HCAR1	229.957117646261	-4.95906593896231	0.148272156649848	-33.4456991185027	2.97233099768179e-245	2.87970561298546e-244	HCAR1
HCAR2	483.010007608257	-4.2972818624594	0.12247319434706	-35.0875298498539	1.04452973754806e-269	1.15779432300508e-268	HCAR2
HCAR3	73.2033617192363	-3.46213808777934	0.138823324092044	-24.9391671783039	2.79909363793295e-137	1.36106117170262e-136	HCAR3
HCCAT5	4.19393289705055	-1.46464073163895	0.155394760510932	-9.42529031753237	4.28917355774905e-21	7.15763541420605e-21	HCCAT5
HCCS	1702.70269323078	0.370212260505519	0.0489635684400117	7.56097384852759	4.00062681037317e-14	5.99627670387405e-14	HCCS
HCFC1	4285.14240099809	-0.0349319270830327	0.0247269060689159	-1.41270917540895	0.157741252622883	0.17092038093448	HCFC1
HCFC1R1	3873.22827464743	-0.532828601783247	0.0611194763141112	-8.71782014369499	2.83608996733361e-18	4.5367862349571e-18	HCFC1R1
HCFC2	1533.37426430624	-0.61085835500001	0.0287043301058314	-21.2810524665723	1.70081537152826e-100	6.31135384516185e-100	HCFC2
HCG11	749.065421152072	0.188881687061591	0.0365015522405792	5.17462067959973	2.28374463892047e-07	3.00092614389426e-07	HCG11
HCG25	43.5366557514042	-0.258174830903384	0.041924803085007	-6.15804516433642	7.36483548434412e-10	1.02011698640873e-09	HCG25
HCG27	96.9046105620116	1.02033488363821	0.0497128466383649	20.5245716677747	1.29903089401827e-93	4.54850323346099e-93	HCG27
HCG4	4.04009307258141	0.944672363517119	0.086845016814968	10.8776807025075	1.47262207970531e-27	2.68116416069336e-27	HCG4
HCG9	2.58512009950848	1.36177803489328	0.0755553617263455	18.0235790522122	1.27239195508891e-72	3.72004670838972e-72	HCG9
HCK	262.367204506595	0.383942777849778	0.0540219676573249	7.1071601887074	1.18454923677671e-12	1.73104974924644e-12	HCK
HCLS1	1393.48466656102	0.249818134167969	0.0490825922044962	5.08975021382601	3.58535482041511e-07	4.68870120757664e-07	HCLS1
HCN1	102.211838433248	-3.44845545215634	0.115378027093718	-29.8883204975871	2.79114440077877e-196	2.0465739453531e-195	HCN1
HCN2	260.590822202823	4.43689425351693	0.075577624034463	58.7064532684136	0	0	HCN2
HCN3	428.60073392387	-1.27451318185088	0.0668004716771557	-19.0794039301183	3.74505435780247e-81	1.180436412096e-80	HCN3
HCN4	204.252816834663	8.32102474724383	0.0922690438270667	90.1821933132777	0	0	HCN4
HCP5	1968.51401646876	-0.132825153566312	0.0655296004096397	-2.02694893202451	0.0426676355789669	0.0476937473954908	HCP5
HCRTR1	23.4032964349446	1.39846676784007	0.0750020518154858	18.6457134703524	1.36816874595193e-77	4.16794814619745e-77	HCRTR1
HCRTR2	1.83643811380048	2.18409428879109	0.132766081770089	16.4506947834257	8.2911656013357e-61	2.16522953706142e-60	HCRTR2
HCST	24.2084344130633	0.259969426736926	0.0645295328651949	4.02868911634637	5.60887311558387e-05	6.96312585887071e-05	HCST
HDAC1	2538.44213032059	0.232977824793282	0.0319356230421671	7.29523342900383	2.98141715984434e-13	4.40122111648007e-13	HDAC1
HDAC10	59.4684403345171	-0.52828184724393	0.0373664102281351	-14.1378806264392	2.21866094883447e-45	4.94773485381185e-45	HDAC10
HDAC11	1879.84355493406	0.741458902627085	0.0388084025100428	19.105628025663	2.26683837748609e-81	7.16260446430174e-81	HDAC11
HDAC1P2	5.10296408666809	-0.484602448135863	0.0878163248782398	-5.51836402636731	3.42170071908228e-08	4.57268260164812e-08	HDAC1P2
HDAC2	3185.13955367089	-0.266220714950035	0.0148297692304808	-17.9517773211771	4.64788562018019e-72	1.35185957422627e-71	HDAC2
HDAC3	2484.66657128532	-0.361500708525029	0.0188575685937842	-19.170059317413	6.58336899143998e-82	2.09118096373586e-81	HDAC3
HDAC4	5810.55877628975	-2.014499501199	0.0746311602180576	-26.9927399669659	1.79837291882156e-160	1.02933262040404e-159	HDAC4
HDAC5	8151.58999791562	-0.137152303898367	0.0350503559325275	-3.91300745026348	9.11537211829986e-05	0.000112395241798422	HDAC5
HDAC6	3654.44671788101	-0.038443724975402	0.0171578393340343	-2.24059243282137	0.0250524873292018	0.0283308094241086	HDAC6
HDAC7	6650.07104588371	0.263475353117512	0.0386429476380237	6.81820019491108	9.21881200474036e-12	1.32535608096263e-11	HDAC7
HDAC8	899.715274246145	0.213697774725702	0.0147871046639614	14.4516306323657	2.44820393591211e-47	5.58556641956324e-47	HDAC8
HDAC9	733.153536091912	0.301088117424834	0.0600129220348983	5.01705478113109	5.2469610477346e-07	6.84473844628383e-07	HDAC9
HDC	276.220949255653	-1.50516754448449	0.0921928502123166	-16.3262936444436	6.41659826080072e-60	1.66003428129741e-59	HDC
HDDC2	2718.09543273652	0.132104201134597	0.0425898537277537	3.10177635215758	0.00192363228722974	0.00227407268683408	HDDC2
HDDC3	214.526305648504	0.00670459523052324	0.0259913839822122	0.257954529666896	0.79644199990616	0.807886421746353	HDDC3
HDGF	13037.5507279167	-0.567627867966149	0.0296000789944813	-19.1765659838942	5.80926890713482e-82	1.84626853102637e-81	HDGF
HDHD2	769.563440984999	0.472937182754075	0.0247584983569528	19.1020140210265	2.42933006867657e-81	7.67334103636551e-81	HDHD2
HDHD3	1117.52964758353	0.273311197355013	0.0437237360165406	6.25086559967384	4.08184028483983e-10	5.68049532024753e-10	HDHD3
HDLBP	30950.7719543315	-0.392987201379308	0.0362671489773632	-10.8359000489561	2.32666054019826e-27	4.22497895532219e-27	HDLBP
HDX	106.427118650623	0.301847734943196	0.0471824813386624	6.3974535967411	1.57989470484557e-10	2.21855718713824e-10	HDX
HEATR1	1624.54904060285	-0.732837258485589	0.0256764018179942	-28.5412755136123	3.60442109250722e-179	2.36454752500811e-178	HEATR1
HEATR3	983.963941900384	-0.289931231380909	0.0308963468094088	-9.38399718158967	6.35179805353518e-21	1.05761462178972e-20	HEATR3
HEATR4	42.2167071151496	-0.285793752960591	0.0352492012036174	-8.10780792760949	5.15411246510424e-16	7.97071980106026e-16	HEATR4
HEATR5A	1332.53228122002	0.570143888418186	0.0279125051215359	20.4261095854951	9.80065621314896e-93	3.40648025666913e-92	HEATR5A
HEATR5B	2197.80576298798	-0.076768178881956	0.0338359602666013	-2.26883405338823	0.0232784192771574	0.0263676582814064	HEATR5B
HEATR6	942.581511143182	0.0118067824716958	0.0199280781676307	0.592469698903211	0.553536105576487	0.573446330368459	HEATR6
HEBP1	1918.36389486562	0.169987997310435	0.0224169816192437	7.58300114608249	3.37651862664019e-14	5.0650593165125e-14	HEBP1
HEBP2	7368.41015963419	-0.619282496913727	0.0328422752197249	-18.8562604987181	2.61042500502605e-79	8.08087025201616e-79	HEBP2
HECA	3601.29405743474	-0.158226241307656	0.0258605996014304	-6.11842895162045	9.4502399298257e-10	1.30595554258247e-09	HECA
HECTD1	17542.2143976406	-1.32810224299396	0.0531236561422868	-25.0002040416187	6.08223853741491e-138	2.97194288577649e-137	HECTD1
HECTD2	852.287045532146	-0.797808750949894	0.0287221930323136	-27.7767352253475	8.28688243141114e-170	5.09120036340723e-169	HECTD2
HECTD3	4088.56873833647	-0.789058756110427	0.0189350135633297	-41.6719403696942	0	0	HECTD3
HECTD4	4686.61925635011	-0.353253195508977	0.0199076172098424	-17.7446246723253	1.89663084788116e-70	5.43563953076081e-70	HECTD4
HECW1	49.9932605030812	-3.47708905301088	0.0827712414225565	-42.0084197512509	0	0	HECW1
HECW2	788.106187626471	2.44960898320319	0.0574941482283081	42.6062313937733	0	0	HECW2
HEG1	3915.05170760484	1.81187305861398	0.044664804647514	40.5660132830073	0	0	HEG1
HELB	45.6114830090639	-0.359498840135105	0.0583471743465142	-6.16137532213815	7.21158385634758e-10	9.9912045715472e-10	HELB
HELLS	163.247943846807	-1.19353052861522	0.072447687122851	-16.4743772508752	5.60628868437244e-61	1.46662988820503e-60	HELLS
HELQ	819.951142862776	-0.260733462270671	0.0206030456328559	-12.6550931797615	1.04851098458491e-36	2.12260978784447e-36	HELQ
HELZ	3202.10155424023	-0.384172089622547	0.0279332585008072	-13.7532142772189	4.87161225338056e-43	1.05884921725554e-42	HELZ
HELZ2	1421.84604416239	0.940917862931145	0.0495503332615298	18.9891328876623	2.09763606390633e-80	6.56231261494228e-80	HELZ2
HEMGN	5.32856123665465	1.19811255314812	0.135484037495706	8.84320083232012	9.30148246362601e-19	1.49884509737474e-18	HEMGN
HEMK1	1416.13756110242	0.355357883867391	0.0321305190277074	11.0598239499633	1.964827961154e-28	3.62163302567409e-28	HEMK1
HENMT1	163.715330190927	-1.21718924434778	0.0376040349185255	-32.368580844715	7.59983607626058e-230	6.74246669338427e-229	HENMT1
HEPACAM	52.9153149947576	-2.97456639404879	0.142732931927358	-20.8400847224427	1.8750667739051e-96	6.71168761126777e-96	HEPACAM
HEPACAM2	19.709821332102	-3.66548158103717	0.174047017554633	-21.0602952727219	1.84024314571398e-98	6.72476996873677e-98	HEPACAM2
HEPH	742.974739537228	1.40436842680896	0.0667327455214004	21.0446672894434	2.55907164643554e-98	9.34019641271008e-98	HEPH
HEPHL1	70.8422401906075	-3.36678409562868	0.120665112949194	-27.9018849221669	2.53120076392877e-171	1.57334754666719e-170	HEPHL1
HERC1	7703.06637205367	-0.186287475725589	0.0387829416014875	-4.80333538491687	1.56044184296229e-06	2.0132965607199e-06	HERC1
HERC2	6216.52522098719	-0.0589621871868547	0.0318580160707635	-1.85078025749899	0.064201172411819	0.0711190956667787	HERC2
HERC2P10	5.61921467889835	-0.696425131233506	0.0792643348838037	-8.78610956938476	1.5482859364781e-18	2.48734450178869e-18	HERC2P10
HERC2P2	5421.07511206366	0.602733923163256	0.0463242222976155	13.0112043606673	1.05663537051212e-38	2.18350284750186e-38	HERC2P2
HERC2P3	544.840386292326	0.695031902657601	0.0696759013467094	9.97521222149824	1.95682675095912e-23	3.37564334873169e-23	HERC2P3
HERC2P4	22.8687253064067	-0.169879207504469	0.0792917150983026	-2.14245848124057	0.0321566062507303	0.0361781918199623	HERC2P4
HERC2P5	3.57418101208118	-0.19358651518106	0.101622145963917	-1.90496385748237	0.0567847694026752	0.0630899045807651	HERC2P5
HERC2P8	1.45976754257879	-0.131864530797512	0.108694474614918	-1.21316682623179	0.22506604459188	0.241213019093738	HERC2P8
HERC2P9	1607.50796597034	0.294587454509396	0.0309686115974716	9.51245274855806	1.86219097289265e-21	3.12029225570517e-21	HERC2P9
HERC3	2724.9029252729	0.145527313860338	0.0288851266491643	5.03814006522795	4.70077405235242e-07	6.13667660572891e-07	HERC3
HERC4	2151.3623854057	0.0865560806741592	0.0161267022008916	5.36725237410123	7.99451562774411e-08	1.0593248127716e-07	HERC4
HERC5	324.142194405619	-0.0456313311492803	0.0479954939318381	-0.950741984530562	0.341735369717266	0.36141110335941	HERC5
HERC6	532.680079843761	1.56603021511377	0.0481843627535328	32.500797470834	1.03897839035438e-231	9.29555169223119e-231	HERC6
HERPUD1	6066.87317972171	-0.0315332158024627	0.0283316938844342	-1.11300142981523	0.265707815409819	0.283403826817097	HERPUD1
HERPUD2	1543.67125871394	-0.368657055341288	0.0156787039720154	-23.5132352775648	2.98652136870367e-122	1.3099505642796e-121	HERPUD2
HES1	5591.0591590146	-1.34212766589031	0.0599907557892482	-22.3722413267354	7.33570824538445e-111	2.96608454908278e-110	HES1
HES2	589.45657244245	-6.96939752689778	0.16303946456324	-42.7466904750198	0	0	HES2
HES4	611.072972110322	1.7864175757289	0.0504585775418971	35.4036451829341	1.5006029420935e-274	1.70748126173358e-273	HES4
HES5	91.9495127864654	0.20703305563029	0.121824574635734	1.69943589993511	0.0892370825853523	0.0981760618273394	HES5
HES6	463.337457932991	-1.47317720669759	0.0853864663198221	-17.2530527399938	1.06140082732595e-66	2.92906274608223e-66	HES6
HESX1	38.3545790874295	-0.352793808376835	0.0444563945473831	-7.93572695151461	2.09265945651428e-15	3.19969106232172e-15	HESX1
HEXA	1784.06841327492	0.172792634579247	0.0211191108467698	8.18181389514683	2.79602651579601e-16	4.34227187566595e-16	HEXA
HEXB	3050.80763954694	0.43451993806747	0.0259573270353585	16.7397797729935	6.72364784828534e-63	1.79307236914051e-62	HEXB
HEXIM1	2556.15392711722	-0.609242013715632	0.0300302054803706	-20.287640526265	1.65342048019185e-91	5.68325798432948e-91	HEXIM1
HEXIM2	57.6843016321377	-1.48309512319937	0.0734254586073336	-20.198649778011	1.00610717621743e-90	3.43791482139141e-90	HEXIM2
HEY1	1297.01253835273	0.860602671173853	0.0593662472735077	14.4964977693293	1.27490788076044e-47	2.91905580788205e-47	HEY1
HEY2	1176.52992036652	1.79617455754444	0.0660214679118907	27.2059167169917	5.52810787703458e-163	3.23299122464261e-162	HEY2
HEYL	1984.07613861054	3.038633512028	0.0521166587792938	58.3044574076814	0	0	HEYL
HFE	297.657212304103	0.340348346268307	0.0453668927400293	7.50213042402178	6.27888497866149e-14	9.38132540678001e-14	HFE
HFM1	107.141914042437	0.0403480662216871	0.0706945694922978	0.570737844666881	0.568177361227315	0.587869909153517	HFM1
HGD	33.6176555801028	-1.76920972907236	0.104353724965725	-16.9539681468338	1.79891814031936e-64	4.86075134252308e-64	HGD
HGF	324.114304952091	0.689150213542003	0.0780265182615571	8.83225637765693	1.02584980356779e-18	1.65217163049331e-18	HGF
HGFAC	27.6334898965754	-0.035187635371422	0.0701458833069505	-0.501635074113257	0.615924242650076	0.634282167731351	HGFAC
HGS	4584.60686164819	-0.45758427240665	0.0232867821731072	-19.6499571733484	5.78616500397025e-86	1.89893812646251e-85	HGS
HGSNAT	4538.58385639231	-0.080222113323964	0.030698527346703	-2.61322350801886	0.00896926242519774	0.0103450818809499	HGSNAT
HHAT	225.52425734793	-0.0109341750017155	0.072667572578343	-0.15046842234791	0.880395062387422	0.887567408812634	HHAT
HHATL	9399.83135859512	1.99427854757296	0.136330858128628	14.6282255899201	1.85563765891144e-48	4.28412639451902e-48	HHATL
HHEX	317.18258296773	0.160115016218769	0.0543907361689586	2.9437920406407	0.00324217773956507	0.00380186577355943	HHEX
HHIP	53.2143946615498	-1.02132809850393	0.0867890751582112	-11.767933886173	5.71060050942753e-32	1.09813609411607e-31	HHIP
HHIPL1	142.39878537832	1.1951111014332	0.0481017949910728	24.845457464841	2.89537483925861e-136	1.39618651169285e-135	HHIPL1
HHIPL2	8.1212242282432	-0.339539395385441	0.0804112272406583	-4.22253716348903	2.41567552076617e-05	3.02754125526086e-05	HHIPL2
HHLA2	1.50700736072291	-0.491499241620463	0.152952667709527	-3.21340744807322	0.00131170065002454	0.00156184173839739	HHLA2
HHLA3	158.640992691177	0.115108550883731	0.0405688645650621	2.83736190592976	0.00454880193005533	0.00530708299584717	HHLA3
HIBADH	3396.87676034222	0.222895934367321	0.0508026123352337	4.38748962152746	1.14666463454136e-05	1.44921084647749e-05	HIBADH
HIBCH	1317.97667152145	-0.103139899209273	0.0367159949890588	-2.80912717304838	0.00496760192509887	0.00578482353821353	HIBCH
HIC1	1424.30156282612	1.44292892892879	0.0521368109501039	27.6758187283397	1.36502498702706e-168	8.27891333944544e-168	HIC1
HIC2	365.34514689317	0.206013190992473	0.0290869655826466	7.08266355275579	1.41409711201722e-12	2.06248275104699e-12	HIC2
HID1	1472.83829304992	0.450379186192821	0.0578504354853187	7.78523415449686	6.9584212618971e-15	1.05427608059431e-14	HID1
HIF1A	3910.24932212426	0.0962586196834928	0.0461575545976406	2.08543586250588	0.0370297543731345	0.0415310036430401	HIF1A
HIF1AN	6554.61885393699	-0.741995610458091	0.0507424001056225	-14.6227929485715	2.00983291151738e-48	4.63892835494607e-48	HIF1AN
HIF3A	4102.20134552147	1.81090699347795	0.0542693611461906	33.3688651428885	3.8801410848518e-244	3.72713018508096e-243	HIF3A
HIGD1A	5614.8825727027	1.16443875858357	0.0383488943608557	30.3643371729686	1.6250863830722e-202	1.23796783671953e-201	HIGD1A
HIGD1AP14	1.6307144913286	0.229513785624334	0.0890722197910192	2.57671568265412	0.00997439561577461	0.0114808552643749	HIGD1AP14
HIGD1AP16	0.92423142519193	-0.0628524423396813	0.132227099245162	-0.475337073099871	0.634546738694741	0.651930588621885	HIGD1AP16
HIGD1B	236.925321225265	2.76906276675056	0.0702573792586293	39.4131235177044	0	0	HIGD1B
HIGD1C	0.549807258422422	-0.737407469060265	0.128112676394386	-5.75592899792528	8.61665993388499e-09	1.1655282196413e-08	HIGD1C
HIGD2A	3118.78784721165	0.485052148196817	0.045100379826874	10.7549459684991	5.6166926892555e-27	1.01471382074757e-26	HIGD2A
HILPDA	1378.46541369677	-0.882648892087541	0.0849990750053773	-10.3842176168588	2.92558125320304e-25	5.1762716865449e-25	HILPDA
HINFP	1133.35147891026	-0.379847917550221	0.0203016389501046	-18.710209480317	4.08765202472622e-78	1.25181735449297e-77	HINFP
HINT1	9166.11135801445	-0.360376342142993	0.0262854968741757	-13.7100829353942	8.83567871562168e-43	1.91581609925206e-42	HINT1
HINT2	1104.21082784026	0.794472087885476	0.0349764514638569	22.7144851645813	3.22218400183568e-114	1.33584832374583e-113	HINT2
HINT3	3602.11440562139	-0.969430449554072	0.0599686150375673	-16.1656301208019	8.8132164293733e-59	2.25318433383254e-58	HINT3
HIP1	2316.51691743297	0.0954766486903204	0.0390030131587336	2.44793006893472	0.0143679539151297	0.0164256025928013	HIP1
HIP1R	5165.1587150457	-0.897036638252777	0.0620697133209875	-14.4520828316677	2.43218140321983e-47	5.55041803237325e-47	HIP1R
HIPK1	4891.07731299344	-0.515630779569572	0.0235417634316319	-21.9028103424378	2.44242002644702e-106	9.48565326776114e-106	HIPK1
HIPK2	7351.5495932973	0.843667546716711	0.0606557895236255	13.9091017253695	5.57755281889156e-44	1.22485700003498e-43	HIPK2
HIPK3	10277.800803381	-0.166537162660075	0.0365113749022974	-4.56124052040548	5.08522902006343e-06	6.48202857882465e-06	HIPK3
HIPK4	44.6831107414119	-0.222981170946796	0.0619739591557774	-3.59798170044795	0.000320696176554447	0.000389216010932888	HIPK4
HIRA	665.053983719254	-0.102325797821841	0.0284595917897463	-3.59547665257476	0.000323798168623958	0.000392901303228842	HIRA
HIRIP3	1458.27828932007	0.0797465583776739	0.0312315904603749	2.55339408599291	0.0106678718092181	0.0122610369325587	HIRIP3
HIVEP1	1433.38787854582	-0.729213061684443	0.0258767088912583	-28.1802861696522	1.02007133681681e-174	6.49763062067917e-174	HIVEP1
HIVEP2	3301.74875436851	-0.748329508693238	0.0357192908873727	-20.9502901682122	1.8649152155694e-97	6.74645072256124e-97	HIVEP2
HIVEP3	1018.73389863359	-1.01236578345511	0.0555557368978564	-18.2225246209302	3.42005333532645e-74	1.01124146007246e-73	HIVEP3
HJURP	73.0573975925087	-1.27565388448956	0.106604572658453	-11.9662210792457	5.34060908747575e-33	1.0389744318994e-32	HJURP
HK1	16176.8885939734	0.134650516720169	0.0449458494429965	2.99583873458532	0.00273691133927211	0.00321902260818277	HK1
HK2	4750.63663221383	-1.81114868514536	0.0717922397704797	-25.2276386826155	1.99319647508798e-140	9.89780130980933e-140	HK2
HK2P1	2.48762488510385	-1.5429519510383	0.142016531487571	-10.8645939657619	1.69977603373589e-27	3.09192283582052e-27	HK2P1
HK3	252.966059890615	1.32587403260187	0.0727045633277171	18.2364623610415	2.65068518317679e-74	7.84785920762587e-74	HK3
HKDC1	10.5863881071541	-1.86917866341542	0.098915098163507	-18.8967983464532	1.2118686782661e-79	3.76053233536771e-79	HKDC1
HLA-A	19405.9177793849	0.163597927975472	0.0409669331307498	3.99341408968385	6.51286827633632e-05	8.072584303679e-05	HLA-A
HLA-B	31484.2680500393	0.0942303198006637	0.0498795507044027	1.88915734945356	0.0588707477791555	0.0653429726706485	HLA-B
HLA-C	23776.8983621319	0.304310231019177	0.0421658976596777	7.21697504166221	5.31567282801826e-13	7.81696156990089e-13	HLA-C
HLA-DMA	1463.89493175866	-0.212729564472639	0.0547046091601764	-3.88869544520027	0.00010078449208518	0.000124108745520955	HLA-DMA
HLA-DMB	656.752111324256	-0.36055756724936	0.0552456455720741	-6.52644318870294	6.73498452943555e-11	9.51994161871766e-11	HLA-DMB
HLA-DOA	352.644708415348	-0.304970709622385	0.069749335342086	-4.37238158796287	1.22898476841928e-05	1.5511817989283e-05	HLA-DOA
HLA-DOB	83.302160839633	-0.570110770885385	0.0692274241887521	-8.23533126598715	1.79061460658789e-16	2.78830912916857e-16	HLA-DOB
HLA-DPA1	3927.90880437518	-0.0429221076722652	0.0545374662508806	-0.787020568113982	0.431269825875289	0.451774216456068	HLA-DPA1
HLA-DPB1	2416.62160933733	-0.109619542058191	0.053316873789815	-2.0560009292805	0.0397824266293081	0.0445516649094298	HLA-DPB1
HLA-DPB2	1.52211088368838	-0.380664775052978	0.112700417033817	-3.37766962245361	0.000731028516464449	0.000877165999525166	HLA-DPB2
HLA-DQA1	929.110449469852	-0.856224638254295	0.0656207916111495	-13.0480693272956	6.51782491342302e-39	1.35014230456304e-38	HLA-DQA1
HLA-DQA2	241.538223222786	-1.15948299927072	0.0964003450398395	-12.0277888921616	2.53868787159734e-33	4.95649895624987e-33	HLA-DQA2
HLA-DQB1	1395.90187786828	-0.459134573096813	0.0646683434350142	-7.09983507708376	1.24905853821322e-12	1.82443222544435e-12	HLA-DQB1
HLA-DQB2	555.938794552647	-3.14782716003159	0.11013267705037	-28.5821360593268	1.12040157277108e-179	7.38226526773507e-179	HLA-DQB2
HLA-DRA	7521.88231232279	-0.528518822052507	0.0546217943603611	-9.67596960593539	3.81458387718043e-22	6.45906540994497e-22	HLA-DRA
HLA-DRB1	5535.71311100302	0.184567350857015	0.0537420276948323	3.43432056388083	0.000594041223968686	0.000715034174032787	HLA-DRB1
HLA-DRB5	1814.77219086996	0.269889802448605	0.0715931764062893	3.76976991378323	0.000163398113439901	0.000200022403266349	HLA-DRB5
HLA-DRB6	516.515392069034	0.458520005712987	0.0713384471030265	6.42738977834484	1.29813657102394e-10	1.82546335559738e-10	HLA-DRB6
HLA-E	37140.5404189007	-0.130817646718566	0.0455430899164685	-2.87239286922564	0.00407376175805607	0.00475994972132723	HLA-E
HLA-F	2129.82069931073	0.823649494922108	0.045759950955914	17.9993526591763	1.9710931672642e-72	5.75067230209447e-72	HLA-F
HLA-G	61.5098706897439	0.296591394035635	0.0537719245354332	5.51572956701959	3.47336017241248e-08	4.6410300225354e-08	HLA-G
HLA-H	474.747028235048	0.0666606934913136	0.0497748224795254	1.33924522822224	0.180490852973408	0.194901970268406	HLA-H
HLA-J	33.2373174695209	0.881344338082068	0.0552669409811734	15.947043973038	2.98704743055925e-57	7.52025745419539e-57	HLA-J
HLA-K	70.5997333431054	0.46577701711058	0.0579568568022121	8.03661624887846	9.23533302209794e-16	1.42175001907795e-15	HLA-K
HLA-L	228.827513114332	0.49086826210378	0.0477692249588987	10.2758263824906	9.0564925048901e-25	1.59142836373025e-24	HLA-L
HLCS	942.957120170421	-0.865714631998104	0.0347024590709264	-24.9467805791145	2.31426130899393e-137	1.12561518030802e-136	HLCS
HLF	1907.65556153787	-0.326034752495852	0.0494441493372354	-6.59400064246472	4.2812985287155e-11	6.07789075831291e-11	HLF
HLTF	491.844967104694	0.677451933278764	0.0442066194866813	15.3246717605916	5.23181636562171e-53	1.26243869165625e-52	HLTF
HLX	824.579933424296	0.829491590296679	0.0486528667936163	17.0491821954778	3.5445794204965e-65	9.6369089485512e-65	HLX
HM13	3500.54896560521	-0.111315319273937	0.0223360094508408	-4.98367085306489	6.23891737258175e-07	8.11992998509465e-07	HM13
HMBOX1	812.565419225606	0.144988485079762	0.020874351187877	6.94577205177831	3.76396112218034e-12	5.4513689082282e-12	HMBOX1
HMBS	976.369384022295	0.0697462645360831	0.0437064725764036	1.5957880017464	0.110536132972901	0.120899315205079	HMBS
HMCES	3013.76525710669	-0.071255888017215	0.0204775130659361	-3.47971395685483	0.000501949391512052	0.000606008785822163	HMCES
HMCN1	894.627583172721	0.70479733897121	0.0493911422369532	14.2697112690765	3.37975006777502e-46	7.62200964294891e-46	HMCN1
HMCN2	2144.36064235709	0.533088211250074	0.0688724975622643	7.7402189570392	9.9245749360988e-15	1.50001908836872e-14	HMCN2
HMG20A	1299.12052198543	-0.13304644421457	0.0302649664196545	-4.39605457907159	1.10236226810689e-05	1.39370860993062e-05	HMG20A
HMG20B	2714.55794475123	-0.391948545419714	0.0356971158904705	-10.9798378844479	4.77780441473913e-28	8.75371575264317e-28	HMG20B
HMGA1	5577.28337903413	-1.50465234710533	0.0505128561728081	-29.7875127464147	5.66966957565292e-195	4.12029560078031e-194	HMGA1
HMGA1P2	10.2723659322358	-1.03044740587871	0.0557250863149194	-18.4916251193463	2.41175475281125e-76	7.27690199553391e-76	HMGA1P2
HMGA1P3	1.13931546978247	-0.716158824311743	0.120462592894564	-5.94507230089734	2.76334858575225e-09	3.77900462600671e-09	HMGA1P3
HMGA1P8	1.28521329795218	-0.00615190801603214	0.0977843358552321	-0.0629130214182763	0.94983576579432	0.953118547302724	HMGA1P8
HMGA2	12.9988577731839	-0.216446890262554	0.101018695734627	-2.14264190097199	0.0321418638885181	0.0361638659826998	HMGA2
HMGB1	10446.8625215071	-0.389877449882187	0.0175781559833776	-22.1796558325495	5.39903018486190e-109	2.14353644370752e-108	HMGB1
HMGB1P1	7.99324877773199	1.0632479489929	0.060046242369399	17.7071521387116	3.69290635266922e-70	1.05534223296394e-69	HMGB1P1
HMGB1P10	70.278411780698	-1.65337170576209	0.0691885410913331	-23.896611775345	3.32152145187547e-126	1.49888963788444e-125	HMGB1P10
HMGB1P11	0.721479622039042	-0.520581256661196	0.166550783099474	-3.12566081631855	0.00177406040504452	0.00210111595178673	HMGB1P11
HMGB1P14	4.41269546323277	0.539293743306213	0.0717543433088672	7.51583414239913	5.65492076256906e-14	8.45747994740825e-14	HMGB1P14
HMGB1P21	0.854386160726412	-0.028204900688418	0.166138419432661	-0.169767479338817	0.865193003353019	0.873392735159135	HMGB1P21
HMGB1P24	4.65644066321577	0.0393653378708031	0.0966476476680934	0.407307770241768	0.683781956543792	0.699520288687475	HMGB1P24
HMGB1P31	14.6758606756911	-0.428947472890149	0.0453314817156996	-9.46246309750763	3.00773236678167e-21	5.02713002176759e-21	HMGB1P31
HMGB1P37	1.77213822711457	-0.193359616596528	0.101919234555516	-1.89718474083715	0.0578035600491158	0.0641940825741337	HMGB1P37
HMGB1P39	2.52590464509172	1.76803575858591	0.10863885604794	16.2744327665389	1.49902101002574e-59	3.86477759975271e-59	HMGB1P39
HMGB1P4	0.629413813211734	-0.177225086187758	0.147495117685384	-1.2015657804063	0.229531806189514	0.245794291684559	HMGB1P4
HMGB1P5	145.260971762587	-0.509093929973731	0.0385420377005356	-13.2087964297398	7.80626119392336e-40	1.63357949025592e-39	HMGB1P5
HMGB1P8	3.91455297052457	0.323730224942964	0.0798158197287204	4.05596567251035	4.992759238955e-05	6.2059562947403e-05	HMGB1P8
HMGB2	2785.88746336621	-0.281185746833616	0.034239753519389	-8.21225966695084	2.17064221976745e-16	3.37570026764871e-16	HMGB2
HMGB3	1123.78379432967	-1.50126570518569	0.0655674188997903	-22.8965198017042	5.0323472311681e-116	2.11504278562356e-115	HMGB3
HMGB3P22	16.059310825918	0.848353738269586	0.0525295501508435	16.1500286188147	1.13509016236629e-58	2.89785250500009e-58	HMGB3P22
HMGB3P24	19.0446510784331	-0.522131655351281	0.047395496118411	-11.0164825376405	3.18253610948836e-28	5.84938048875843e-28	HMGB3P24
HMGB3P6	0.494080297665496	-0.414499553732906	0.208442211103524	-1.98855861074628	0.046749943659043	0.0521630035211327	HMGB3P6
HMGB3P8	25.0372337077751	-6.68280371273219	0.230850334441678	-28.9486421100271	2.9189171498277e-184	1.97457450635282e-183	HMGB3P8
HMGB3P9	1.94806875920862	0.220114037694919	0.107578342449919	2.04608132717223	0.0407483698255155	0.0456022011332984	HMGB3P9
HMGCL	1970.34669394861	0.127960709092414	0.0315010969327921	4.06210327740077	4.86325513759046e-05	6.04665393920196e-05	HMGCL
HMGCLL1	67.4874314473732	0.876002607348696	0.0670914255912598	13.0568489136832	5.80825720568082e-39	1.20385075370709e-38	HMGCLL1
HMGCR	2850.11966214336	-2.08908973380662	0.0754429859885684	-27.6909736065215	8.96809531577647e-169	5.45019188991533e-168	HMGCR
HMGCS1	2558.16258445619	-1.48893870900101	0.0539841220975805	-27.5810488556179	1.87827166427391e-167	1.13079492403327e-166	HMGCS1
HMGCS2	1219.09719657066	1.83330895037438	0.11678030275877	15.6987857289718	1.54164724523343e-55	3.81407257578986e-55	HMGCS2
HMGN1	2902.52441242568	-0.00793409702402354	0.0389874354191373	-0.203503947841848	0.838741160312009	0.848524298935701	HMGN1
HMGN1P3	32.592898502841	-0.155871256272446	0.0739052328089051	-2.10906928167696	0.0349386019020577	0.0392345460286302	HMGN1P3
HMGN1P30	0.0982850891193743	0.485480241947996	0.386402751014899	1.25640990048044	0.208967393936572	0.224587859469355	HMGN1P30
HMGN1P36	0.955535550407688	-0.667937860112475	0.120292883831868	-5.55259661948121	2.81457054418459e-08	3.76580082992915e-08	HMGN1P36
HMGN1P37	1.71172527551177	1.83728289288761	0.101263677670955	18.1435529021338	1.44388031503044e-73	4.25111049245386e-73	HMGN1P37
HMGN1P38	4.10816690222153	-0.255764662811292	0.0738282991072611	-3.46431742169362	0.000531578851478281	0.000640963956424445	HMGN1P38
HMGN1P4	0.263849359732843	0.0768550275619293	0.173074251432092	0.444058124914579	0.657000560699568	0.67380737768647	HMGN1P4
HMGN2	5639.57493004914	-0.547617052871478	0.0248304964813121	-22.0542127815939	8.70327015309209e-108	3.41919611579683e-107	HMGN2
HMGN2P15	65.020444958035	-0.906030952131571	0.0712172412029261	-12.7220731500948	4.45871261543522e-37	9.05781354141173e-37	HMGN2P15
HMGN2P19	5.89902078541636	0.256828815720793	0.0998299205248628	2.57266373017726	0.0100919208527122	0.0116116757602859	HMGN2P19
HMGN2P20	0.248721769000545	0.0618868498974878	0.209715382256502	0.295099239891684	0.767918070361673	0.780661513470109	HMGN2P20
HMGN2P21	0.39410635852651	-0.384921496022671	0.103898453897391	-3.70478560155299	0.000211569607259018	0.000258095994867822	HMGN2P21
HMGN2P27	0.276596957735702	0.19241222178302	0.161386995703759	1.19224117745032	0.233166691764267	0.249508596983032	HMGN2P27
HMGN2P28	0.926274564500619	0.283195641767554	0.116976759830335	2.42095645475483	0.015479731459126	0.0176685464457375	HMGN2P28
HMGN2P3	8.25054579926686	-0.562745156716891	0.0488575703993667	-11.5180749291657	1.06974271899436e-30	2.02528804003129e-30	HMGN2P3
HMGN2P30	0.143767901157918	0.138775140102548	0.285598410678047	0.485910057318171	0.627030937360133	0.644871387957479	HMGN2P30
HMGN2P35	0.188964062533951	0.223959411327141	0.237141755238832	0.944411544485641	0.344959384357536	0.364692187573853	HMGN2P35
HMGN2P38	0.104718593455342	0.503908294134115	0.380629926866723	1.32387985958486	0.185542948106742	0.200213320277513	HMGN2P38
HMGN2P4	5.18004523156159	-0.604360906137386	0.0607553078858861	-9.94745853765616	2.58705595559003e-23	4.45642050302163e-23	HMGN2P4
HMGN2P46	10.2321130790494	-1.11632082064495	0.0725572424247604	-15.3853810224739	2.05165202347885e-53	4.96728824137764e-53	HMGN2P46
HMGN2P5	94.3348321922102	-0.536137654256444	0.0379693656085765	-14.1202689500649	2.84901929786752e-45	6.347177769915e-45	HMGN2P5
HMGN2P8	0.320152822795072	0.203206544682767	0.179041170519109	1.13497104656763	0.256387449828404	0.273657307107091	HMGN2P8
HMGN3	2446.99555539934	1.25981592521478	0.0354268430047646	35.5610553569605	5.60640701828906e-277	6.46100721742775e-276	HMGN3
HMGN4	2230.57441013012	-0.147060688190478	0.0161570179818723	-9.10196970477323	8.87081832766553e-20	1.45140520556542e-19	HMGN4
HMGN5	218.61948563779	0.0347906951047758	0.035764824908228	0.972762908641333	0.33067115120338	0.350059479699602	HMGN5
HMGXB3	3178.84657792592	-0.300699942259427	0.0178267119295184	-16.8679419653106	7.74480573186411e-64	2.08143099401741e-63	HMGXB3
HMGXB4	1192.59256480427	-0.648317550018075	0.0180662122740524	-35.8856377963199	5.11712452093822e-282	6.04815223252849e-281	HMGXB4
HMHB1	0.849940893275304	0.91773718115127	0.237582129506312	3.86282075616671	0.000112085250381594	0.000137798565231463	HMHB1
HMMR	69.469600283696	-0.851799686498517	0.0638922050051865	-13.3318248513942	1.51154478152139e-40	3.18871646691275e-40	HMMR
HMOX1	3794.02856987796	-2.88797087431525	0.0797506114839484	-36.2125232719565	3.86724877552944e-287	4.68783469416199e-286	HMOX1
HMOX2	2632.80060687465	1.7745194603745	0.0291408886657176	60.8944868061664	0	0	HMOX2
HMSD	10.5702722607273	-0.123853125024981	0.0947271169459528	-1.30747275983968	0.191052200448705	0.205862005284157	HMSD
HNF1A	1.89893004681245	-1.29190741146465	0.121396454879041	-10.6420522143905	1.89899957316257e-26	3.40918433394829e-26	HNF1A
HNF1B	1.53273743243001	0.186976913478398	0.130414888073719	1.43370834603414	0.15165550949353	0.164593683009348	HNF1B
HNF4A	4.17332393471919	0.0805918075182435	0.10571494459883	0.762350184489764	0.445851029429446	0.466397279216612	HNF4A
HNF4G	6.15451067650892	-0.597590469212716	0.15844776337749	-3.77152984980293	0.000162249744270192	0.000198670678634632	HNF4G
HNMT	928.629722141352	-0.545823412844918	0.0627195116818639	-8.70260941465125	3.24338680137995e-18	5.18371711015187e-18	HNMT
HNRNPA0	5863.9787233097	-0.220785653541371	0.0151383785551347	-14.5844981176326	3.52504771695591e-48	8.12476106951644e-48	HNRNPA0
HNRNPA1	28558.4601562996	-0.467253777930104	0.0176557835053579	-26.4646300057037	2.47628742420599e-154	1.35735840204422e-153	HNRNPA1
HNRNPA1L2	223.778762018796	0.106714364484714	0.0294324854328106	3.62573404574767	0.000288141789379912	0.000350249196476994	HNRNPA1L2
HNRNPA1P10	17.9910564836269	-0.820537333946408	0.0499272332361055	-16.4346646261389	1.08020629950481e-60	2.81726942877225e-60	HNRNPA1P10
HNRNPA1P12	1.99251104416602	-0.202498496642752	0.0844863827846584	-2.39681816132295	0.0165381286989471	0.0188562740505287	HNRNPA1P12
HNRNPA1P14	4.60646169519508	0.178236249675975	0.0862395565013322	2.06675749397229	0.0387570105901601	0.0434276344620898	HNRNPA1P14
HNRNPA1P15	1.04169884666103	-0.351286303401204	0.161235206532202	-2.17871959205786	0.0293525054010378	0.0331020204062199	HNRNPA1P15
HNRNPA1P16	30.0404712385126	0.0831700681285971	0.0317303728628717	2.62115004094124	0.00876336838599482	0.0101121406613008	HNRNPA1P16
HNRNPA1P2	1.08379107951755	-0.214769983994066	0.113485786033544	-1.89248355675647	0.0584265824627627	0.0648579742792422	HNRNPA1P2
HNRNPA1P21	1.82749139637652	-1.75347375941463	0.139109641311657	-12.6049764982586	1.98231684061068e-36	3.99906818870703e-36	HNRNPA1P21
HNRNPA1P22	2.28941943302755	-1.22932509371667	0.112639961946744	-10.9137562945724	9.9076056746572e-28	1.80787440192098e-27	HNRNPA1P22
HNRNPA1P25	0.523130792283641	-0.0017340029541276	0.149947552247331	-0.011564063088322	0.990773418243506	0.991566343131898	HNRNPA1P25
HNRNPA1P26	3.93048020873822	-1.01226883347496	0.0825504636154537	-12.2624245720828	1.44122097543345e-34	2.85374752819025e-34	HNRNPA1P26
HNRNPA1P27	50.9275796502071	-4.35504379121965	0.110495418283008	-39.413795240498	0	0	HNRNPA1P27
HNRNPA1P28	0.876407502137757	-0.345630120257429	0.116311215145647	-2.97159753532472	0.00296254756593696	0.00347917658758032	HNRNPA1P28
HNRNPA1P33	8.08042157041454	-2.51267500427722	0.133093243858742	-18.879057504557	1.69585213521715e-79	5.25693719408367e-79	HNRNPA1P33
HNRNPA1P34	0.427056443200124	0.21759898384351	0.175748287531408	1.23812861507753	0.215668375149562	0.231458082696433	HNRNPA1P34
HNRNPA1P35	5.48590820489995	-0.300878336488995	0.0634035841452202	-4.74544681574878	2.08046573953706e-06	2.67675389732017e-06	HNRNPA1P35
HNRNPA1P36	6.825397088491	-0.914983340532119	0.0655714480833829	-13.9539901477941	2.97485501423311e-44	6.55531461760438e-44	HNRNPA1P36
HNRNPA1P37	0.503361864097669	-0.402451889313086	0.157786132272444	-2.55061635339527	0.0107532623525214	0.0123576018646411	HNRNPA1P37
HNRNPA1P39	0.766776456506158	-0.169148684339433	0.11938965784999	-1.41677836577742	0.156547736801378	0.169647571498501	HNRNPA1P39
HNRNPA1P4	6.13959802968694	-0.567146725190447	0.062976168175891	-9.00573568729078	2.14224626309319e-19	3.48982579022087e-19	HNRNPA1P4
HNRNPA1P40	0.655176741921836	-0.288157358457995	0.144690827749074	-1.9915385304017	0.0464217136190841	0.0518096141643705	HNRNPA1P40
HNRNPA1P41	1.21679549264527	-1.03266282435743	0.129095562768983	-7.9992123835068	1.25217574383507e-15	1.92225955694824e-15	HNRNPA1P41
HNRNPA1P45	1.97145928954609	-0.504193489829982	0.110768720097498	-4.55176776788785	5.31970369927316e-06	6.77802847470386e-06	HNRNPA1P45
HNRNPA1P48	186.346280021479	-0.153540978838464	0.0339925737393595	-4.51689772053597	6.27521962599546e-06	7.97967141053576e-06	HNRNPA1P48
HNRNPA1P49	18.1209346892779	0.0640628777758373	0.0466931894253493	1.37199618540211	0.170064625318192	0.183930144217302	HNRNPA1P49
HNRNPA1P5	0.930850956483425	-0.00622069951125516	0.143012066708596	-0.0434977247334699	0.965304778210911	0.967777850881348	HNRNPA1P5
HNRNPA1P50	1.98678971786717	-0.810583024703003	0.105904382620335	-7.65391388578251	1.94952853280007e-14	2.9335002189195e-14	HNRNPA1P50
HNRNPA1P51	0.50800564968443	0.0150392814838507	0.142173105135776	0.105781480044964	0.915755731119404	0.920665675279553	HNRNPA1P51
HNRNPA1P53	1.21251604305735	0.811323897050112	0.117554998340324	6.90165376636146	5.14005921552768e-12	7.42407172741023e-12	HNRNPA1P53
HNRNPA1P54	1.54716869704961	-0.45542167790026	0.104403143802641	-4.36214525073276	1.28793313939137e-05	1.62524251259615e-05	HNRNPA1P54
HNRNPA1P57	0.499916079305366	0.264140759103794	0.175521246833117	1.50489336117203	0.132351495405149	0.144103264307027	HNRNPA1P57
HNRNPA1P59	7.6712586387006	0.0120374170441989	0.0692797282057439	0.173750927666037	0.862061211706685	0.870573008243032	HNRNPA1P59
HNRNPA1P6	1.89584457504855	-0.253577730224612	0.0968453071630302	-2.61837912081519	0.0088348587029235	0.0101920207325895	HNRNPA1P6
HNRNPA1P61	0.48600032373074	-0.164483733218394	0.159374967200665	-1.03205500906109	0.302046348658658	0.320718239969592	HNRNPA1P61
HNRNPA1P62	1.85596390069427	-0.973759353377219	0.120087611668659	-8.1087411086497	5.11468910259e-16	7.91043204190417e-16	HNRNPA1P62
HNRNPA1P66	12.0723858183792	-1.31135720059932	0.157192364213912	-8.34237214483768	7.28148778296936e-17	1.14017102976019e-16	HNRNPA1P66
HNRNPA1P67	0.365289061758168	0.0221934427608434	0.173968734161652	0.127571444764443	0.898488130228446	0.90482152907649	HNRNPA1P67
HNRNPA1P68	4.23296838836989	-1.37275556496111	0.0980923066815694	-13.9945283315377	1.68342813580017e-44	3.71912001381183e-44	HNRNPA1P68
HNRNPA1P7	31.4815323411466	-0.268517932121441	0.0456571810295697	-5.88117632465169	4.07360917816646e-09	5.55396794790385e-09	HNRNPA1P7
HNRNPA1P71	0.459982886354609	-0.609782506959241	0.19325171141554	-3.15537959530953	0.00160289410492958	0.00190164745158093	HNRNPA1P71
HNRNPA1P76	0.865970633960902	-0.858550946853517	0.157260929381883	-5.45940399963339	4.77735566172206e-08	6.36591748217179e-08	HNRNPA1P76
HNRNPA1P8	1.79819112202535	-0.0973053526150381	0.0897446893777106	-1.08424635808261	0.278255582224289	0.29636582069815	HNRNPA1P8
HNRNPA1P9	3.22040941788654	0.288944701460159	0.133110947620736	2.17070576556506	0.0299534210956233	0.0337564348051283	HNRNPA1P9
HNRNPA2B1	37954.1894853696	-0.0596225234471436	0.0296685495155862	-2.00962043715084	0.0444713765316622	0.0496729491776155	HNRNPA2B1
HNRNPA3	13517.6286064024	-0.359418415554415	0.0172433638830646	-20.8438688640919	1.73255039922693e-96	6.20402620578554e-96	HNRNPA3
HNRNPA3P1	1.55544707279993	-0.790496523628627	0.111547094761806	-7.08666169492471	1.37385676794786e-12	2.00492871340328e-12	HNRNPA3P1
HNRNPA3P10	5.35276198797839	-0.346787280322603	0.0699109222719821	-4.9604163277014	7.03422559275533e-07	9.1457634449396e-07	HNRNPA3P10
HNRNPA3P11	1.53487958034227	-0.844638458928675	0.12385061847028	-6.81981623798964	9.11570381698219e-12	1.3106372556669e-11	HNRNPA3P11
HNRNPA3P12	3.42992278505666	-0.369776243005637	0.0766925078066252	-4.82154324563231	1.42451829078479e-06	1.83964084600165e-06	HNRNPA3P12
HNRNPA3P15	0.838937288048547	-0.630321766748256	0.164004048458874	-3.84333053160158	0.000121375822589648	0.000149067761645375	HNRNPA3P15
HNRNPA3P2	1.31649717728889	-0.26173497041298	0.169056542188742	-1.54820965237043	0.121571828224656	0.132678019508117	HNRNPA3P2
HNRNPA3P3	1.52927416968972	-0.273797921441925	0.0710679637998195	-3.85262088292194	0.00011686025258206	0.00014360034177962	HNRNPA3P3
HNRNPA3P4	0.349265443950851	0.192558482178088	0.162158467065084	1.18747103165944	0.235041876415666	0.251485307736472	HNRNPA3P4
HNRNPA3P5	6.96387215783751	-0.32068301005258	0.0540271370876345	-5.93559139608707	2.92788162866229e-09	4.00249067417603e-09	HNRNPA3P5
HNRNPA3P6	32.5033400102055	-0.322812113279938	0.040942643987528	-7.88449601296569	3.15807491000626e-15	4.81196093237029e-15	HNRNPA3P6
HNRNPA3P7	0.804880095595066	-0.409878818454302	0.146742450864702	-2.79318503976885	0.00521918271145937	0.00607150756035803	HNRNPA3P7
HNRNPA3P9	25.469108018772	0.294165461008735	0.054364322866608	5.41100202297229	6.26730639955687e-08	8.32603560873972e-08	HNRNPA3P9
HNRNPAB	5579.59960648823	-0.220835160426893	0.0291289258033686	-7.58130120958168	3.42106315860619e-14	5.13145220548872e-14	HNRNPAB
HNRNPC	12662.9856801197	-0.263126902321921	0.0148878715724046	-17.6739100040088	6.66154916968737e-70	1.90069022988655e-69	HNRNPC
HNRNPCL1	2.24700396221957	0.146873622329027	0.0789500476945944	1.86033608107729	0.0628379918057236	0.0696476011634031	HNRNPCL1
HNRNPCP2	60.1205627935608	-0.36960749696893	0.0302879115770326	-12.2031357635501	2.99080213941881e-34	5.90257968552548e-34	HNRNPCP2
HNRNPCP4	2.75570613211791	-0.700780411860842	0.0937813209867245	-7.47249457021451	7.86886171443543e-14	1.17316034223581e-13	HNRNPCP4
HNRNPCP6	1.09003142546512	0.992618181328208	0.107736428760589	9.21339413926554	3.15972283911936e-20	5.20528697968221e-20	HNRNPCP6
HNRNPCP7	46.5373519441312	0.878693278145283	0.0362157905290249	24.2627115219551	4.8552146235392e-130	2.24790942485415e-129	HNRNPCP7
HNRNPD	8095.90876810785	-0.370170772736532	0.0132266769706752	-27.9866797652378	2.36014050200137e-172	1.47722145954544e-171	HNRNPD
HNRNPDL	18633.8526138555	-0.458467149354775	0.0193570073805333	-23.6848155472545	5.17018011652989e-124	2.29628453682839e-123	HNRNPDL
HNRNPDP1	0.657489375808206	-0.17560408465155	0.141957475564242	-1.23701893087047	0.216080054597912	0.23186002960601	HNRNPDP1
HNRNPF	6961.17260963664	-0.64071210004326	0.0212693666888887	-30.1237037009651	2.37137149253563e-199	1.77788664044706e-198	HNRNPF
HNRNPH1	14846.0971343495	-0.259491796604917	0.0193221026963602	-13.4297907780917	4.04552850602766e-41	8.6018850268136e-41	HNRNPH1
HNRNPH1P1	10.8292671675875	-0.0888610508985044	0.0543428058405222	-1.63519438358191	0.102008305167444	0.111802940898633	HNRNPH1P1
HNRNPH2	5567.7187888035	-0.419486148830555	0.0215868040826383	-19.4325267985332	4.09689116469598e-84	1.32354877702247e-83	HNRNPH2
HNRNPH3	7044.4729570617	-0.0915633315993087	0.0187983977511328	-4.87080509793932	1.1114443430488e-06	1.43946396281901e-06	HNRNPH3
HNRNPK	20914.1761514314	-0.294768804056147	0.0147799943664123	-19.9437697165847	1.69775411606934e-88	5.69323245964311e-88	HNRNPK
HNRNPKP1	6.89967719087718	-0.517792340867083	0.0616042570126799	-8.40513896240169	4.27355272812312e-17	6.71451712131834e-17	HNRNPKP1
HNRNPKP2	8.62502778352272	-0.200537886454827	0.0575075793067698	-3.48715576054893	0.000488186944349168	0.000589551401129034	HNRNPKP2
HNRNPKP4	32.174273507486	-0.279876427528775	0.0388891232909056	-7.19677904372367	6.1651546168476e-13	9.05285490316288e-13	HNRNPKP4
HNRNPL	10074.1338170309	-0.382010613377045	0.0153672453819355	-24.8587566530372	2.07937697525409e-136	1.00350844320506e-135	HNRNPL
HNRNPLL	1368.57614947543	-0.226817588744143	0.0173431584830846	-13.0782169214083	4.38608413523258e-39	9.10131418078636e-39	HNRNPLL
HNRNPLP2	29.2455903288427	0.589516485412453	0.0398192643153974	14.8048060542519	1.36379831075038e-49	3.18662167598879e-49	HNRNPLP2
HNRNPM	10263.6928973468	-0.340332917627348	0.0159959631303546	-21.2761754233803	1.8872347897826e-100	6.99878727871374e-100	HNRNPM
HNRNPMP1	3.65957025597603	-0.748487325427349	0.0922346192574537	-8.11503675575548	4.85637802465262e-16	7.51350759104183e-16	HNRNPMP1
HNRNPR	5168.07122852867	-0.232331938214839	0.0171506784068076	-13.5465159280591	8.30808583292407e-42	1.78103909823111e-41	HNRNPR
HNRNPRP1	1.43712479915341	-0.714532379326808	0.142342620361397	-5.01980627806812	5.17236149278342e-07	6.74791123580188e-07	HNRNPRP1
HNRNPU	19496.3146347885	-0.360876081516004	0.0163958049367335	-22.0102692675668	2.29624277262552e-107	8.99361752611661e-107	HNRNPU
HNRNPUL1	9240.01850378038	-0.438972346621874	0.0151278169358237	-29.0175607283002	3.95092700273466e-185	2.6898879340479e-184	HNRNPUL1
HNRNPUL2	9188.23123289849	-0.304257944771256	0.0182911412816596	-16.6341695187896	3.94183221712824e-62	1.04348414324302e-61	HNRNPUL2
HNRNPUP1	6.06638743360636	-0.0540588160114162	0.0661708917245221	-0.816957647124811	0.413952632043167	0.434544047667894	HNRNPUP1
HOGA1	439.793127966647	3.07852146323417	0.0673810259837884	45.6882544942972	0	0	HOGA1
HOMER1	1303.36003548716	0.500947493168561	0.079811394560619	6.27664127317156	3.45965038020979e-10	4.82432151941718e-10	HOMER1
HOMER2	4191.18564955233	-1.37489147170275	0.0597860571959628	-22.9968580666931	5.01124525224973e-117	2.12152929881814e-116	HOMER2
HOMER3	2601.58130070216	-1.43746289719712	0.0507485704619688	-28.3251899336625	1.69214775298865e-176	1.08786970362674e-175	HOMER3
HOMEZ	646.299568334073	-0.0473171155074127	0.0300629404831542	-1.57393504251279	0.115502467518167	0.126200905480699	HOMEZ
HOOK1	849.097545607934	-1.8855185560449	0.106353029165805	-17.7288655606166	2.51048851518876e-70	7.18348494069509e-70	HOOK1
HOOK2	3568.70906239122	0.492257344561929	0.0355709414897022	13.8387493821168	1.48772434876859e-43	3.25243211102542e-43	HOOK2
HOOK3	3140.54358974295	-0.838912841317052	0.0218694715839245	-38.3599959467566	0	0	HOOK3
HOPX	16425.8448016688	-3.85494725381916	0.128588654122381	-29.9789066160559	1.84863476453791e-197	1.36774658431759e-196	HOPX
HORMAD1	53.8792121336205	-4.60182616286632	0.147228700629124	-31.2563117327139	1.8324697923749e-214	1.50074107063424e-213	HORMAD1
HOXA-AS3	37.1314328613595	-6.2286107660858	0.0968093803383466	-64.3389178230141	0	0	HOXA-AS3
HOXA1	46.8974275937589	-3.40274393102773	0.077444141543119	-43.9380418353939	0	0	HOXA1
HOXA10	884.19791489272	-8.3028177173745	0.0868754797258703	-95.5714747541364	0	0	HOXA10
HOXA11	200.147829213838	-7.70729407601173	0.111374426059315	-69.2016502236074	0	0	HOXA11
HOXA13	89.6347250202314	-6.84716673076608	0.107024100973757	-63.9778019013216	0	0	HOXA13
HOXA2	60.3182417780997	-2.45035773274813	0.0529048634781758	-46.3163038641797	0	0	HOXA2
HOXA3	323.29794443441	-3.29309384613005	0.0466907394641449	-70.5299141526534	0	0	HOXA3
HOXA4	286.266959407838	-2.81099218000723	0.05959209226251	-47.1705569192719	0	0	HOXA4
HOXA5	395.926073055087	-5.38916035808021	0.0499692647762841	-107.849502733487	0	0	HOXA5
HOXA6	41.6594042333483	-6.69776044493633	0.100432385828696	-66.6892495848944	0	0	HOXA6
HOXA7	121.136876500168	-7.57755410479491	0.0902775157594884	-83.9362275428862	0	0	HOXA7
HOXA9	923.011862669934	-7.16685100905693	0.0514893473000199	-139.190946960288	0	0	HOXA9
HOXB-AS3	7.19087054102966	-2.72582544616566	0.109398443122591	-24.9164921214748	4.9305095604512e-137	2.39164922117171e-136	HOXB-AS3
HOXB2	542.419824559355	-0.182994435887874	0.0484300691792738	-3.77852931017883	0.000157757286822435	0.000193314426146403	HOXB2
HOXB3	819.661853947021	-0.794657159560865	0.056258957518274	-14.1249890615684	2.66441225893773e-45	5.93884163857579e-45	HOXB3
HOXB4	184.902901005812	-0.62121815115596	0.059102024290577	-10.5109454136752	7.69185512752521e-26	1.37090182327308e-25	HOXB4
HOXB5	39.7594898901915	-2.36298368971507	0.0796299374343991	-29.6745641883964	1.63530453346925e-193	1.17701387073091e-192	HOXB5
HOXB6	53.1964263782975	-1.35184507336749	0.069900676908408	-19.3395133374579	2.49821615205242e-83	8.02755961319094e-83	HOXB6
HOXB7	197.697601306663	-3.53498104801291	0.0696909505334715	-50.7236738909898	0	0	HOXB7
HOXB8	37.6534687288752	-4.2013743290811	0.114825738917418	-36.5891338361229	4.25794471103002e-293	5.31903280661009e-292	HOXB8
HOXB9	14.6077855525696	-2.7284236046231	0.0934541809141023	-29.1953080957492	2.22428571259089e-187	1.53820081107755e-186	HOXB9
HOXC10	2460.68655099711	-9.97658186804947	0.103612708686149	-96.287241155613	0	0	HOXC10
HOXC11	167.794286304276	-7.59052578253113	0.124091438424934	-61.168811312658	0	0	HOXC11
HOXC13	220.144621219038	-8.60602846101002	0.172784268217284	-49.8079399808988	0	0	HOXC13
HOXC5	103.978544494725	-5.09526829849128	0.0523260062160153	-97.3754480220925	0	0	HOXC5
HOXC6	792.708867908693	-6.13116757598153	0.0358548954093644	-170.999455052942	0	0	HOXC6
HOXC8	598.393848040154	-7.53300106209837	0.0700112759073523	-107.596968694971	0	0	HOXC8
HOXC9	700.361014513746	-8.68731266223977	0.0758832199925371	-114.482657207933	0	0	HOXC9
HOXD1	9.56762213948462	-2.13455755119132	0.104402968711161	-20.4453721722869	6.60525787462851e-93	2.30027562393476e-92	HOXD1
HOXD10	76.190681481112	-4.88138691640805	0.110600317710972	-44.1353787894572	0	0	HOXD10
HOXD11	3.92581483115911	-3.71690276775678	0.135119955606546	-27.5081704332406	1.40187907664817e-166	8.37822883756432e-166	HOXD11
HOXD13	4.36352450296584	-2.80683387202023	0.153442769355753	-18.2923827809225	9.5162936631591e-75	2.83145127653764e-74	HOXD13
HOXD3	133.378072253283	-2.69899340479659	0.0736507326383204	-36.6458459829673	5.32902736815155e-294	6.68952731200112e-293	HOXD3
HOXD4	125.610056121466	-2.2692574134571	0.0683671986125848	-33.192195373051	1.39525728049704e-241	1.31981220736875e-240	HOXD4
HOXD8	313.467369491088	-3.41286146226376	0.056096637799783	-60.8389664001746	0	0	HOXD8
HOXD9	337.897195391642	-4.48941111082224	0.0807197463886028	-55.6172598611648	0	0	HOXD9
HP	275.37534858273	0.360892998111559	0.118186155429545	3.05359791762327	0.0022611491697243	0.00266677233861017	HP
HP1BP3	10621.7921833281	-0.296503898395151	0.0178681714610494	-16.5939698441721	7.70545280952852e-62	2.03589983890097e-61	HP1BP3
HPCAL1	1745.14211097346	0.99793901615523	0.0335129009565685	29.7777568539508	7.58379593969308e-195	5.50467381896835e-194	HPCAL1
HPCAL4	204.156739395177	-1.05459465179941	0.129292772606523	-8.15664039481045	3.44472044216508e-16	5.34140862084707e-16	HPCAL4
HPD	56.7741919190606	0.32743416871057	0.0818471276284668	4.00055784726997	6.31933364863937e-05	7.83378038765631e-05	HPD
HPDL	43.8470619237108	-1.42963207681687	0.0561119880484048	-25.4781932799032	3.43959250056288e-143	1.74362446078942e-142	HPDL
HPGD	1413.39825017573	-4.43085829516746	0.0893233409685449	-49.6047085467591	0	0	HPGD
HPGDS	71.2289174759164	-1.06779415376586	0.0713312545840531	-14.9695131536994	1.16168524596802e-50	2.74213166963942e-50	HPGDS
HPN	630.391563876731	-1.14697201318622	0.0986746533117732	-11.6237754549006	3.12035552061035e-31	5.94827064772921e-31	HPN
HPR	801.46990041948	6.54200552394314	0.107919720728913	60.6191850734694	0	0	HPR
HPRT1	823.994790180036	0.248289173054859	0.0324526755594303	7.65080748427563	1.99721158569312e-14	3.00474766018069e-14	HPRT1
HPS1	2873.40683876203	0.0237160081640436	0.0281155795775475	0.84351838092581	0.398938590195657	0.419468081899067	HPS1
HPS3	564.774527372216	-0.24162011751632	0.0293457312411085	-8.23356949367309	1.81715884048583e-16	2.82890913150441e-16	HPS3
HPS4	2597.99082338688	-1.09670665717619	0.0436299739553328	-25.1365416421969	1.98332479876838e-139	9.78936926312851e-139	HPS4
HPS5	1001.55482488785	-0.290479282758932	0.0267073544852656	-10.8763779998947	1.49381297747739e-27	2.71947081387243e-27	HPS5
HPS6	703.17568643667	-0.0910974200754761	0.0265804029891519	-3.4272399900278	0.000609749924413406	0.000733746132051991	HPS6
HPSE	235.691843281606	-2.09238173199648	0.0970388734367333	-21.5623044445241	4.05885420347859e-103	1.5368833512162e-102	HPSE
HPSE2	198.825618767612	-4.32500942791766	0.0924857065443877	-46.7640848463639	0	0	HPSE2
HPX	135.386615590193	-1.36960744265434	0.0863575133983916	-15.8597369094679	1.20397179453482e-56	3.01218850221282e-56	HPX
HR	4153.48012141369	-3.52216287783203	0.108087875213288	-32.5861052489171	6.45323882524986e-233	5.7995382972203e-232	HR
HRAS	2638.65322732058	-0.280763246403667	0.0364851388056244	-7.6952769153337	1.41188062909468e-14	2.13054432092659e-14	HRAS
HRC	20701.3005513128	2.16502318835066	0.120819666159013	17.9194601109163	8.3130983517846e-72	2.41517242463645e-71	HRC
HRCT1	305.415313051682	-0.0668641600900804	0.0690285964936276	-0.968644351565992	0.332722666553762	0.352148443122899	HRCT1
HRG	5.62736075005665	-0.619681670874883	0.149216504783774	-4.15290300341003	3.28283912369298e-05	4.0992221882351e-05	HRG
HRH1	429.51461697981	-1.43939611017414	0.0665295552619636	-21.6354386333479	8.33528911469408e-104	3.17754212947074e-103	HRH1
HRH2	920.390704855814	3.61599739031355	0.063138160084671	57.2711872735021	0	0	HRH2
HRH4	7.81795026158211	-0.979481808853333	0.0662117332318208	-14.7931757868952	1.62120348893964e-49	3.78463026901861e-49	HRH4
HRNR	32.8988767644337	-0.446864733365586	0.0750542532132462	-5.95388954302085	2.61843560659404e-09	3.58327956167701e-09	HRNR
HS1BP3	1577.51553135291	0.11542028341326	0.0258082033836715	4.47223240213169	7.74072349283896e-06	9.82310635139895e-06	HS1BP3
HS2ST1	1138.57220311649	-0.241815293229117	0.0221617171604592	-10.9113969589217	1.01681659967646e-27	1.85447979845754e-27	HS2ST1
HS3ST1	132.773659639488	0.547333495811458	0.0608314734509105	8.99753803026228	2.30835868637069e-19	3.75873041278687e-19	HS3ST1
HS3ST2	144.697546668403	-1.66756328114922	0.0778666031451934	-21.4156418001156	9.55190917743381e-102	3.58291137951627e-101	HS3ST2
HS3ST3A1	35.2172779462114	1.48747919664627	0.0728063035619341	20.430637511777	8.93280607212578e-93	3.10663528022288e-92	HS3ST3A1
HS3ST3B1	180.133759474134	1.11673701841468	0.0549473779928139	20.3237544575963	7.92753941991962e-92	2.73326253778918e-91	HS3ST3B1
HS3ST4	35.2471214191043	-5.00979581036872	0.144536246292551	-34.6611728121716	3.03189242250905e-263	3.25057150074958e-262	HS3ST4
HS3ST5	51.5377724657384	-4.40146837080377	0.147347975645181	-29.8712510404802	4.6508658717131e-196	3.40326164864665e-195	HS3ST5
HS3ST6	965.238783789343	-9.17929150548231	0.201692349674791	-45.5113519193118	0	0	HS3ST6
HS6ST1	2671.47210442659	-0.537801697285848	0.0313689199799643	-17.1444122918273	6.91949205373062e-66	1.89643386813649e-65	HS6ST1
HS6ST1P1	25.3892641373184	-1.01568175665558	0.0516276848988425	-19.6731997308357	3.65943316986154e-86	1.20316815508087e-85	HS6ST1P1
HS6ST2	124.102965363432	-1.74073267499736	0.0969445461047951	-17.955962918385	4.31041003841784e-72	1.25410847101276e-71	HS6ST2
HS6ST3	205.574577483584	0.369280216353579	0.07835776471357	4.71274566985737	2.44401157497494e-06	3.13955986306458e-06	HS6ST3
HSBP1	3163.60891281079	0.657285371060604	0.0199597844228479	32.9304844749832	8.05053102023759e-238	7.48928211345204e-237	HSBP1
HSBP1L1	562.565976880828	-0.627888224316313	0.038763711147605	-16.1978357006488	5.22332956375465e-59	1.33729420391335e-58	HSBP1L1
HSCB	359.111736833574	-0.103602002029574	0.0206668253597496	-5.01296160518915	5.35985949875913e-07	6.98998991792822e-07	HSCB
HSD11B1	587.474939263982	-1.33767541789694	0.0684218492941614	-19.5504130872869	4.0919424597369e-85	1.33223107646453e-84	HSD11B1
HSD11B1L	318.947871621877	-0.452703738746219	0.0331782819374031	-13.6445804999887	2.17461277949575e-42	4.69704879334089e-42	HSD11B1L
HSD11B2	1619.68903848123	-4.19882949772053	0.12038176373841	-34.8792821049258	1.53260665936979e-266	1.67101468657272e-265	HSD11B2
HSD17B1	52.7262562268489	-1.25333897120829	0.0615858403224659	-20.3510898714015	4.54066363723663e-92	1.56763494694853e-91	HSD17B1
HSD17B10	2636.76972693342	0.31870579606468	0.0253696029872295	12.5625062491167	3.39408627266815e-36	6.8341104020469e-36	HSD17B10
HSD17B11	1422.85873630578	-0.185584085225289	0.0498367972289753	-3.72383651326193	0.000196218017033441	0.000239644516223554	HSD17B11
HSD17B12	1914.47600817731	0.319504728242437	0.0251946668907244	12.6814428477348	7.49395472469183e-37	1.51981386885058e-36	HSD17B12
HSD17B13	226.786081173521	-2.59714110914782	0.0953722087362358	-27.2316342838462	2.74258967056129e-163	1.60602981977143e-162	HSD17B13
HSD17B14	199.672057495144	-1.08037314981431	0.0705039951355177	-15.3235734760519	5.32099243923649e-53	1.28361277001737e-52	HSD17B14
HSD17B1P1	33.995995130573	0.210427748733932	0.0344570317361695	6.10696099261058	1.01546043764887e-09	1.40210963704206e-09	HSD17B1P1
HSD17B2	69.793911955927	-5.37594728034291	0.160029303989481	-33.5935178515573	2.08608376126564e-247	2.03973893463025e-246	HSD17B2
HSD17B3	0.714086148730074	1.54588647020508	0.12378166198306	12.48881656167	8.59221930048688e-36	1.72255863267696e-35	HSD17B3
HSD17B4	6523.56162966816	0.396842479958242	0.0247308501698164	16.046455226298	6.05235073667543e-58	1.53448402268865e-57	HSD17B4
HSD17B6	36.0758569491491	-2.03996235051144	0.0794225730268859	-25.6849189438988	1.72306114041199e-145	8.88988924865472e-145	HSD17B6
HSD17B7	396.751283448037	-0.560037055521618	0.0514089290347691	-10.8937701297541	1.23422763354298e-27	2.2489454025111e-27	HSD17B7
HSD17B7P2	177.417672617985	-0.440041859308016	0.0551562772490949	-7.97809209132651	1.48612501556673e-15	2.27771276332198e-15	HSD17B7P2
HSD17B8	718.016478980647	-0.0737265598762475	0.0367516866005329	-2.00607282810195	0.0448484783911106	0.0500848352576699	HSD17B8
HSD3B1	9.50156871370505	-5.04295642740845	0.25517906852312	-19.7624219595877	6.2721822897235e-87	2.0747069716522e-86	HSD3B1
HSD3B2	9.89303857134609	0.0568585740918592	0.115647188084309	0.491655482798322	0.622962913791258	0.641019558534567	HSD3B2
HSD3B7	462.556074517516	-0.0213769626064741	0.0508325013901945	-0.420537294483754	0.674092990761122	0.690118178165896	HSD3B7
HSD3BP2	0.897900454165331	-1.35571168195574	0.201983922783281	-6.71197817764114	1.92003415156187e-11	2.74240536080816e-11	HSD3BP2
HSD3BP4	4.58867145685571	-0.0777837249417326	0.0898139613690586	-0.866053826777643	0.386460644432985	0.406894663416866	HSD3BP4
HSD3BP5	11.7388405188149	0.0760237870730838	0.0715085932612311	1.06314197505408	0.287717571528747	0.306045264142822	HSD3BP5
HSDL1	1488.79787349534	0.269095984904592	0.0304624443914164	8.83369638519281	1.01272295757855e-18	1.63117626694449e-18	HSDL1
HSDL2	7193.46046980832	0.643618988192016	0.0608093181857077	10.5842164884409	3.5271926529638e-26	6.31080359268475e-26	HSDL2
HSF1	6798.56609767739	0.666172140367501	0.0295972779964723	22.5078853686106	3.47452296509868e-112	1.41889491594241e-111	HSF1
HSF2	2083.56853125867	-0.481657060696869	0.0523169892643218	-9.20651336152748	3.36890040885587e-20	5.54734506584472e-20	HSF2
HSF2BP	13.0708044584733	-1.46466360014392	0.0646845248172837	-22.6431840425697	1.62845627498987e-113	6.71719555593325e-113	HSF2BP
HSF4	2418.98787247535	-0.28423818837611	0.0378528658171117	-7.50902691884475	5.95684770592693e-14	8.90534137981817e-14	HSF4
HSF5	3.27203235810566	-0.895535515172992	0.111412775467618	-8.03799664279327	9.1319132010657e-16	1.40630994552471e-15	HSF5
HSH2D	47.2515137045087	0.339602002480364	0.0783762744469394	4.33296944613353	1.4711153290651e-05	1.85341174681557e-05	HSH2D
HSP90AA1	39714.0556526145	0.688733115805659	0.0396640240907981	17.3641765199876	1.54094825541198e-67	4.29722843465083e-67	HSP90AA1
HSP90AA4P	1.81157257376278	0.93693708594148	0.0983673622109837	9.52487761064373	1.65236510747165e-21	2.77180358769893e-21	HSP90AA4P
HSP90AB1	72973.1215643204	-0.0733827218661958	0.0397865786704021	-1.84440895192595	0.0651235636796457	0.0721142513408773	HSP90AB1
HSP90AB2P	11.4654999585203	0.119773969345896	0.061398939031446	1.95074982133735	0.0510868135922065	0.0568791527378373	HSP90AB2P
HSP90AB3P	63.7589196092127	-0.104544477619314	0.0575146392465426	-1.8177020492326	0.0691096843789802	0.0764389203383116	HSP90AB3P
HSP90B1	13984.2908070984	0.860181484066999	0.036362454194516	23.6557598523349	1.02973580191549e-123	4.56558477100513e-123	HSP90B1
HSP90B2P	16.3828103484053	1.1407878188945	0.04282568870268	26.6379328261244	2.46948574716367e-156	1.3762604623744e-155	HSP90B2P
HSP90B3P	1.37970490804714	0.691853482414438	0.1069714053716	6.46764880774503	9.95395014963792e-11	1.40248165813738e-10	HSP90B3P
HSPA12A	1410.11221019694	0.200447104761905	0.0345648658933827	5.79915760067449	6.66488732438624e-09	9.0403614442225e-09	HSPA12A
HSPA12B	1694.22756699648	1.43815381486758	0.0509408057788458	28.2318623131165	2.37708071506514e-175	1.52168669814678e-174	HSPA12B
HSPA13	619.253908285551	0.793338370056951	0.0332366005372505	23.8694197731746	6.3660842025101e-126	2.86776480804265e-125	HSPA13
HSPA14	757.914382853477	-0.415107937118501	0.0352730713841759	-11.7684091809687	5.67852213046128e-32	1.09220084272287e-31	HSPA14
HSPA1A	6373.62891676095	1.95974501325244	0.0671453589037184	29.1866041860402	2.86855597421268e-187	1.98146109331552e-186	HSPA1A
HSPA1B	4648.15393259564	1.75133188116152	0.0680364087995396	25.7410982158331	4.05508291286328e-146	2.09998698257917e-145	HSPA1B
HSPA1L	176.872786585228	-0.503319220095702	0.0581187425652266	-8.66018771020084	4.70988037395924e-18	7.50753179948997e-18	HSPA1L
HSPA2	4711.32230575825	-1.75961318835714	0.0761925052562468	-23.094308061394	5.28178853017545e-118	2.25195346593293e-117	HSPA2
HSPA4	6047.90214205913	0.128490394199667	0.0383621988480281	3.34940118288531	0.000809864383038549	0.000970338708671254	HSPA4
HSPA4L	991.930986453165	-0.236751353442273	0.0686935074559639	-3.44648806284994	0.000567923654978498	0.000684191789135854	HSPA4L
HSPA5	17097.3911112117	0.939759308051151	0.0445309762608833	21.1034966434511	7.3866616897633e-99	2.70698894701607e-98	HSPA5
HSPA6	266.173364459172	1.89428509338923	0.0872953377363153	21.6997281013004	2.06379437953672e-104	7.89761110247461e-104	HSPA6
HSPA7	482.84935470013	0.443869344020564	0.0628976956450297	7.05700486271534	1.7012967259012e-12	2.47835577914927e-12	HSPA7
HSPA8	48226.785999406	0.37831877937971	0.0647144374670429	5.84597184472749	5.0361922955518e-09	6.85182507083576e-09	HSPA8
HSPA8P1	10.2675173344933	0.517163479136086	0.0874181625629726	5.91597288222045	3.29919569209964e-09	4.50700627255715e-09	HSPA8P1
HSPA8P16	0.80138069701556	0.701103370412317	0.147839085455686	4.74234109505818	2.11262526577369e-06	2.71793649293827e-06	HSPA8P16
HSPA8P4	7.10367404439679	-0.834050046002841	0.078797818368935	-10.5846844908546	3.50961120648116e-26	6.279971304957e-26	HSPA8P4
HSPA8P5	5.90486804542916	0.54963654578144	0.0898250862014146	6.11896485742292	9.41851708007297e-10	1.30167160044832e-09	HSPA8P5
HSPA8P8	0.303402628186511	0.655075893700006	0.174138849304719	3.76180212695509	0.000168693486247322	0.000206364352425284	HSPA8P8
HSPA8P9	4.05269605977473	0.624994156300636	0.0998349585898216	6.26027360684813	3.8430260893228e-10	5.35311557950164e-10	HSPA8P9
HSPA9	19484.8068532785	0.183233421090805	0.0467917846150191	3.91593145246253	9.00558348894632e-05	0.000111071948190834	HSPA9
HSPA9P1	6.63852597858141	0.222023431225863	0.0753280126899084	2.94742185937964	0.00320435726158152	0.00375825091645354	HSPA9P1
HSPB1	64551.7007302761	0.403713698751866	0.0562166020980144	7.18139630794451	6.90030092070329e-13	1.01273800956853e-12	HSPB1
HSPB11	431.568417733148	0.175430083704524	0.028777049694855	6.09618030912629	1.08632877020017e-09	1.49915702180108e-09	HSPB11
HSPB1P1	31.0010133385849	0.570902216603598	0.0707797632262124	8.0658961061934	7.27006163794424e-16	1.12150466659212e-15	HSPB1P1
HSPB1P2	14.2828332729326	0.58598894876055	0.0737680226869025	7.94367162649449	1.96282792696384e-15	3.0016876657273e-15	HSPB1P2
HSPB3	3033.09260752379	2.38023472014776	0.147144513413285	16.1761703847046	7.42728211928275e-59	1.89966617546474e-58	HSPB3
HSPB6	21269.5816113433	0.121580134262596	0.105759281219585	1.14959304621372	0.250311523585567	0.267394085577342	HSPB6
HSPB7	106597.632081605	2.18280971320968	0.11619263525355	18.7861279542069	9.80798448864097e-79	3.01852502615877e-78	HSPB7
HSPB8	28927.8852328366	0.288561907949102	0.0875808759941431	3.29480499793585	0.000984899995002278	0.00117754946931695	HSPB8
HSPB9	7.09585380399368	-0.205051456435447	0.0617147946329437	-3.32256564499673	0.000891936817322893	0.00106739493741719	HSPB9
HSPBAP1	1119.16427980114	-1.1865886042534	0.0383723572356873	-30.9230052499834	5.86151361632201e-210	4.67078825176682e-209	HSPBAP1
HSPBP1	2002.78320763711	0.392303501014325	0.0251614770299655	15.5914337042742	8.3244124654372e-55	2.0448655675537e-54	HSPBP1
HSPD1	9321.22669129461	0.301545742316569	0.0366073064647229	8.23731029233624	1.76125276181676e-16	2.74353677444301e-16	HSPD1
HSPD1P1	10.4772083491778	0.252861923410283	0.0661570270213393	3.8221476205199	0.00013229444951657	0.000162289245314691	HSPD1P1
HSPD1P11	25.9733223792483	-0.841692710381383	0.0539955303119373	-15.5881923099717	8.75768350913969e-55	2.1501235794875e-54	HSPD1P11
HSPD1P16	1.65478798703267	0.0914442197047537	0.12032154169543	0.75999873685318	0.447255339915019	0.467839117543742	HSPD1P16
HSPD1P5	1.11484148875609	0.700499443899999	0.118537100149114	5.90953754578782	3.430694803717e-09	4.68486854511529e-09	HSPD1P5
HSPD1P6	5.66163897278449	0.395144668044058	0.0831294021518317	4.75336833678108	2.00055401026757e-06	2.57522688349733e-06	HSPD1P6
HSPE1	2869.35255981561	0.88043460869551	0.0341773423911925	25.760768599796	2.44166162859324e-146	1.26726050000026e-145	HSPE1
HSPG2	17372.0982685383	0.875348107820173	0.03929575123998	22.2758970168149	6.32977368448301e-110	2.53430284907426e-109	HSPG2
HSPH1	3707.56419632052	0.648377985728878	0.046630059467578	13.9047213992875	5.92973025279074e-44	1.30203798829576e-43	HSPH1
HTATIP2	1376.31351906158	-0.725417352326303	0.0367272494747313	-19.7514750682704	7.79087198124809e-87	2.57516501164978e-86	HTATIP2
HTATSF1	6020.34331900314	-0.445028941262937	0.0523343197909932	-8.50357744287577	1.83835802127685e-17	2.90436043013908e-17	HTATSF1
HTN1	0.079980524582053	0.418023504759691	0.876743410433029	0.476791156666039	0.633510843568479	0.650940618475723	HTN1
HTN3	0.402277625233447	-0.477725516270056	0.548811321596866	-0.8704731434476	0.384041889803331	0.404395323682349	HTN3
HTR1B	14.7987420461574	-1.56739765185674	0.0880996699858902	-17.7911864154289	8.27099903211186e-71	2.37776520136755e-70	HTR1B
HTR1D	3.73769475857783	1.04280657063584	0.104982190013847	9.93317600345635	2.98590406755398e-23	5.13806128668761e-23	HTR1D
HTR1F	27.3514435468651	-0.765640192877438	0.0597687367213649	-12.8100447638163	1.44051439637863e-37	2.9443283353255e-37	HTR1F
HTR2A	30.6094583894949	-1.61460198288984	0.0919602959907541	-17.5575988038596	5.20301012144486e-69	1.47124387678493e-68	HTR2A
HTR2B	19.3843127024993	1.61328906597627	0.0905869165358533	17.8092944066349	5.98596606229682e-71	1.72432989418155e-70	HTR2B
HTR2C	1.79132404183429	-0.304630147008717	0.181594455691535	-1.67752999863705	0.0934388883904442	0.102648201508384	HTR2C
HTR3A	19.7694005739362	-2.6071948524863	0.146533553018051	-17.7924768681827	8.08268166016208e-71	2.3249656849565e-70	HTR3A
HTR3C	1.29400010323042	-1.19948214169307	0.162828700116714	-7.36652777325676	1.75129471998259e-13	2.59508200974701e-13	HTR3C
HTR3E	0.411935651845621	-0.124553726548009	0.177378444368496	-0.702192010937102	0.482559427176857	0.503189031374072	HTR3E
HTR7	61.5902410899143	-2.24085526145026	0.0771126314493489	-29.0595096981245	1.1669253776569e-185	7.9688253881646e-185	HTR7
HTR7P1	147.456234044439	-0.706379305485912	0.0536101260617727	-13.1762291450682	1.20252845915745e-39	2.5112198136071e-39	HTR7P1
HTRA1	5281.23543713085	-0.273269847902446	0.0602123587771461	-4.53843452494285	5.66733866594699e-06	7.21534502621909e-06	HTRA1
HTRA2	816.375637987416	0.0858128317515858	0.0160354821599939	5.35143445612606	8.72597436623494e-08	1.15531233132241e-07	HTRA2
HTRA3	4061.67185222451	1.84406280410223	0.0545493163267284	33.805424674015	1.64151366908636e-250	1.63796494219643e-249	HTRA3
HTRA4	12.5356498825996	-1.67984576072365	0.104993831512138	-15.9994709834877	1.28865410257879e-57	3.25709948055615e-57	HTRA4
HTT	6067.98963478312	-0.816499895431969	0.0243821663592891	-33.4875861070032	7.30723776897236e-246	7.09479973458853e-245	HTT
HUNK	228.614577724323	-2.15648596340403	0.0935836476748038	-23.0434057336347	1.7128121003281e-117	7.26834762329236e-117	HUNK
HUS1	778.400509583799	0.0855253805046667	0.0253455414722938	3.37437574960305	0.000739833061496897	0.000887612299387206	HUS1
HUS1B	13.7359183992047	0.306175675855729	0.0635113101589395	4.82080553982452	1.42979682410499e-06	1.84632515284892e-06	HUS1B
HUWE1	18194.7697164354	-0.461534925456119	0.0314139980130006	-14.6920148548146	7.2524805349784e-49	1.68280358481756e-48	HUWE1
HVCN1	247.702262939485	1.68019597509938	0.0470266498944392	35.728591742574	1.42273708011786e-279	1.66303182981829e-278	HVCN1
HYAL1	1809.3476545234	2.21089832714754	0.0450736133510265	49.0508340196603	0	0	HYAL1
HYAL2	3136.83517229747	1.07882805083301	0.0468121508580253	23.0458979358787	1.61703923883734e-117	6.86355183643266e-117	HYAL2
HYAL3	72.7209373183139	0.305944846228273	0.0443113984626036	6.90442768323988	5.04062269528352e-12	7.2822029805617e-12	HYAL3
HYAL4	116.609459745303	-4.60141363033308	0.121593462719644	-37.842607056454	0	0	HYAL4
HYDIN	11.3133628393355	0.100040807014899	0.0877866114735733	1.13959071133546	0.254456856941886	0.27166629687325	HYDIN
HYDIN2	54.4291960563389	1.14714447938679	0.0682831514741986	16.7998174457465	2.44796255823724e-63	6.55058332255516e-63	HYDIN2
HYKK	238.56185581465	-0.0156324843582125	0.0295280996114295	-0.529410445098932	0.596520753942336	0.615321190288006	HYKK
HYLS1	149.033108306914	0.680456103441005	0.031601951215891	21.5320914456332	7.79359612751299e-103	2.94670287526489e-102	HYLS1
HYOU1	2826.65009901165	0.849910856000735	0.0315979639293388	26.8976462502886	2.33996340408861e-159	1.32959852389517e-158	HYOU1
HYPK	218.779990184218	0.193155611878842	0.0293300432856377	6.58558904934949	4.53085433768924e-11	6.43064802749696e-11	HYPK
IAH1	1509.8045893679	0.848059206853626	0.0297000203016949	28.554162530496	2.49382061261407e-179	1.64016312925341e-178	IAH1
IARS2	6472.19926174467	-0.182427991910767	0.0293685887017396	-6.21167035854064	5.24243135910643e-10	7.28043564999806e-10	IARS2
IBA57	1042.06829165092	0.0707274613178536	0.0421662031874569	1.67734953520531	0.0934741514070665	0.102680673672948	IBA57
IBSP	4.45114066393896	-0.501009147096044	0.193092487683805	-2.5946589279872	0.00946848271699271	0.0109103928683002	IBSP
IBTK	3129.88910877807	-0.0352189509053119	0.0427791793924454	-0.823273176472652	0.410352663760448	0.43104150670198	IBTK
ICA1	1067.65526439275	1.55491011632417	0.0557723759746846	27.8795745949564	4.71968935610568e-171	2.93164693234156e-170	ICA1
ICA1L	563.003108142912	-0.0195532309475719	0.0399586485934408	-0.489336642650662	0.624603383170523	0.642668505313094	ICA1L
ICAM1	1549.28203635998	0.410232374649134	0.0656057195530372	6.25299710823982	4.02649597027631e-10	5.60564222435761e-10	ICAM1
ICAM2	598.339600303927	1.16643157606652	0.0541481312394973	21.5414927415941	6.36232559656659e-103	2.40706647885236e-102	ICAM2
ICAM3	13.9788036459732	0.789579391649974	0.059081668627757	13.364202636603	9.78782203531313e-41	2.07015138594374e-40	ICAM3
ICAM5	45.3664345633894	0.028841082846185	0.0723523714993512	0.398619730749857	0.690173421051826	0.705497544142755	ICAM5
ICMT	5437.38357950696	-0.0650414793855436	0.0461430223180252	-1.40956261896473	0.158668871297786	0.171894460293178	ICMT
ICOS	7.51271632123925	-0.698542143042989	0.109305469541047	-6.39073365656846	1.65091723974351e-10	2.31720555420062e-10	ICOS
ICOSLG	87.4606017827526	0.530450149007761	0.0909083749183996	5.83499759492895	5.37913430112872e-09	7.3156389056073e-09	ICOSLG
ID1	3679.44202493707	2.01920484839315	0.06609565527513	30.5497364386208	5.70036262276447e-205	4.4077417342089e-204	ID1
ID2	2374.83549691756	0.237462573147867	0.0550388387892906	4.31445463551591	1.59997382992222e-05	2.0142058124645e-05	ID2
ID3	4027.99618454206	1.24345356712264	0.046745665064237	26.6004038110038	6.7154241845857e-156	3.72984729240133e-155	ID3
ID4	4707.6768301088	-2.93047863787207	0.0905189496568458	-32.3742006395502	6.33463901592543e-230	5.6227730239484e-229	ID4
IDE	5208.75860896202	-1.32421320222372	0.0479955534950573	-27.5903308909667	1.45348638868321e-167	8.76229353070544e-167	IDE
IDH1	1897.19763253118	-0.220797279138854	0.0491088055511486	-4.49608327184594	6.9216637862563e-06	8.79238372848773e-06	IDH1
IDH2	28103.0658757299	0.767566222243192	0.0855914805346392	8.96778765186279	3.02529594916107e-19	4.91812086885653e-19	IDH2
IDH3A	2277.50566342122	1.01344634317436	0.0599278025307797	16.9111213890053	3.72550787296971e-64	1.00348447136507e-63	IDH3A
IDH3B	5829.50463580421	0.705039902738527	0.0331308501856473	21.2804651491847	1.72225383808084e-100	6.38959013588071e-100	IDH3B
IDH3G	3610.75087627485	0.361179812438189	0.0260845045534057	13.8465276079408	1.33511885190464e-43	2.92058262888994e-43	IDH3G
IDI1	4168.00267327341	-1.59277011055838	0.054167589388424	-29.4044857550698	4.81234537675607e-190	3.37464079185765e-189	IDI1
IDI2	708.7538321212	-8.83409690957692	0.222675910800016	-39.6724408933069	0	0	IDI2
IDNK	163.876162399524	0.00162572251065186	0.0407655012394694	0.0398798606964711	0.96818890716451	0.970561258443412	IDNK
IDO1	110.320277264869	0.16534413099842	0.09998862685541	1.65362937964453	0.0982028394607154	0.107769878262046	IDO1
IDO2	10.6643754229291	-2.56510847469207	0.135390348303356	-18.9460216835006	4.7625657718826e-80	1.48400461242269e-79	IDO2
IDS	7167.942871126	0.289037529576905	0.0193585057856636	14.9307768263271	2.07830739810854e-50	4.89168560059517e-50	IDS
IDUA	752.095133829133	-0.233189726489426	0.0484477215285485	-4.81322380355938	1.48514808522269e-06	1.91683879558999e-06	IDUA
IER2	3483.91720826538	-0.0514926519598905	0.0674252838344932	-0.763699446728144	0.445046370567991	0.465582595257419	IER2
IER3	1014.94608752422	0.818934047530064	0.0803712985274636	10.1893843017881	2.2116041421245e-24	3.86815839121484e-24	IER3
IER3IP1	1994.11053334109	-0.096341217454228	0.0291223717806653	-3.30815148504456	0.000939139950313861	0.00112336090408664	IER3IP1
IER5	3434.58419552715	-0.0608015332032768	0.0492938254348744	-1.23345130281289	0.217407434491765	0.23322712921849	IER5
IER5L	397.889982607469	0.913632567206179	0.0618858711359734	14.7631850442693	2.53042834390011e-49	5.89418227465656e-49	IER5L
IFFO1	1737.08090634094	0.626985820533373	0.0403257600610369	15.5480223952225	1.64094990998215e-54	4.02106443364943e-54	IFFO1
IFFO2	12891.8124715791	-4.28389299987213	0.100851797536341	-42.4771110135985	0	0	IFFO2
IFI16	4096.11905199191	-0.257334932376558	0.0519434973509338	-4.9541318066819	7.26539472883913e-07	9.44564282203042e-07	IFI16
IFI27	3336.68789744904	1.45238907346717	0.0555720684623159	26.1352350858067	1.45059380546429e-150	7.74381349115142e-150	IFI27
IFI27L1	290.886700556104	0.379837668247819	0.0264896527604305	14.3390957851743	1.24669164556813e-46	2.82392051237849e-46	IFI27L1
IFI27L2	564.877098496793	1.47371922751017	0.0551125792910924	26.7401607122453	1.60706660540695e-157	9.03178456569795e-157	IFI27L2
IFI30	1208.11243456966	-0.369953682334787	0.0692859675050739	-5.3395181687792	9.31939303894922e-08	1.23306427118063e-07	IFI30
IFI35	661.212510087256	0.765885472500077	0.0476216878453421	16.0827032210071	3.3733244077293e-58	8.57430283303237e-58	IFI35
IFI44	903.250586205603	1.39431862695125	0.0618934903410958	22.527710414571	2.22145822286042e-112	9.08622346505575e-112	IFI44
IFI44L	911.507484213785	1.48486937661832	0.0727734808971602	20.4039900017516	1.54112860817177e-92	5.34628176444402e-92	IFI44L
IFI6	1053.91830708776	1.46774926155111	0.0634495445687307	23.132542109285	2.17906725060509e-118	9.3105600707672e-118	IFI6
IFIH1	486.433721768418	0.365749125683489	0.0461790184425912	7.92024469160559	2.37043627190444e-15	3.62103049308824e-15	IFIH1
IFIT1	852.740896214446	1.23276302370483	0.0656849068177455	18.7678278531376	1.38430948649525e-78	4.2574671222281e-78	IFIT1
IFIT1B	1.90126230621951	1.77088468928587	0.147944778542883	11.9699032755831	5.10881478930128e-33	9.94095503428951e-33	IFIT1B
IFIT2	331.509712198837	0.628289869247646	0.0580359943794961	10.8258654989052	2.59614679630717e-27	4.71101194358119e-27	IFIT2
IFIT3	800.600734353959	0.736832038949471	0.0572534266930971	12.8696583158106	6.66965431783263e-38	1.36836616566338e-37	IFIT3
IFIT5	600.796896010759	0.726010992969003	0.0408622782247625	17.7672666456723	1.26716511514873e-70	3.63741655841051e-70	IFIT5
IFITM1	5890.03827520531	0.845887083703006	0.0496983695243229	17.0204192169528	5.79542122431904e-65	1.57184537379791e-64	IFITM1
IFITM10	854.657875706039	-2.77099203157922	0.0649996393268078	-42.6308831907068	0	0	IFITM10
IFITM2	6345.56747398356	0.912257347937309	0.0536523074580443	17.0031335306629	7.7845234443295e-65	2.10879167075057e-64	IFITM2
IFITM3	16277.0487010823	0.830731912107593	0.0504748607374581	16.4583299482211	7.30893080631962e-61	1.91010545070499e-60	IFITM3
IFITM5	2.40046630359137	-1.25908697648379	0.141313420681303	-8.90988959444516	5.10834075224798e-19	8.26712594454876e-19	IFITM5
IFITM9P	1.40734924219351	0.531605049226472	0.0980546133063822	5.42152002135192	5.90943768759686e-08	7.85582954098154e-08	IFITM9P
IFNAR1	2372.22441979265	0.10754517842597	0.021333628190702	5.04111056331442	4.62837948507802e-07	6.04304483287804e-07	IFNAR1
IFNAR2	64.2032950330748	0.865560863401977	0.040223443116516	21.5188158033784	1.03779225356231e-102	3.922170555611e-102	IFNAR2
IFNE	1.2985193149226	-1.68655472254903	0.254372688701737	-6.63025079915946	3.35116987442617e-11	4.76420856970032e-11	IFNE
IFNG	2.70950753380887	0.620533613026983	0.17508753665399	3.54413355105502	0.000393905659882769	0.000476781588458158	IFNG
IFNGR1	5578.25896978695	0.511876037356823	0.0317690369966509	16.1124190642223	2.0869718122428e-58	5.31290900752122e-58	IFNGR1
IFNGR2	2083.74312176527	-0.19492635417005	0.0331923451166263	-5.87262977307408	4.28935688660698e-09	5.84590500573987e-09	IFNGR2
IFNK	0.827353918834241	-0.844968994180881	0.171009219378709	-4.9410727518126	7.76939092589369e-07	1.00957775252301e-06	IFNK
IFNLR1	520.008744716887	-1.61077178344165	0.0651488913857867	-24.7244695831166	5.83617414964305e-135	2.78961685787904e-134	IFNLR1
IFRD1	3347.4608772598	-0.304458490012614	0.0413534237037965	-7.36235268434769	1.8069679395023e-13	2.67735862037871e-13	IFRD1
IFRD2	3431.66914766267	-0.189498741181701	0.0523053002501883	-3.62293573070579	0.000291278214517722	0.000353989950009014	IFRD2
IFT122	1665.52510731843	0.11869210070621	0.0379304463395325	3.12920390242033	0.00175280629978166	0.00207635339578637	IFT122
IFT140	1051.81517031809	-0.386755200052946	0.0348642110963374	-11.0931866200631	1.35377648870562e-28	2.50198465843839e-28	IFT140
IFT172	1696.99105666747	0.402102000680587	0.0232656573730289	17.2830706750943	6.30975107506846e-67	1.74633808582883e-66	IFT172
IFT20	400.57185887301	0.0161696234671112	0.0261254229383942	0.618922935917266	0.53596712805781	0.556301924244285	IFT20
IFT27	435.206556976878	0.8779238403666	0.0254053039333637	34.5567147186797	1.12999624224489e-261	1.19723733706005e-260	IFT27
IFT43	652.841033028429	0.809120994939095	0.0238265898181739	33.9587411003287	9.06279019590903e-253	9.12922699029426e-252	IFT43
IFT46	992.891975494223	0.418612349432487	0.0199678965814841	20.9642687062322	1.39041110935784e-97	5.03901557872972e-97	IFT46
IFT52	726.298573355828	-0.605276972895281	0.045194012948381	-13.3928574474368	6.6569482287602e-41	1.4111131072293e-40	IFT52
IFT57	1013.99927286133	0.112744485686174	0.0272429887976482	4.13847711510666	3.49618737671464e-05	4.36260009484544e-05	IFT57
IFT74	626.131834050865	-0.117863441041994	0.0224683841154872	-5.24574621994079	1.55651033849616e-07	2.05070208616478e-07	IFT74
IFT80	836.772408248382	0.182082217820385	0.0313085542454091	5.81573382127935	6.03684631816746e-09	8.19774219774686e-09	IFT80
IFT81	675.057046519348	-0.189571719606662	0.0274650523126047	-6.90228867758832	5.11713125654667e-12	7.39154868793907e-12	IFT81
IFT88	584.363322406025	-0.145973413832429	0.0283730533895386	-5.14479044001132	2.67819605349703e-07	3.51386349555394e-07	IFT88
IGBP1	3687.98679783081	-0.595298004946112	0.0293589515649956	-20.2765416751421	2.0719675550303e-91	7.11648310591498e-91	IGBP1
IGBP1P1	3.46934494489674	0.643373891357031	0.0717171791958137	8.9709871270925	2.93868804912103e-19	4.77862001555805e-19	IGBP1P1
IGDCC3	16.9043815358502	-1.0921658497754	0.124937674981691	-8.7416854038259	2.29658254943334e-18	3.68029755829694e-18	IGDCC3
IGDCC4	790.31290664946	-1.64443216066604	0.0811197305353788	-20.2716669522078	2.28774951929722e-91	7.85462122770728e-91	IGDCC4
IGF1	328.717489159413	-0.72743913270698	0.0838951685824929	-8.67081078681783	4.29054176189178e-18	6.84274317850748e-18	IGF1
IGF1R	3937.70042400874	0.0347727638102687	0.0347437374550044	1.00083544135981	0.316906372047077	0.335942029516485	IGF1R
IGF2	189.366017601012	1.20456541205825	0.082925653958033	14.5258476064338	8.31078994874264e-48	1.90795217277536e-47	IGF2
IGF2BP1	2.96687115106402	-0.486219962514543	0.110896061130921	-4.38446557574776	1.16270866602595e-05	1.46917862537787e-05	IGF2BP1
IGF2BP2	636.941684378103	1.02212945997814	0.0490098732050085	20.85558262317	1.35636267755213e-96	4.86469108559792e-96	IGF2BP2
IGF2BP3	3.76945287269976	-0.708719109379193	0.102787079767437	-6.89502134881856	5.3856714464648e-12	7.7757035376815e-12	IGF2BP3
IGF2R	13958.8080763975	-0.773749010533681	0.0517956729414591	-14.9384874564366	1.85129727739217e-50	4.35851455536704e-50	IGF2R
IGFALS	39.6471444255419	-1.19522172870625	0.0541416684415252	-22.0758200312414	5.39762609523607e-108	2.12796030092739e-107	IGFALS
IGFBP1	5.97084016793951	-0.414376529311155	0.165555377316536	-2.50294817376353	0.0123163577932277	0.0141160547966314	IGFBP1
IGFBP2	2222.01644985474	1.8366191877183	0.0539235435595291	34.0596901924807	2.91712782908658e-254	2.96841255236787e-253	IGFBP2
IGFBP3	10538.2526057956	0.148720149525538	0.0694169756308421	2.14241758840702	0.0321598938023853	0.0361796292942152	IGFBP3
IGFBP4	25928.9834049746	0.458221482522253	0.0662546928488632	6.9160607772724	4.64375233679132e-12	6.71369253992294e-12	IGFBP4
IGFBP5	49069.2882334625	-0.76752945460829	0.0563754428624036	-13.6146062121695	3.27908399467314e-42	7.06653788915494e-42	IGFBP5
IGFBP6	3834.02554088202	-0.62031463348341	0.0722618115994618	-8.58426629160277	9.14179921405902e-18	1.45154386215292e-17	IGFBP6
IGFBP7	13363.6305140379	1.33498934410024	0.0491505406630329	27.161234161241	1.86550435448285e-162	1.08570785273346e-161	IGFBP7
IGFL1	19.3502215969442	-5.4650025573888	0.19880420797538	-27.4893706377965	2.35247192545549e-166	1.40267794402531e-165	IGFL1
IGFL2	333.217460496586	-7.85591784868555	0.191176337233577	-41.0925220263389	0	0	IGFL2
IGFL3	167.538310074084	-8.92779693775663	0.242482527507843	-36.8183102902862	9.4052057133242e-297	1.19818193945895e-295	IGFL3
IGFL4	67.8597646833199	-4.98180224667367	0.137331933858551	-36.2756287390873	3.92038790721415e-288	4.78771388858629e-287	IGFL4
IGFLR1	264.729659939726	-0.0155807742125501	0.0320363664870649	-0.486346484356802	0.626721526665318	0.64462683283826	IGFLR1
IGFN1	15706.3083760327	-9.15000737796231	0.148577657743257	-61.5840060810056	0	0	IGFN1
IGHA1	4719.84856604709	-3.49388260277275	0.139087267220772	-25.1200751340303	3.00177374061949e-139	1.47959827779002e-138	IGHA1
IGHA2	1344.68107916187	-3.97192923348233	0.147417870590466	-26.9433360933326	6.82802047613119e-160	3.89823014877379e-159	IGHA2
IGHD	37.6117924557331	-0.866932779294332	0.146151351740608	-5.93174656935763	2.99729019502678e-09	4.09581878089099e-09	IGHD
IGHE	1.34505146590847	-0.547869508834551	0.203319099265966	-2.69462884112954	0.00704670771339254	0.00816056263180515	IGHE
IGHEP1	0.490132939700974	-1.05169908735456	0.337538017951059	-3.11579446291307	0.00183450089197321	0.00217127033706422	IGHEP1
IGHG1	825.96013742276	-0.747363121529119	0.114439862790682	-6.53061881851515	6.54985021684421e-11	9.26043463347569e-11	IGHG1
IGHG2	281.391438460112	-0.658464752159094	0.119521614588722	-5.50916881791546	3.60532017092213e-08	4.81449320450811e-08	IGHG2
IGHG3	142.964571358622	-0.293308550915812	0.118230798184102	-2.48081342104356	0.0131082966677681	0.0150065154106139	IGHG3
IGHG4	44.8398507281463	-0.928727456166762	0.130725128005922	-7.10442950283197	1.20820573300444e-12	1.76504718388354e-12	IGHG4
IGHGP	10.5044366920948	-0.58878181256358	0.13514452025362	-4.35668284188393	1.32048390717505e-05	1.66585120282137e-05	IGHGP
IGHJ3	7.77896050801512	-2.8208876052768	0.208130243396137	-13.5534728602982	7.5568532280758e-42	1.62057320655936e-41	IGHJ3
IGHJ4	23.9132348958262	-2.73751694973558	0.163076164337034	-16.7867386436553	3.05159807894359e-63	8.16101872219041e-63	IGHJ4
IGHJ5	7.70569355623515	-2.34345431222518	0.201231217965957	-11.6455803225404	2.41670954877683e-31	4.6171925904831e-31	IGHJ5
IGHJ6	11.6357230639288	-2.43788487089985	0.179142250112116	-13.6086538456121	3.55735832882952e-42	7.66347621795838e-42	IGHJ6
IGHM	520.897470968326	-1.99162711564327	0.127059911777256	-15.6747087872587	2.25255024000789e-55	5.55834912548075e-55	IGHM
IGHMBP2	1492.94052680873	-0.163201981309255	0.0189384096003336	-8.61751249198772	6.84243014521458e-18	1.08798326158473e-17	IGHMBP2
IGHV1-18	31.8805934529676	-2.17784476840294	0.176065267108896	-12.3695309368198	3.82045915792521e-35	7.60500777416916e-35	IGHV1-18
IGHV1-2	36.0386220170921	-2.37599971382108	0.182274206446002	-13.0353041176177	7.70591487141121e-39	1.59533264635162e-38	IGHV1-2
IGHV1-24	9.62127458299497	-2.61730058237602	0.241154739865001	-10.8531998327762	1.92563621907363e-27	3.50029057654695e-27	IGHV1-24
IGHV1-3	16.497306472784	-2.32776861639193	0.199593252159703	-11.6625616908601	1.97994376006692e-31	3.78514949288069e-31	IGHV1-3
IGHV1-45	2.02450721977244	-2.63605318818222	0.347562472841036	-7.58440106215917	3.3402644121922e-14	5.01151022536021e-14	IGHV1-45
IGHV1-46	22.7774950337567	-2.47003807659538	0.193363230191394	-12.7740836463608	2.28826764805411e-37	4.66437616720893e-37	IGHV1-46
IGHV1-58	2.83941604860406	-1.73635860108266	0.326720652576591	-5.31450518168765	1.06947539155399e-07	1.41379353186189e-07	IGHV1-58
IGHV1-69	4.93647408643626	-1.9947487697752	0.23682638603549	-8.42283160743869	3.6749248235126e-17	5.78102960308052e-17	IGHV1-69
IGHV1OR15-1	0.211161649190242	-0.229586387118962	0.400094677895497	-0.573830145221099	0.566082747362177	0.585803709989453	IGHV1OR15-1
IGHV1OR15-3	0.0399052185502994	0.412934665416231	0.708353293462384	0.582950159514094	0.559926852553409	0.579699963927872	IGHV1OR15-3
IGHV2-26	6.43132351281013	-2.44375093399487	0.278046364304149	-8.78900517225143	1.50890121308159e-18	2.42428871266349e-18	IGHV2-26
IGHV2-5	31.2838488483676	-3.08276226217315	0.203229686333604	-15.168858043272	5.68574402872782e-52	1.36066309839311e-51	IGHV2-5
IGHV2-70	7.33086248801201	-2.75445558404378	0.308266087549641	-8.93531820492652	4.06008044510756e-19	6.57953799895402e-19	IGHV2-70
IGHV3-11	22.718791928602	-2.5050380008195	0.204867446596595	-12.2276039577541	2.21372475647252e-34	4.37327253525701e-34	IGHV3-11
IGHV3-13	5.7902263053705	-2.14416685206106	0.278898763654969	-7.68797546450815	1.49481466035866e-14	2.25474767061473e-14	IGHV3-13
IGHV3-15	41.7076536977018	-2.51792789080996	0.184773060669887	-13.6271374283747	2.76203487935084e-42	5.95655802841673e-42	IGHV3-15
IGHV3-20	9.33231073125909	-2.12096653417428	0.211826230621448	-10.0127662563407	1.33953642491894e-23	2.31655252041175e-23	IGHV3-20
IGHV3-21	39.4650750890176	-2.74941003790333	0.182780602874112	-15.0421324509853	3.88820331172723e-51	9.22641020490402e-51	IGHV3-21
IGHV3-23	86.286699245837	-2.64078713305612	0.153512506341912	-17.2024234115129	2.54654549014819e-66	7.00494580809253e-66	IGHV3-23
IGHV3-30	40.9205457895166	-2.34611779891463	0.167090086822504	-14.0410352494871	8.7426099384955e-45	1.93717037792784e-44	IGHV3-30
IGHV3-33	28.8828022243394	-2.63220232241309	0.191768076452727	-13.7259671740096	7.09756396763839e-43	1.5396872617674e-42	IGHV3-33
IGHV3-35	0.567806796933746	-1.1383985656376	0.315916733386873	-3.6034766295317	0.000313988991137352	0.000381204277970154	IGHV3-35
IGHV3-43	10.8316478791642	-2.46600241121346	0.212590610762236	-11.5997710452578	4.13182157573773e-31	7.86641144207878e-31	IGHV3-43
IGHV3-48	29.4945163725456	-2.37939646901992	0.187515643342949	-12.6890558387613	6.80005745657838e-37	1.37970958381275e-36	IGHV3-48
IGHV3-49	17.8855513687485	-2.47598748281082	0.223461924440544	-11.0801313870793	1.56642529317299e-28	2.89231938685065e-28	IGHV3-49
IGHV3-53	10.6413440365294	-2.20579246536703	0.223396707216659	-9.8738808322173	5.40327355289455e-23	9.26415155973472e-23	IGHV3-53
IGHV3-64	3.50266285216766	-2.50269905733407	0.310495478853937	-8.06033977232691	7.60826776137539e-16	1.17317481559464e-15	IGHV3-64
IGHV3-66	3.4223506384472	-1.98283234670616	0.248841696180321	-7.96824799518054	1.60939652381643e-15	2.46538565443108e-15	IGHV3-66
IGHV3-7	59.8487026060926	-2.77243739109489	0.175960437491485	-15.7560269263882	6.24368324065459e-56	1.55259762418875e-55	IGHV3-7
IGHV3-72	13.8042876638263	-1.69678089645174	0.176913080253698	-9.59104264093145	8.71993138483749e-22	1.468770327112e-21	IGHV3-72
IGHV3-73	10.2732625299988	-0.711220872998396	0.143934130806358	-4.94129411150743	7.7605738421736e-07	1.00850483491891e-06	IGHV3-73
IGHV3-74	39.8330752506515	-1.78832554568608	0.125098251272955	-14.2953680606141	2.3386607583038e-46	5.28076170474494e-46	IGHV3-74
IGHV4-31	10.4150451538674	-2.40029680996563	0.205334449880627	-11.6896936259895	1.43904786978126e-31	2.75401878629944e-31	IGHV4-31
IGHV4-34	15.4749705815805	-1.61872288176947	0.182654055793625	-8.86223344308548	7.84271609375368e-19	1.26502448390376e-18	IGHV4-34
IGHV4-39	46.4050058443999	-2.53156554778308	0.171990702019938	-14.7192000384393	4.85367913168128e-49	1.12765975799425e-48	IGHV4-39
IGHV4-4	15.8342075297299	-2.37020416848588	0.199329810133	-11.8908665337332	1.32029601962767e-32	2.55968213778327e-32	IGHV4-4
IGHV4-55	3.32724906956515	-2.24388006654389	0.237531807017037	-9.44665093371243	3.49845131064029e-21	5.84352064979454e-21	IGHV4-55
IGHV4-59	33.7484576343854	-2.43324359257815	0.181506224703697	-13.4058410203305	5.58861371453346e-41	1.18604852010513e-40	IGHV4-59
IGHV4-61	6.4813004042555	-2.46344094493816	0.24925373160644	-9.88326605608382	4.92025738917083e-23	8.44323672664101e-23	IGHV4-61
IGHV4OR15-8	0.0680124459169451	0.302684077763083	0.557249183735527	0.543175452916838	0.587009005942642	0.605926321232496	IGHV4OR15-8
IGHV5-51	42.6990597503998	-2.79627187989083	0.183245613669503	-15.2596933912651	1.41913573891715e-52	3.41294087324618e-52	IGHV5-51
IGHV5-78	0.718564846918019	-0.253909786373529	0.187794520019358	-1.35206174465237	0.176355563924705	0.19056224900706	IGHV5-78
IGHV6-1	11.8657265154867	-2.40230523043968	0.240387346828384	-9.99347620469694	1.62771303440053e-23	2.8116747272089e-23	IGHV6-1
IGIP	1007.71632437965	0.559456815626017	0.0273494213253286	20.4558922461697	5.32393044313002e-93	1.85584957216854e-92	IGIP
IGKJ4	5.68773744502938	-3.11670335079243	0.234500483194806	-13.290818459437	2.61699882297028e-40	5.50527004935002e-40	IGKJ4
IGKJ5	3.70413716058475	-2.67944072281234	0.259316200451607	-10.3327162674218	5.01208247829539e-25	8.84447570745959e-25	IGKJ5
IGKV1-12	20.1569482424791	-2.63485204486936	0.207032995602696	-12.7267252120804	4.20092256857655e-37	8.5370069041484e-37	IGKV1-12
IGKV1-13	1.90656042553518	-1.98979734873535	0.274602750615165	-7.24609401864258	4.28962398687116e-13	6.31687838577125e-13	IGKV1-13
IGKV1-16	22.0267447888898	-2.74277349256182	0.214241521156737	-12.8022498988664	1.59268924026795e-37	3.25204163045183e-37	IGKV1-16
IGKV1-17	20.8397032423224	-2.37701575102406	0.208118413289448	-11.4214581663091	3.26705864654474e-30	6.1515239633676e-30	IGKV1-17
IGKV1-27	22.3347547397836	-2.43169218029103	0.207616475518198	-11.7124239500824	1.10086654743386e-31	2.10928139652548e-31	IGKV1-27
IGKV1-33	21.9530791927775	-3.16618100449853	0.204543754388101	-15.4792357946605	4.79130561521124e-54	1.16788479863802e-53	IGKV1-33
IGKV1-39	34.807043172806	-2.92212104309301	0.16720506947294	-17.476270619689	2.1725156603696e-68	6.10958512768524e-68	IGKV1-39
IGKV1-5	136.009264660274	-2.55110337402392	0.151754692805009	-16.8107050060181	2.03733874179335e-63	5.45746051949733e-63	IGKV1-5
IGKV1-6	15.1002454790312	-2.03728838649885	0.213988136443612	-9.52056698262658	1.7223674474378e-21	2.88788528514603e-21	IGKV1-6
IGKV1-8	4.22752178422977	-1.93390182753444	0.276723207123269	-6.98857839802706	2.77685493397836e-12	4.03244318058603e-12	IGKV1-8
IGKV1-9	31.8123744861083	-2.57988804531251	0.199107057915678	-12.9572907777337	2.13661193561118e-38	4.40260433298269e-38	IGKV1-9
IGKV1D-12	1.6050566515542	-2.1418600855331	0.311709416558936	-6.87133583957075	6.36034563592211e-12	9.17261510913586e-12	IGKV1D-12
IGKV1D-13	3.47163004204072	-1.63748449540681	0.280101355854057	-5.84604273126046	5.0340478113069e-09	6.84942514371395e-09	IGKV1D-13
IGKV1D-16	3.64618225302734	-2.71702231614173	0.313759374353447	-8.65957334897356	4.73533261729184e-18	7.54743425215781e-18	IGKV1D-16
IGKV1D-17	1.54583253133519	-1.77048718214398	0.353637073741717	-5.00650897093747	5.54260797008048e-07	7.22465503761178e-07	IGKV1D-17
IGKV1D-27	0.595291795579343	-1.13622433767564	0.379271126260412	-2.99581027661856	0.00273716675942319	0.00321911269021147	IGKV1D-27
IGKV1D-33	2.74376546653005	-2.79727473931624	0.312223296341177	-8.95921211548404	3.27006545749948e-19	5.31267583939063e-19	IGKV1D-33
IGKV1D-39	5.01023905308477	-2.93332500893558	0.240426809699424	-12.2004905052093	3.08957192799585e-34	6.09684107387121e-34	IGKV1D-39
IGKV1D-42	0.431367755240054	-0.93319047661884	0.38408985614119	-2.42961500205776	0.0151148689100202	0.0172619436143429	IGKV1D-42
IGKV1D-8	1.75855901295211	-1.97954461313212	0.261204898314473	-7.57851260028395	3.49538961098847e-14	5.24250194862552e-14	IGKV1D-8
IGKV1OR-2	0.0207895809284439	0.562564936319116	1.01933893191304	0.551891935750285	0.581022393784028	0.599987615334229	IGKV1OR-2
IGKV1OR10-1	0.0935894471911529	0.183174972254137	0.500663483710445	0.365864454296961	0.714466221501574	0.72879846167903	IGKV1OR10-1
IGKV1OR2-108	1.82624799239664	-1.797948956918	0.174115040603663	-10.3262127768196	5.3636643582868e-25	9.46025103992952e-25	IGKV1OR2-108
IGKV2-24	21.3020888896566	-2.16833186645424	0.214890216609141	-10.0904168680614	6.0910293081461e-24	1.05895903588891e-23	IGKV2-24
IGKV2-28	31.235250238348	-3.04472984423979	0.182652152732397	-16.6695535677623	2.18218242147553e-62	5.79287210868324e-62	IGKV2-28
IGKV2-29	2.99535291269683	-2.08012537442034	0.28727591371426	-7.24086244309832	4.45840424018478e-13	6.56381244193721e-13	IGKV2-29
IGKV2-30	31.860488822071	-2.87024455228775	0.200514791391107	-14.3143781681885	1.77948682115013e-46	4.02115770368108e-46	IGKV2-30
IGKV2D-28	1.48833447395728	-2.07179505326814	0.305449552273167	-6.78277325289811	1.17890593277509e-11	1.69122455338575e-11	IGKV2D-28
IGKV2D-29	7.64865881559644	-2.15367461916745	0.288092773690842	-7.47562874131165	7.68355945569703e-14	1.14581852176292e-13	IGKV2D-29
IGKV2D-40	1.46910297644703	-2.16817749886584	0.262451007350008	-8.26126567681384	1.44135872379505e-16	2.24892939126589e-16	IGKV2D-40
IGKV3-11	102.391164292765	-2.81879583347561	0.160037010074053	-17.6133997515406	1.94409558584943e-69	5.51982092127374e-69	IGKV3-11
IGKV3-15	65.0035495704053	-2.50282564551263	0.157044172188737	-15.9370806992107	3.50342371329469e-57	8.81167112798906e-57	IGKV3-15
IGKV3-20	189.117242571613	-2.49642953193387	0.143029582653913	-17.453938448345	3.21295128381011e-68	9.02564545253835e-68	IGKV3-20
IGKV3D-11	3.10084172558398	-2.47563075498049	0.287987745093256	-8.59630590940189	8.23231742292358e-18	1.30805848645112e-17	IGKV3D-11
IGKV3D-15	3.28424507292237	-2.52073340132272	0.276374666275448	-9.12071079195964	7.46332136984012e-20	1.22222751072136e-19	IGKV3D-15
IGKV3D-20	9.94631963611066	-3.03768577848433	0.238160504416226	-12.7547839467767	2.93186505798219e-37	5.96749241392327e-37	IGKV3D-20
IGKV4-1	117.358057489465	-2.38607195047325	0.157264009877447	-15.1723967380246	5.38731167880538e-52	1.28941626818476e-51	IGKV4-1
IGKV5-2	3.09176205741236	-2.96396507249102	0.333454176162984	-8.88867282034673	6.18431384967347e-19	9.99675229956647e-19	IGKV5-2
IGKV6-21	8.9959618141563	-3.39667178020583	0.230492315943545	-14.7365944339671	3.75235531695853e-49	8.72802016546976e-49	IGKV6-21
IGKV6D-21	2.54108779928142	-2.96008362643428	0.35637293057529	-8.30614048506949	9.88651750208957e-17	1.54606204113556e-16	IGKV6D-21
IGLC2	328.263986941013	-2.23262393397704	0.130488210804987	-17.1097750532703	1.2548315081673e-65	3.42869186073461e-65	IGLC2
IGLC3	183.614521990384	-1.88215126508777	0.133538827622085	-14.0944120792663	4.11056876303011e-45	9.14187648916544e-45	IGLC3
IGLC6	1.04400010399473	-1.54452334531018	0.302382810570096	-5.10784109188687	3.25860511965774e-07	4.26790968851564e-07	IGLC6
IGLC7	6.49503848100529	-2.30146498825905	0.275634055771087	-8.34971201878772	6.8429606035384e-17	1.07206382788768e-16	IGLC7
IGLJ1	4.41567917882556	-2.37220851784613	0.227494772504584	-10.4275297921332	1.85651935308831e-25	3.29415523656408e-25	IGLJ1
IGLJ3	5.91008215053504	-2.63352386234974	0.226315406331988	-11.6365204871937	2.68757716740692e-31	5.12924900238465e-31	IGLJ3
IGLL1	1.24428037802292	-0.820174525876028	0.138759956242876	-5.91074361857284	3.40566755602372e-09	4.65139769923998e-09	IGLL1
IGLON5	50.4860273502029	-2.63499267572738	0.106637761786207	-24.7097522640258	8.40173789065714e-135	4.00953562486e-134	IGLON5
IGLV1-36	5.00004017995286	-3.01594164464224	0.31375443562189	-9.61242711569755	7.08586567266322e-22	1.19509667360265e-21	IGLV1-36
IGLV1-40	75.3338798732592	-2.54088023807752	0.1661433177144	-15.2933038356997	8.47399073730638e-53	2.04067300685287e-52	IGLV1-40
IGLV1-41	2.31886498707509	-1.84101026192645	0.262811107184827	-7.00507022571052	2.46861980592038e-12	3.58628239257306e-12	IGLV1-41
IGLV1-44	42.2953046927991	-2.11941476429717	0.174120500971957	-12.1721150149833	4.3759471345731e-34	8.62209110874018e-34	IGLV1-44
IGLV1-47	33.6625205858759	-2.25968888250321	0.185677867932009	-12.1699419950829	4.49401754933353e-34	8.85376052375537e-34	IGLV1-47
IGLV1-50	1.43334385804355	-1.17908263053091	0.165381650193557	-7.12946466038376	1.00760043692751e-12	1.47390016781506e-12	IGLV1-50
IGLV1-51	79.0147868900027	-2.07131481311562	0.118127451978286	-17.5345762430936	7.80291143207994e-69	2.20329739119798e-68	IGLV1-51
IGLV10-54	9.61232902031064	-2.06896069732707	0.286380670446229	-7.22451237404845	5.02903073245051e-13	7.39846209666898e-13	IGLV10-54
IGLV2-11	66.0770331024299	-2.78726485153469	0.181134021003946	-15.3878594208095	1.97457150976209e-53	4.78131043142687e-53	IGLV2-11
IGLV2-14	134.038051774347	-2.48262948257151	0.150183484681617	-16.5306424194017	2.20778013472196e-61	5.80772325078622e-61	IGLV2-14
IGLV2-18	8.17659918694005	-2.74220271017094	0.274802275502147	-9.9788209728617	1.88695572919038e-23	3.25604774550959e-23	IGLV2-18
IGLV2-23	64.402456889793	-2.61564119051305	0.178085920070303	-14.6875238058151	7.74942760492388e-49	1.79718431224214e-48	IGLV2-23
IGLV2-8	49.9287608877554	-2.7085040735972	0.179264108633912	-15.1090148175083	1.41235548251344e-51	3.36694623768037e-51	IGLV2-8
IGLV3-1	58.9644266409793	-2.48964437912444	0.171776858993774	-14.4934794692845	1.3321983126764e-47	3.04906571220443e-47	IGLV3-1
IGLV3-10	16.1990291077476	-2.27944471446344	0.219750999296369	-10.3728525547647	3.29537998128299e-25	5.82712524981092e-25	IGLV3-10
IGLV3-12	0.687992780124831	-0.612943171865392	0.25888814435858	-2.36759845988319	0.0179039554359192	0.0203786975530814	IGLV3-12
IGLV3-16	1.11977929523204	-1.63107771740765	0.340321161635447	-4.79276019619041	1.64502211833446e-06	2.1213584893e-06	IGLV3-16
IGLV3-19	47.1266954978649	-2.57105616936369	0.186932399124437	-13.7539355478564	4.82327418384353e-43	1.04846949140644e-42	IGLV3-19
IGLV3-21	68.8537075798798	-2.457574465537	0.163629617356626	-15.0191298203722	5.50253205240243e-51	1.30347518719958e-50	IGLV3-21
IGLV3-25	37.5094447987667	-2.59027760615693	0.187305040930718	-13.8291932416012	1.69915450910191e-43	3.70970046311018e-43	IGLV3-25
IGLV3-27	5.26196869329145	-2.18327798673909	0.309285372877005	-7.0591052089855	1.67578162387123e-12	2.44138434860036e-12	IGLV3-27
IGLV3-9	7.55113986770007	-2.18393459457842	0.244161232713424	-8.94464108944655	3.73160396078453e-19	6.05267641900182e-19	IGLV3-9
IGLV4-60	4.15453780207037	-1.99381015799811	0.347700465090369	-5.73427521150975	9.79302078643725e-09	1.32305739400073e-08	IGLV4-60
IGLV4-69	18.7820251813313	-2.29174175502416	0.216467397473423	-10.5870065505154	3.42365500347335e-26	6.1273825529453e-26	IGLV4-69
IGLV5-37	2.15736144852416	-1.67388040067124	0.405734891481175	-4.12555201885787	3.69846571657942e-05	4.61244848026507e-05	IGLV5-37
IGLV5-45	7.9938947691	-2.35253903271025	0.293968958120495	-8.00267840438432	1.21741599061339e-15	1.86985539650441e-15	IGLV5-45
IGLV5-52	89.1660783075608	-0.344683246618404	0.0292398006284959	-11.7881531067106	4.49285582943465e-32	8.65908969867806e-32	IGLV5-52
IGLV6-57	25.3550456379434	-2.64150490798114	0.204078105556755	-12.9435977503551	2.55383779765285e-38	5.25870901344646e-38	IGLV6-57
IGLV7-43	11.8269611023132	-2.36318888270718	0.254487675694448	-9.28606415323841	1.60099232848783e-20	2.64909117612919e-20	IGLV7-43
IGLV7-46	17.4890894257974	-2.36810726024827	0.221452450195265	-10.6935247641658	1.09142608504576e-26	1.96565892515345e-26	IGLV7-46
IGLV8-61	18.1360393419679	-2.10265250081049	0.237658118540252	-8.84738343350284	8.95951397228976e-19	1.44386939136247e-18	IGLV8-61
IGLV9-49	3.46558731633785	-1.37005411709806	0.264134284797961	-5.18696055737719	2.13753980072355e-07	2.81003826428282e-07	IGLV9-49
IGSF1	144.466268310612	2.02708824629429	0.0808084098372996	25.0851149079118	7.2296025856236e-139	3.55476853711583e-138	IGSF1
IGSF10	613.479025394988	-0.0790953552647879	0.0926581193985	-0.853625734886956	0.393312394683782	0.413745699900816	IGSF10
IGSF11	206.193731188489	-0.858468549674327	0.0763276996874505	-11.2471429532086	2.39215615037657e-29	4.45722004584708e-29	IGSF11
IGSF21	87.0900052794807	-0.869892951915417	0.0796776706445712	-10.9176503891017	9.49195825108364e-28	1.73255668705898e-27	IGSF21
IGSF22	83.5625379206386	-0.0947448133985126	0.0702768240888798	-1.34816583741303	0.177605049740896	0.191877835817181	IGSF22
IGSF23	5.00482600106892	3.09736507168345	0.11607469271571	26.6842409763645	7.17237856612266e-157	4.01336607301131e-156	IGSF23
IGSF3	1985.63113027561	-0.0183799119270324	0.0925138575652307	-0.19867198721092	0.842519338155993	0.852080384794082	IGSF3
IGSF5	42.8528541453456	4.28501095445331	0.11693204236162	36.6453101127033	5.43478855744334e-294	6.8175351095845e-293	IGSF5
IGSF6	62.0613925548543	0.184634453530037	0.0620831987037249	2.97398422415627	0.00293960187962874	0.00345290528125265	IGSF6
IGSF8	2480.55357649505	-0.14850317939216	0.0472680419718062	-3.14172479327019	0.0016795582377318	0.00199076366875684	IGSF8
IGSF9	1024.30227823607	-5.75001002530001	0.136396149055952	-42.1566889175241	0	0	IGSF9
IGSF9B	1918.84685747585	2.25395434155312	0.0479485384301867	47.0077799104323	0	0	IGSF9B
IK	5832.36349115957	-0.388514911141289	0.0234106445274366	-16.5956520627171	7.49256720351647e-62	1.98052426182819e-61	IK
IKBIP	331.315462384307	0.711475749685262	0.0545173670554192	13.0504422372786	6.31795918227185e-39	1.30904216436551e-38	IKBIP
IKBKB	4111.12591874682	-0.941390515719909	0.0208647324719838	-45.1187436495514	0	0	IKBKB
IKBKE	323.83382998812	-1.79295569328511	0.0855058193369291	-20.9688148384393	1.26372908620941e-97	4.58451980670204e-97	IKBKE
IKBKG	318.953330384613	-0.255464242233316	0.019119810981918	-13.361232622797	1.01863262586852e-40	2.15418302376166e-40	IKBKG
IKBKGP1	3.0634301577363	-0.17096213555925	0.064722621113299	-2.64145877621327	0.00825498524381961	0.0095359038294293	IKBKGP1
IKZF1	212.456291935197	-0.695633624460944	0.0563206436726891	-12.3513081367404	4.79257410262276e-35	9.53272115152622e-35	IKZF1
IKZF2	761.09749350469	-1.43385815661442	0.0474644257683355	-30.2091120540001	1.79816248538212e-200	1.35547415826481e-199	IKZF2
IKZF3	73.4878494068839	-0.360129749006753	0.0656747525055782	-5.48353416293673	4.16911720333064e-08	5.56284032148506e-08	IKZF3
IKZF4	960.85381959645	-0.288490137087508	0.0359792851659694	-8.01822870456508	1.07280920081435e-15	1.64915785003067e-15	IKZF4
IKZF5	1474.76962271008	-0.50120190075782	0.0186256026953846	-26.9092983972012	1.70953286899386e-159	9.72300195095056e-159	IKZF5
IL10	17.8394398439915	0.36737483695458	0.0972304348592627	3.77839343705847	0.000157843368817441	0.000193406744406967	IL10
IL10RA	571.180069601897	0.189391039861901	0.0553404603305038	3.42228884130746	0.000620963092929438	0.000746989884778322	IL10RA
IL10RB	32.9183922462367	-0.843160521347032	0.0361505337056645	-23.323598157969	2.55488892482953e-120	1.10634004175743e-119	IL10RB
IL11	26.7704160878983	-0.797033004206073	0.114169637286984	-6.98112933653804	2.92816581332814e-12	4.25011391757135e-12	IL11
IL11RA	2211.56212291801	0.7972906819108	0.0354147322004144	22.5129665642783	3.09829658082183e-112	1.2658292499177e-111	IL11RA
IL12A	19.8872257314491	1.81333121950393	0.0708145888957677	25.6067464032444	1.28319903574808e-144	6.57525358454346e-144	IL12A
IL12B	0.998190767309044	-0.702469601134323	0.17346201700306	-4.04970271458293	5.12827384234397e-05	6.37263961314606e-05	IL12B
IL12RB1	29.3131170544745	0.389520583072763	0.0601448693943976	6.47637258164944	9.39538847883841e-11	1.32419658634176e-10	IL12RB1
IL12RB2	271.076140248988	-3.08122871149452	0.0736308930399918	-41.8469555954046	0	0	IL12RB2
IL13RA1	3660.20006063818	-0.778034048138251	0.0308163779789796	-25.2474203382683	1.20890878691728e-140	6.01646864066848e-140	IL13RA1
IL13RA2	10.820393443055	-0.712698281619168	0.0948366417813817	-7.51500968646789	5.69067206346477e-14	8.50953545559307e-14	IL13RA2
IL15	405.096278879048	0.0257423013993055	0.0434179424087967	0.592895470654315	0.553251109410799	0.573184070244822	IL15
IL15RA	904.827089823512	0.509936393643309	0.040220362330937	12.6785628992475	7.77441953905664e-37	1.57598340228106e-36	IL15RA
IL16	1131.08499055474	-1.18391310382024	0.0570850977830904	-20.7394425129798	1.52684839240422e-95	5.41785884322263e-95	IL16
IL17A	0.106969422580022	0.34891964386928	0.590255620332055	0.591133115637242	0.554431232910965	0.57430755113536	IL17A
IL17D	1382.01105618156	-3.62697638021282	0.100884874609226	-35.9516368956377	4.7719041569259e-283	5.68491374777122e-282	IL17D
IL17RA	1629.17079350492	-0.137874963763227	0.0500760842760727	-2.7533096039042	0.00589960748708413	0.00684977001902744	IL17RA
IL17RB	286.348992806482	-0.996252674628621	0.074358852408728	-13.3979027695657	6.21959372575958e-41	1.31902576175069e-40	IL17RB
IL17RC	3248.85645560647	-0.388715102358285	0.0331553009672262	-11.7240709937312	9.59478618580287e-32	1.84014219188832e-31	IL17RC
IL17RD	554.35842260617	0.209527593572465	0.0713723258032612	2.93569799238476	0.00332798154984802	0.00390095694984791	IL17RD
IL17RE	1490.9210758557	-4.08894862189787	0.0958568610540431	-42.6568174352441	0	0	IL17RE
IL17REL	3.25600373969543	-1.74766284457915	0.130499827239154	-13.3920701778125	6.72789813544322e-41	1.42598486207599e-40	IL17REL
IL18	1445.57654310775	-4.60359854484961	0.0975013537416577	-47.215739763444	0	0	IL18
IL18BP	636.502252121718	0.338614254029292	0.0356398463123755	9.50100208237185	2.07880101080675e-21	3.48162420873952e-21	IL18BP
IL18R1	445.800368703145	0.621268905782972	0.0646676484672573	9.60710526063948	7.46172213865951e-22	1.25825255473546e-21	IL18R1
IL18RAP	81.0619992234947	1.03659986610425	0.0652299577583172	15.8914692225457	7.2605686441137e-57	1.81979248346826e-56	IL18RAP
IL1A	15.9330626455938	-4.34937507948502	0.187905367904854	-23.1466249633024	1.57211082271997e-118	6.72678082238703e-118	IL1A
IL1B	27.9103266502492	1.23381131105085	0.10486350567399	11.7658789215635	5.85137669277425e-32	1.12496669706963e-31	IL1B
IL1R1	6187.12938930937	-0.586666162877409	0.0525525345290311	-11.163422813667	6.15743286553416e-29	1.14162065107097e-28	IL1R1
IL1R2	393.870103037385	-1.35600142192987	0.0956288787019083	-14.1798318702111	1.2213882915407e-45	2.73392323253221e-45	IL1R2
IL1RAP	657.879737184009	-0.576257425224382	0.0670898108172732	-8.58934342196739	8.74677153813746e-18	1.38943376683738e-17	IL1RAP
IL1RAPL1	12.2385877946182	2.94896330711748	0.0829298353654281	35.5597390748812	5.87528473754316e-277	6.76653874347501e-276	IL1RAPL1
IL1RAPL2	4.30769013989501	-0.354820588077532	0.149444292229673	-2.37426657641917	0.0175838503207206	0.0200244758412913	IL1RAPL2
IL1RL1	1151.51878345538	1.8308122311191	0.0983341562619767	18.6182736570348	2.28461141288704e-77	6.95271175712249e-77	IL1RL1
IL1RL2	260.288804485112	-2.97206337991662	0.095259678968532	-31.1995947508747	1.07901366800547e-213	8.7928135073637e-213	IL1RL2
IL1RN	2272.44437237013	-5.09559803408084	0.131787514940603	-38.6652562374929	0	0	IL1RN
IL20RA	1184.68628654866	-2.31897455025147	0.102269124903988	-22.6752165174833	7.86937870376084e-114	3.25124365495522e-113	IL20RA
IL20RB	3422.87219916258	-5.98610473527876	0.126739454135945	-47.2315805373272	0	0	IL20RB
IL21R	16.2868026813822	0.0562190886168787	0.0713184613781617	0.788282410059024	0.430531534191758	0.451053320159809	IL21R
IL22RA1	1277.17808062804	-5.87767596242055	0.132442780183756	-44.3789835449365	0	0	IL22RA1
IL23A	16.1545528654634	-0.289101195897976	0.0596229178143459	-4.84882670113832	1.24193858486213e-06	1.6065059259919e-06	IL23A
IL23R	0.723297982448324	0.111888290652309	0.196762318039579	0.568646943007668	0.569595760838068	0.589168148643686	IL23R
IL24	13.7615897281336	-0.828556523433968	0.131660607707767	-6.29312394845563	3.1113969442873e-10	4.3427352402974e-10	IL24
IL26	0.294149379408309	0.0308449871638525	0.27006866016203	0.114211649531444	0.9090700173485	0.914557054842137	IL26
IL27RA	421.46442432923	1.37293062124059	0.0497672095885638	27.5870524506176	1.59126847143954e-167	9.58327994459123e-167	IL27RA
IL2RA	31.5450511895947	0.881048910308776	0.0872685574702639	10.0958344660273	5.76387435983566e-24	1.00217813533663e-23	IL2RA
IL2RB	251.07839028777	-0.929922218626753	0.0822367648685604	-11.3078647988288	1.19973589133728e-29	2.24169044840797e-29	IL2RB
IL2RG	189.877246475111	-0.254825524561327	0.055444801712509	-4.59602192974991	4.30633396192914e-06	5.49853295848252e-06	IL2RG
IL31RA	109.687936679082	-2.2128987102688	0.109772653862975	-20.1589251274827	2.24710554707437e-90	7.65811188051603e-90	IL31RA
IL32	1854.05232743832	1.2515557177041	0.0811797811268418	15.4170866234361	1.25646009905201e-53	3.05229935803444e-53	IL32
IL33	1099.65605705931	0.802315838716204	0.0681234905607916	11.7773741790321	5.10589715264084e-32	9.82482679259088e-32	IL33
IL34	1515.05179421851	-2.54382296248084	0.084454897102748	-30.1204909335929	2.61261122981105e-199	1.95712088005946e-198	IL34
IL36B	97.2758540235575	-9.44178736838434	0.275915591088944	-34.2198399558389	1.22582171073621e-256	1.26235792991777e-255	IL36B
IL36G	329.622303791597	-9.28059579077384	0.261895060293589	-35.4363147604621	4.71323927429218e-275	5.36641493842716e-274	IL36G
IL36RN	1788.14330736949	-9.73308164939834	0.216194719689908	-45.0199785793042	0	0	IL36RN
IL37	611.783196079846	-9.76091700760371	0.247613423608216	-39.4199832358355	0	0	IL37
IL3RA	712.157630173352	0.294717420083232	0.0487833479726523	6.04135288640806	1.52827314394289e-09	2.10356666647163e-09	IL3RA
IL4I1	32.0676580828974	-0.362475722553087	0.0783221466781092	-4.62801056823431	3.6919518101952e-06	4.72377742094845e-06	IL4I1
IL4R	2606.727436868	0.247913640443114	0.0555903009525712	4.45965638240796	8.20911579168155e-06	1.04079654434469e-05	IL4R
IL5	1.30782003770534	0.0295442369971452	0.118748471920337	0.248796776239489	0.803517984904195	0.814788601073706	IL5
IL5RA	8.05292783232631	-0.328675863221092	0.0916646841206808	-3.58563242075187	0.000336262320644981	0.0004078055671987	IL5RA
IL6	358.297662576268	0.671593195330079	0.114028048712839	5.88971926566398	3.86852218868826e-09	5.27674986122431e-09	IL6
IL6R	7143.15481062295	-2.67508670182389	0.0867101000771395	-30.8509239343983	5.4440575879084e-209	4.31521270981678e-208	IL6R
IL6ST	10212.3609259975	-0.288199182564556	0.0384861991452593	-7.48837736552784	6.97302974752756e-14	1.04089483775805e-13	IL6ST
IL6STP1	0.656632087107734	0.969660541217909	0.147460826018727	6.57571619119216	4.84195340877771e-11	6.86894186392999e-11	IL6STP1
IL7	67.7724114465674	-2.0256018563847	0.0877413874565275	-23.0860477034091	6.3939633979182e-118	2.72163005736405e-117	IL7
IL7R	220.506619112145	-1.24805125653778	0.0759666317079405	-16.4289402923117	1.187154181411e-60	3.09440521569353e-60	IL7R
IL9R	3.65981453505882	-1.69340091105578	0.110653247511963	-15.3036711450579	7.22628742673058e-53	1.74160396262655e-52	IL9R
IL9RP3	7.96667803847037	-1.81360929569905	0.0767820587619374	-23.6202222881538	2.38890945409807e-123	1.0563193093397e-122	IL9RP3
ILDR1	51.7996506715848	-3.09024984000976	0.138719618090364	-22.2769488739274	6.18289024154623e-110	2.47634026931619e-109	ILDR1
ILDR2	94.9253805390121	4.01281930457146	0.068361246780871	58.7002065283328	0	0	ILDR2
ILF2	5477.99721532163	-0.310181412509374	0.01843171174681	-16.8286818267466	1.5041356801362e-63	4.0351633946545e-63	ILF2
ILF2P1	2.98213109240814	-1.37095381256279	0.126475733908075	-10.8396588831754	2.23302109669966e-27	4.0569855431662e-27	ILF2P1
ILF3	14325.8122273795	-0.405858642232037	0.0165011009282245	-24.5958523614525	1.39909452568955e-133	6.62765804129937e-133	ILF3
ILK	56.5782152303423	0.731814509421151	0.0391599211653549	18.6878442970052	6.21749571889346e-78	1.90115747300495e-77	ILK
ILKAP	1773.38460315437	-0.315351092047196	0.0213861608879563	-14.7455681129186	3.28543387768211e-49	7.64887418936312e-49	ILKAP
ILVBL	3081.5592246552	1.2224531242435	0.0360667596005153	33.8941767373534	8.11676708438722e-252	8.13529645245292e-251	ILVBL
IMMP1L	189.518847490258	-0.0171792663609843	0.0270289436370848	-0.635587782920738	0.525045134469564	0.545531744045403	IMMP1L
IMMP2L	551.252800082928	-0.516609671432409	0.0318429439977719	-16.2236780452384	3.43023523538775e-59	8.80223299675194e-59	IMMP2L
IMMT	8994.74322262124	0.734440009177346	0.0548091892826421	13.3999429436907	6.05096545294495e-41	1.28371749108382e-40	IMMT
IMMTP1	1.28429887082182	0.825788237856768	0.138058312429233	5.98144525546088	2.21166391812182e-09	3.03215248972665e-09	IMMTP1
IMP3	1236.92657507409	-0.191714249032207	0.0220890079972	-8.67916970542581	3.9866846171024e-18	6.36152023689923e-18	IMP3
IMP4	3095.1801984506	-0.0835492077509919	0.0289796301750802	-2.88303222802465	0.00393867141933006	0.00460449566303159	IMP4
IMPA1	863.00984337732	1.10573165350337	0.0320553862552121	34.4944105399317	9.72891811293974e-261	1.02595345606929e-259	IMPA1
IMPA2	7562.26250995543	-2.19824638033432	0.0636988034127534	-34.510010589841	5.67695559614166e-261	5.99359986429009e-260	IMPA2
IMPACT	1136.37712567178	-0.23212372314953	0.0224406641539071	-10.34388828947	4.46063192828275e-25	7.87909286046686e-25	IMPACT
IMPDH1	2229.88791596924	0.198329327548431	0.0606366068374316	3.27078538679048	0.00107249267422077	0.00128116932966011	IMPDH1
IMPDH1P11	0.17788520440097	0.430766529493125	0.288654862732234	1.49232382720231	0.135614273263788	0.147557575738724	IMPDH1P11
IMPDH2	9380.30601155899	-1.42950712516321	0.030506164349385	-46.8596152827069	0	0	IMPDH2
IMPG1	30.4826598522792	-0.696510124056904	0.0609581607610679	-11.4260357491255	3.09938017019077e-30	5.83780919154588e-30	IMPG1
IMPG2	34.1483995531689	0.0376173655466696	0.0436276872507809	0.862236068816511	0.388557625193885	0.409005578070825	IMPG2
INA	33.07945541797	-2.3638312719945	0.128280936178414	-18.4269880031658	7.98042992346327e-76	2.3962588665932e-75	INA
INCA1	174.708291611115	0.0193616863936104	0.0439770624577957	0.440267842177762	0.659743128762873	0.676311848568365	INCA1
INCENP	614.841257886764	-1.23178585634796	0.0313908970596223	-39.2402247698867	0	0	INCENP
INE1	127.950573080841	-0.608937735388005	0.0361942668746782	-16.8241489044781	1.62378328920828e-63	4.35419678072966e-63	INE1
INF2	6558.29812327194	0.0606270918213842	0.0374601632497001	1.61844174082369	0.105567432629424	0.115577141148416	INF2
ING1	696.054269874833	-0.136247267777602	0.0204484082583019	-6.66297670002194	2.68336217117009e-11	3.82387606422046e-11	ING1
ING2	543.867269189843	-1.29374106645073	0.0453870537945925	-28.5046276038492	1.02650964434799e-178	6.70715067437681e-178	ING2
ING3	587.073020814598	0.220264594653031	0.022591631232654	9.74983135943985	1.8477496048417e-22	3.14023231087193e-22	ING3
ING4	1444.05081147856	-0.090011230902419	0.0246317444568155	-3.65427755473134	0.000257907153338198	0.00031387916078973	ING4
ING5	2406.92724170587	-0.215947361367088	0.0170767602051134	-12.6456868149045	1.18187218656063e-36	2.39097339068082e-36	ING5
INHA	93.920529266238	1.22039903924253	0.0555787495199211	21.9580154246742	7.26012672266257e-107	2.83061600898092e-106	INHA
INHBA	286.09143120331	0.750562152772083	0.0783175908713299	9.58357049063475	9.37468002844915e-22	1.57816903761445e-21	INHBA
INHBB	2135.84712702856	-1.76802995273148	0.0687401037808175	-25.7205016502297	6.89457800830947e-146	3.56533463739095e-145	INHBB
INHBE	39.4583991389143	-3.08522387261776	0.13708405562437	-22.5060737995067	3.61940742150451e-112	1.47705629096583e-111	INHBE
INIP	738.174279475413	-0.117696673533362	0.0193943896831485	-6.06859382822586	1.29035022514212e-09	1.7793468977159e-09	INIP
INMT	1035.11140604254	2.65909250355988	0.054219512627366	49.0430912176398	0	0	INMT
INO80	2738.66210575124	-0.804925810207803	0.0203693809617093	-39.5164591266135	0	0	INO80
INO80B	1381.33237278014	-0.612845474098377	0.0214260666913935	-28.6027987742869	6.20126529585455e-180	4.09197128264948e-179	INO80B
INO80C	768.256821735724	-0.00243160107066673	0.0235966987675939	-0.103048358357912	0.917924590791851	0.922691565716111	INO80C
INO80D	2343.54344999467	-0.641056919650574	0.0200961317083263	-31.8995182234483	2.71144502496064e-223	2.33088452217366e-222	INO80D
INO80E	1421.65463634165	0.0819402171652357	0.0187205448682442	4.37702095435436	1.20312411666436e-05	1.5191805011276e-05	INO80E
INPP1	1357.32342794444	-0.00488634473644181	0.028487300170434	-0.171527126375885	0.863809302741098	0.872142647296119	INPP1
INPP4A	1602.28146863035	0.552909442803674	0.0194174900736113	28.4748152674525	2.40260453957187e-178	1.5653016401315e-177	INPP4A
INPP4B	1620.52424065548	0.0689095010647636	0.0487493505907861	1.41354705713327	0.157494935434242	0.170663757088357	INPP4B
INPP5A	3208.90311266783	0.513320266309288	0.0386942914452469	13.2660464150286	3.64299844711368e-40	7.6546766717046e-40	INPP5A
INPP5B	1352.13268644101	-0.0569543701152468	0.018615814847746	-3.05946156969555	0.00221735233839728	0.00261631878890204	INPP5B
INPP5D	1162.59485642115	0.134618302041255	0.0440849147583892	3.05361375379858	0.00226102982614834	0.00266677233861017	INPP5D
INPP5E	1526.09055720981	0.428530766534372	0.0203110749689725	21.0983794402316	8.23089799337023e-99	3.01514844889413e-98	INPP5E
INPP5F	1139.97241926227	-0.703272758536827	0.023084609515443	-30.4650056162464	7.58089136602316e-204	5.83676755687694e-203	INPP5F
INPP5J	745.04145567844	1.67780816949504	0.0712603103056667	23.5447777633606	1.41993366426204e-122	6.24333802891575e-122	INPP5J
INPP5K	3572.15499937247	-0.217496871002547	0.0247669967315264	-8.78172163384229	1.60991130559895e-18	2.58588501937064e-18	INPP5K
INPPL1	8936.97440886675	0.202042804066947	0.0344189384026752	5.87010562915106	4.35517571837052e-09	5.93381154302057e-09	INPPL1
INSC	21.730100145766	1.66230167438536	0.0792362182484479	20.9790637555815	1.01879476214168e-97	3.70042867500251e-97	INSC
INSIG1	2151.99203384501	-1.08881762121801	0.055483765156624	-19.6240759462593	9.63123094746937e-86	3.15795607077224e-85	INSIG1
INSIG2	1046.29626874741	-0.16837074427993	0.0208520795714213	-8.07453010637317	6.77369867363874e-16	1.04556122298209e-15	INSIG2
INSL3	6.51184751379619	-0.646196170496696	0.098763608398009	-6.54285703993904	6.03545202999352e-11	8.54053706406048e-11	INSL3
INSL6	22.9513248617148	-1.21072469472685	0.0662601335692229	-18.2722948100005	1.37543182240471e-74	4.08432006517769e-74	INSL6
INSR	5924.47181853554	0.660847596656268	0.0344278017356835	19.1951726029408	4.06131153223773e-82	1.29165492741716e-81	INSR
INSRR	26.8815185812954	1.48774007327736	0.0960653989264878	15.4867422599872	4.26353900532723e-54	1.03952276357707e-53	INSRR
INTS1	8702.27220889049	-0.529917465375411	0.0320037509367607	-16.5579799199952	1.40223432135045e-61	3.69732239909614e-61	INTS1
INTS10	2314.08753580817	-0.396887347874534	0.0195975280551579	-20.2519086467171	3.41739184701024e-91	1.17218884599907e-90	INTS10
INTS12	732.477483123624	-0.00870018746349356	0.0245238173760512	-0.354764812104243	0.722765791747458	0.736763520994733	INTS12
INTS2	717.211545227988	-0.0992645077312829	0.0210323915030935	-4.71960155917993	2.36307044790673e-06	3.03601678201193e-06	INTS2
INTS3	5229.30245653604	0.305727355961849	0.0248482068214206	12.3037995521791	8.64116164285164e-35	1.71423353243302e-34	INTS3
INTS4	1022.96356658339	-0.166604943540098	0.0141241920902056	-11.795714931945	4.10697864376097e-32	7.9221734425998e-32	INTS4
INTS5	1324.0616856247	-0.578304570347767	0.0239563622243998	-24.1399159409419	9.52899588338196e-129	4.37580242083568e-128	INTS5
INTS6	1610.75228911393	-0.207445741760253	0.0237930387574427	-8.71875777932575	2.81270559379126e-18	4.50057896834102e-18	INTS6
INTS6P1	1.27720901452873	0.0981336969686747	0.116465670599209	0.842597620945149	0.399453522083674	0.419960451526003	INTS6P1
INTS7	719.339694786143	-0.19616248233613	0.0286543638019722	-6.84581530728765	7.60415334305378e-12	1.0951465263486e-11	INTS7
INTS8	1482.41288002382	-0.045222052121406	0.0179323798809427	-2.52180984462999	0.0116752802705034	0.0133940934388715	INTS8
INTS9	883.068261913003	0.162511182186487	0.0164282218085302	9.89219552064392	4.50047619201161e-23	7.72877999736702e-23	INTS9
INTU	970.250921257983	0.385791197945799	0.0392263154316866	9.83500983205171	7.95598362216675e-23	1.36020192974284e-22	INTU
INVS	631.994735994015	0.00419478290062639	0.021342257593055	0.196548227493582	0.844181088646391	0.85366573657231	INVS
IP6K1	2694.96033492376	-0.155856230687321	0.0264737790139745	-5.88719240290744	3.92811326895598e-09	5.35762744010279e-09	IP6K1
IP6K2	4569.64454152246	-0.428425501038058	0.0454459584861196	-9.42714193538047	4.21415071114907e-21	7.03309168842893e-21	IP6K2
IP6K3	9046.7988500187	-1.95326324754834	0.147558684416952	-13.2371961383789	5.35094418062535e-40	1.12237644133578e-39	IP6K3
IPCEF1	77.2791159134333	-0.598596666347406	0.0630238462320721	-9.49793930607155	2.14084728950745e-21	3.58420685067184e-21	IPCEF1
IPMK	585.947577473999	-0.85107060640559	0.03444989360015	-24.7045931776661	9.54591338050782e-135	4.55435957494093e-134	IPMK
IPO11	1235.8199467432	0.20071117108842	0.0224796187712961	8.92858429364045	4.31495050408441e-19	6.9913072928914e-19	IPO11
IPO13	7007.53562593021	-0.512854051325286	0.0715608416440938	-7.16668557192151	7.68352256760572e-13	1.12640353236803e-12	IPO13
IPO4	2532.1376290387	-1.07104812670097	0.0367681561760718	-29.1297752754322	1.5071135298253e-186	1.03587440436752e-185	IPO4
IPO5	11546.1178438771	-0.578190841167246	0.0482554492185495	-11.9818766694848	4.42198671295784e-33	8.61194231526064e-33	IPO5
IPO7	11483.9106195719	-0.566553281013194	0.0587832848239168	-9.63799969175394	5.52541412098104e-22	9.34012391696682e-22	IPO7
IPO7P1	1.90626908012109	-0.295873833378601	0.143201796662652	-2.06613213153748	0.0388160050179923	0.0434883242876006	IPO7P1
IPO7P2	4.77862423918869	-0.451780209555953	0.103219422352337	-4.37689147313587	1.20383876966859e-05	1.51997627080061e-05	IPO7P2
IPO8	2569.30550334845	-0.313749086423659	0.0164685772368626	-19.051377779094	6.39955001329857e-81	2.01219737623384e-80	IPO8
IPO8P1	3.61162402334779	-0.504824488566769	0.112501988213045	-4.4872494840783	7.21485705586643e-06	9.16093968136077e-06	IPO8P1
IPO9	3449.90059848172	-0.0661799324482516	0.010275888267217	-6.44031257710193	1.19227701807508e-10	1.67778131663302e-10	IPO9
IPP	562.515427246184	-0.480231928666817	0.0396737955435883	-12.1045118594515	9.99622514138523e-34	1.96143502038452e-33	IPP
IPPK	508.382875859883	-1.23964242188944	0.0589968476203319	-21.0120111818013	5.09313867345914e-98	1.85327651629145e-97	IPPK
IQCA1	47.3671995414827	-0.507420664662563	0.0888167282101149	-5.7131204322473	1.10923119164777e-08	1.49634822248587e-08	IQCA1
IQCB1	1064.75908569757	-0.593027594715385	0.0188308542884048	-31.4923362282371	1.10605903314262e-217	9.21767067388899e-217	IQCB1
IQCC	164.466823433965	-0.678191402395644	0.0382051644444715	-17.7513017482583	1.6840484924326e-70	4.82792752226138e-70	IQCC
IQCD	46.4042556165903	0.485409415089709	0.0471607120871423	10.2926650936225	7.60419996785671e-25	1.33727240739926e-24	IQCD
IQCE	1020.30165723487	0.0860613643988149	0.0200373458274103	4.29504811366215	1.74655453714491e-05	2.196278604481e-05	IQCE
IQCG	244.448705650121	0.773863427017592	0.0394564462729432	19.6131050846376	1.1950823908514e-85	3.91139602140292e-85	IQCG
IQCH	42.0294390882339	-0.183332442531097	0.0445638214558397	-4.11393001187677	3.88979413867744e-05	4.84971493907276e-05	IQCH
IQCJ-SCHIP1	118.872671608586	1.35415429007551	0.0534430143812601	25.3382842594737	1.20987148687326e-141	6.07161879989006e-141	IQCJ-SCHIP1
IQCK	242.854687907206	0.119657398621852	0.027297718155914	4.38342127859975	1.16829877637469e-05	1.47596644663137e-05	IQCK
IQGAP1	10089.9979944583	-1.08555974878191	0.0297468609459082	-36.4932538850368	1.41878979087128e-291	1.75530137632123e-290	IQGAP1
IQGAP2	542.800436475208	-0.580304244169648	0.0785381350582705	-7.38882128712501	1.48136110051438e-13	2.1979872379129e-13	IQGAP2
IQGAP3	159.456053887601	-0.584319023464816	0.0913308557431831	-6.39782709479791	1.57603605888155e-10	2.21331136651012e-10	IQGAP3
IQSEC1	5157.88988859504	0.912650244134461	0.0262515478273595	34.7655784008016	8.0613745420635e-265	8.7259653115866e-264	IQSEC1
IQSEC2	2023.94959075749	-1.29526467918609	0.0513875674280341	-25.2057986788351	3.46023407893703e-140	1.71591387479189e-139	IQSEC2
IQSEC3	175.879435362537	1.18956509342464	0.0787364838108704	15.1081815677983	1.43032655500838e-51	3.40933637668245e-51	IQSEC3
IQUB	21.5916490100959	-0.888003228226176	0.0616809770647021	-14.3967114414332	5.42647725405387e-47	1.23413792861938e-46	IQUB
IRAK1	5933.10274739553	-1.03140630438596	0.0391029884539695	-26.3766618656293	2.53874655144359e-153	1.37858149841738e-152	IRAK1
IRAK1BP1	179.885311103415	0.484996980344389	0.0371313826365291	13.0616461307654	5.45356411081881e-39	1.13059550338419e-38	IRAK1BP1
IRAK2	1027.81793521615	-2.44731714080835	0.0577141964492931	-42.4040754506308	0	0	IRAK2
IRAK3	1509.39072573802	0.367338828198534	0.0586767213983431	6.26038434739311	3.84029790883342e-10	5.34972934970673e-10	IRAK3
IRAK4	1021.28058189942	-0.538628123423304	0.0387214855706859	-13.9103165977462	5.48361818766581e-44	1.20452240385811e-43	IRAK4
IREB2	3075.9568072483	-0.770833850303462	0.0223693037325713	-34.4594476215669	3.25093959296543e-260	3.41823385589782e-259	IREB2
IRF1	999.270831464414	0.729103786274699	0.0516712793546938	14.1104264376699	3.27591026919151e-45	7.29100652271469e-45	IRF1
IRF2	1716.61777784897	-0.205849539516865	0.0211723925147572	-9.72254502524395	2.41664373452374e-22	4.10086763434784e-22	IRF2
IRF2BP1	1506.50692994169	-0.0331985722138739	0.0249861142220058	-1.32868087926354	0.183953275804818	0.198569376215071	IRF2BP1
IRF2BP2	6602.2869000545	-0.398331730961439	0.0321252053626141	-12.3993520497459	2.63445217512964e-35	5.25401879066127e-35	IRF2BP2
IRF2BPL	3110.7597788521	-0.237875255898879	0.0343923521488506	-6.91651605767908	4.62885971870843e-12	6.69323670949237e-12	IRF2BPL
IRF3	2553.3585773078	0.00833257923240033	0.037458123312322	0.222450525962664	0.823963182926446	0.83458030924257	IRF3
IRF4	315.328969355908	-3.57544364082504	0.0811463061328394	-44.061693146844	0	0	IRF4
IRF5	396.260086714673	-1.05515496015997	0.0673820739646717	-15.6592829231286	2.87116166359234e-55	7.07900028849824e-55	IRF5
IRF6	5606.98424572901	-1.3899947603631	0.120837077302618	-11.5030484962994	1.27337047120986e-30	2.40903224931673e-30	IRF6
IRF7	1217.93655752016	0.281329035430516	0.0389481267873947	7.22317242536978	5.0788549165779e-13	7.4711503925242e-13	IRF7
IRF8	337.982793652309	-1.08241334704365	0.0827999578441381	-13.0726316199481	4.72038008180863e-39	9.79386374511724e-39	IRF8
IRF9	1798.66219090546	0.596670165012144	0.0377183295787208	15.8191036473885	2.2974010548371e-56	5.73824287333462e-56	IRF9
IRGQ	2365.41737374632	0.459199331439723	0.0244424838799408	18.7869339996404	9.66017085046845e-79	2.97354198835983e-78	IRGQ
IRS1	2677.01166538849	-0.659685795161771	0.050172551519292	-13.1483405803692	1.73950164988174e-39	3.62458261367301e-39	IRS1
IRS2	5274.18933903776	-0.99810408939481	0.0419495388143665	-23.7929693056122	3.94915736656847e-125	1.76749830322225e-124	IRS2
IRS4	25.4292962121085	-3.34142492311817	0.137403723147303	-24.3182997271188	1.25546611994364e-130	5.83216661293045e-130	IRS4
IRX1	304.898952483291	-3.49217010808054	0.123276655994275	-28.3279107460761	1.56648074296384e-176	1.00743908017478e-175	IRX1
IRX2	1076.36727774103	-3.19501097226659	0.107119928015186	-29.8264854305507	1.77210393622669e-195	1.2914835204865e-194	IRX2
IRX3	2770.35913200243	0.448012015912267	0.0722543559452833	6.2004845251342	5.62895949011776e-10	7.81059891941801e-10	IRX3
IRX4	763.937573941777	0.781049261915917	0.111905567196609	6.97953892270325	2.96150377601836e-12	4.2967703290164e-12	IRX4
IRX5	817.758188452563	0.0272122692366249	0.0851819421400161	0.319460540027313	0.749377309427517	0.762810503675907	IRX5
IRX6	734.511951434448	0.85236223765711	0.0685019768986156	12.442885245759	1.52880061370246e-35	3.05709174041968e-35	IRX6
ISCA1	2732.55750208482	0.274002831183419	0.0452699674071413	6.05264034584208	1.42490761092158e-09	1.96294190741558e-09	ISCA1
ISCA2	681.362279385381	0.69084840744468	0.035288179143838	19.5773322456995	2.41333095879923e-85	7.87142065398532e-85	ISCA2
ISCU	9651.09639628416	0.995764788104668	0.0423927969204314	23.4890089930526	5.28293236897294e-122	2.31213385786243e-121	ISCU
ISG15	547.740430203069	1.55172288481992	0.0610265959367747	25.4269939360135	1.26861962544097e-142	6.3913859159146e-142	ISG15
ISG20	302.314518245623	0.485790374589093	0.0608803564704575	7.97942723651471	1.47013879957766e-15	2.25340331498615e-15	ISG20
ISG20L2	1304.0814858836	-0.277930033881505	0.0237109599970524	-11.7215850356145	9.88058169911331e-32	1.8943481858104e-31	ISG20L2
ISL1	10.7772023162941	-3.60050921881114	0.140484794045413	-25.6291739136354	7.21759228959884e-145	3.70470142016164e-144	ISL1
ISL2	1.18702303388793	0.432295578154165	0.133478746373507	3.23868473370654	0.0012008222778059	0.00143180776464092	ISL2
ISLR	3174.1869260028	-0.209209417596331	0.0624124592907704	-3.35204572890896	0.000802167676750459	0.00096118087926413	ISLR
ISLR2	226.627428460295	2.2140889999014	0.0618610763657629	35.7913106265767	1.50771045628269e-280	1.77387555055847e-279	ISLR2
ISM1	874.464038793316	-2.72845484995401	0.0785163735683235	-34.7501384227808	1.37933712661361e-264	1.49125811508538e-263	ISM1
ISOC1	1314.79231570124	1.6104224262005	0.0340632217657104	47.2774547656446	0	0	ISOC1
ISOC2	2089.50396081125	0.348265650622776	0.0384731615232394	9.05217135359176	1.40153146714465e-19	2.28854934144329e-19	ISOC2
IST1	7386.97080981045	-0.216669430517136	0.0131398315887985	-16.4895135111049	4.36449381736429e-61	1.14359902774927e-60	IST1
ISY1	1749.48316189063	-0.104194599470552	0.0127165419726525	-8.1936268283176	2.53470103584536e-16	3.93812820181705e-16	ISY1
ISYNA1	1967.46629770899	1.17745010425088	0.0435190864003606	27.0559472094323	3.25112352943319e-161	1.87215210023438e-160	ISYNA1
ITCH	3128.65479799533	-0.432500516229865	0.0175031534986194	-24.7098624978625	8.37884664099837e-135	3.99967166228087e-134	ITCH
ITFG1	2169.43368458409	0.550832291741884	0.0225018636932668	24.4794075393279	2.44794784092933e-132	1.1493351352261e-131	ITFG1
ITFG2	887.004360191985	-0.133205998643736	0.0247681581163715	-5.37811483671401	7.52698031926742e-08	9.98034566345999e-08	ITFG2
ITGA1	3171.08555708808	0.944041081678059	0.0520955600244638	18.1213347401341	2.16283900041886e-73	6.36060526818165e-73	ITGA1
ITGA10	1399.0720170273	-1.06420170685966	0.0787592756528674	-13.5120809331734	1.32716303114389e-41	2.8390091174832e-41	ITGA10
ITGA11	946.819287877323	1.50538222778432	0.0488193375809869	30.8357774270704	8.69009395934887e-209	6.88211092662732e-208	ITGA11
ITGA2	1000.96213773453	-2.30971215440497	0.0868123800242505	-26.6057923277736	5.81740202010767e-156	3.23306742093109e-155	ITGA2
ITGA2B	45.6713603668668	0.788295875207535	0.0536968625863501	14.6804829414358	8.59759234211362e-49	1.99285680852932e-48	ITGA2B
ITGA3	3681.86727919887	-0.513577674749096	0.0480713049036531	-10.6836641064442	1.21383989526242e-26	2.18503319546189e-26	ITGA3
ITGA4	88.3898563925447	-0.235670650508212	0.0640707319474281	-3.67828871849921	0.000234804080388301	0.000286052263878574	ITGA4
ITGA5	7066.69288462707	0.921657344357807	0.047016258993856	19.6029493643518	1.45916455039679e-85	4.77050873078324e-85	ITGA5
ITGA6	5146.67423337864	0.184787173819612	0.0389773863275318	4.74088160419024	2.1279025902837e-06	2.73680869732044e-06	ITGA6
ITGA7	19002.6802579954	1.15615875689109	0.0660115623663223	17.5144886054225	1.11079636206614e-68	3.1321186268096e-68	ITGA7
ITGA8	736.231051904096	-0.198396962534819	0.0645456367218193	-3.07374708208204	0.00211388559474073	0.00249652634765305	ITGA8
ITGA9	1277.03408606018	2.23260115006252	0.0466996277929274	47.807686176048	0	0	ITGA9
ITGAD	27.5881161952926	0.0751881190370999	0.0917268679327524	0.819695698017537	0.412389603071983	0.433004272334272	ITGAD
ITGAE	672.810396095013	-0.333640623129805	0.0340171064798826	-9.80802477503834	1.03983988030209e-22	1.77490590606088e-22	ITGAE
ITGAL	207.885910097981	0.379393583452983	0.0617043554969077	6.14857055709782	7.81843466093297e-10	1.08242895807726e-09	ITGAL
ITGAM	365.808792294475	0.574957823355092	0.0522345502080623	11.0072322067463	3.52672063217393e-28	6.47404630835844e-28	ITGAM
ITGAV	5388.76791314603	1.32076008948547	0.0285451100982773	46.2692238684052	0	0	ITGAV
ITGAX	452.089793615045	0.908307943710358	0.0692092947722849	13.1240745437287	2.39693013248034e-39	4.98522695722456e-39	ITGAX
ITGB1	13419.6848441407	0.832159133067462	0.0396925897016236	20.9651005218594	1.3663203012273e-97	4.95270474071539e-97	ITGB1
ITGB1BP1	2785.34904301787	0.286201905088135	0.0350504820041715	8.16541995211572	3.20318890340684e-16	4.9686000387959e-16	ITGB1BP1
ITGB1BP2	991.802859730343	2.90851124955364	0.102285917846358	28.435109258368	7.44675477494631e-178	4.83059577311022e-177	ITGB1BP2
ITGB1P1	14.3330861481543	0.906548944840747	0.0600061523543071	15.1075999588845	1.44300512172813e-51	3.43910170743122e-51	ITGB1P1
ITGB2	869.313728361421	0.0400019339544521	0.0631789561314431	0.633152815491736	0.526633855075123	0.547024583104864	ITGB2
ITGB3	815.034326920206	0.598752830115709	0.0606663852545812	9.86959792648095	5.63901885780662e-23	9.66466518703008e-23	ITGB3
ITGB3BP	346.860624413013	-0.149211762856878	0.0335240269133995	-4.45089020010417	8.55150595228423e-06	1.0839012719833e-05	ITGB3BP
ITGB4	9592.82313433987	-2.90726931069215	0.088351682792116	-32.9056472815884	1.82485121793592e-237	1.69151116241321e-236	ITGB4
ITGB5	9173.70991401659	0.0335861194584909	0.043285020703073	0.775929384183162	0.43779068174102	0.458365035887868	ITGB5
ITGB6	1317.27998657263	-3.76819500589682	0.111622161329637	-33.7584845250288	8.02639789531469e-250	7.97368590030682e-249	ITGB6
ITGB7	65.628113204805	-2.03689291235553	0.0844219247608167	-24.1275346200224	1.28540383331828e-128	5.89217071646609e-128	ITGB7
ITGB8	901.17905722616	-1.50928590420344	0.0959121901355947	-15.7361217804504	8.55274527099158e-56	2.12267982384006e-55	ITGB8
ITGBL1	302.841420918665	-0.590923165363674	0.070178831379621	-8.42024801135788	3.75688148202625e-17	5.90840674104094e-17	ITGBL1
ITIH1	12.02658058147	-1.00218806233172	0.0891847178046245	-11.2372173955543	2.67687336510213e-29	4.98411227194905e-29	ITIH1
ITIH2	16.3537163407429	-0.432975441650875	0.061787597081203	-7.00748147046157	2.42646140851136e-12	3.52560592579005e-12	ITIH2
ITIH3	182.065033007766	-1.26273421074727	0.0744921378055163	-16.951241405422	1.88432669320685e-64	5.08771033514573e-64	ITIH3
ITIH4	3007.24735998617	-2.52227688475517	0.0865565068586775	-29.1402342388116	1.11083964035342e-186	7.64673971931238e-186	ITIH4
ITIH5	3921.95184078127	-0.208938302313598	0.0725698540864481	-2.87913355957286	0.00398769416078165	0.00466120016806691	ITIH5
ITIH6	123.560451878024	-8.46416805034554	0.16689642206785	-50.7150958988474	0	0	ITIH6
ITK	111.556209216206	-1.26431569610829	0.0736306717635215	-17.1710466009175	4.37460462662572e-66	1.20114792379331e-65	ITK
ITLN1	89.3286887520836	4.45116344844065	0.122931197154812	36.2085748081923	4.4621390576364e-287	5.40531394189185e-286	ITLN1
ITLN2	4.48176248712836	-0.520261534232811	0.142831269318012	-3.64249044846374	0.000270012999922937	0.00032841243321708	ITLN2
ITM2A	2572.30778041741	1.0092244139509	0.0490388921407778	20.5800818471526	4.13981866865573e-94	1.45747850292337e-93	ITM2A
ITM2B	23275.0699339858	0.134782349770834	0.0371781684586454	3.62530902835511	0.000288616113507599	0.0003508020701722	ITM2B
ITM2C	1705.54458825939	1.06331809873322	0.0338115026321121	31.4484129943207	4.41265610432285e-217	3.66384790285589e-216	ITM2C
ITPA	1279.3292334817	-0.366248402877861	0.0249142112681342	-14.7003811975497	6.40978667894503e-49	1.48803933463618e-48	ITPA
ITPK1	3970.40435920513	0.820850132058069	0.0351273273082918	23.3678504730506	9.07572135263419e-121	3.93762497152972e-120	ITPK1
ITPKA	138.061715960919	0.46843558629129	0.10166315703997	4.60772220665072	4.07104049384837e-06	5.20068128094277e-06	ITPKA
ITPKB	3098.55919030892	0.295361665160295	0.0455963030645004	6.47775467108545	9.3097557327409e-11	1.31223015382561e-10	ITPKB
ITPKC	3632.99054100277	-0.802592078985927	0.0465860930260492	-17.2281474331223	1.63298073988217e-66	4.49813103268845e-66	ITPKC
ITPR1	1845.87260252873	0.411942509482054	0.0526831475468082	7.81924635607714	5.31405212365757e-15	8.06766064585983e-15	ITPR1
ITPR2	2129.81829958855	-0.903462761446584	0.0494132810948222	-18.2838043017802	1.11379232182531e-74	3.31120984065688e-74	ITPR2
ITPR3	9471.08499327548	-0.707620808572304	0.0707793543418214	-9.99755953063551	1.56198946412228e-23	2.6986632444251e-23	ITPR3
ITPRIP	4897.3277426857	0.0278211756536918	0.0646992415767555	0.430007755511111	0.667189999630584	0.683517567773613	ITPRIP
ITPRIPL1	126.679537625488	0.218310105476888	0.0608710650861062	3.58643478914118	0.000335229846196544	0.000406580815347257	ITPRIPL1
ITPRIPL2	1340.52810720183	-0.188947264475271	0.0325421780779383	-5.80622673819631	6.38964200081145e-09	8.67093446337029e-09	ITPRIPL2
ITSN1	2986.36803628403	-0.426725583555187	0.0379538988044132	-11.2432608242495	2.49974920177317e-29	4.65624848728465e-29	ITSN1
ITSN2	3603.66218659824	-0.248339926281509	0.0248609220772254	-9.98916796046789	1.70002677678117e-23	2.93630608413336e-23	ITSN2
IVD	3651.44346645174	1.15926127364209	0.0526478190352482	22.0191699273611	1.88688255797218e-107	7.40317631343881e-107	IVD
IVL	3180.36004109539	-8.62086833719371	0.175989568179364	-48.9851098924657	0	0	IVL
IVNS1ABP	7835.73161546872	-0.169911859181881	0.0338697264329452	-5.01662921660352	5.25859135014244e-07	6.85941325318218e-07	IVNS1ABP
IWS1	3198.75721565849	-0.0399641724642235	0.0306226468581969	-1.30505284697577	0.191874853360015	0.206649469626279	IWS1
IYD	23.1628545573539	-0.375188666128245	0.095916269959154	-3.91162694596046	9.16764465845862e-05	0.000113032035271859	IYD
IZUMO1	19.6397479176819	1.43401158451836	0.0645281128845087	22.2230516346407	2.05613291716502e-109	8.19221970825309e-109	IZUMO1
IZUMO4	200.088745134917	-0.14292581194277	0.0432095072048375	-3.30773992087484	0.00094052110693531	0.0011249382356108	IZUMO4
JAG1	6878.21879007234	-0.614150153218003	0.0554343162494637	-11.0788802815611	1.58846624127481e-28	2.9321145210406e-28	JAG1
JAG2	4138.62785551368	0.397266556239852	0.0349384742544257	11.3704609235914	5.86769117096673e-30	1.10105606972347e-29	JAG2
JAGN1	1726.03192171054	-0.414413764950905	0.0257147065081156	-16.115827136511	1.97503501589024e-58	5.03150372502692e-58	JAGN1
JAK1	12132.9716409654	-0.446821230260286	0.0259123730458516	-17.2435472995716	1.2511832573225e-66	3.44908879250572e-66	JAK1
JAK2	2375.390692122	-0.119634165186033	0.0352240444042475	-3.39637787793632	0.000682840200325453	0.000820274037107673	JAK2
JAK3	469.13815673143	0.437522677756831	0.0661425217488672	6.61484724483345	3.71935609473869e-11	5.28430379332212e-11	JAK3
JAKMIP1	1.0964946684865	-0.0710604071812867	0.13975861163016	-0.508451009583097	0.611137087644767	0.629460360170135	JAKMIP1
JAKMIP2	26.6078055069997	-0.369826360636006	0.0862194979518526	-4.28935878103266	1.7918970627227e-05	2.25266701767381e-05	JAKMIP2
JAKMIP3	225.104068479469	0.448692917319222	0.0474496057220264	9.45619906617971	3.19340627505401e-21	5.33498898907166e-21	JAKMIP3
JAM2	1532.88815856485	1.3624489587318	0.0544065907103564	25.0419837182053	2.13471919232272e-138	1.04620419768585e-137	JAM2
JAM3	724.942409044179	0.855202490367449	0.0390088647416047	21.9232857975315	1.55796298083261e-106	6.05982964951767e-106	JAM3
JARID2	2219.50348255397	-0.746476641376451	0.035461751918122	-21.0501907266172	2.2776156912422e-98	8.31630021461479e-98	JARID2
JAZF1	831.439550932766	0.752892229922484	0.0307149433786255	24.5122454123233	1.09365259678786e-132	5.14688637771979e-132	JAZF1
JDP2	1822.73470287977	0.355249606837047	0.0346047973575925	10.2659062894094	1.00374008646725e-24	1.76293543726188e-24	JDP2
JKAMP	1262.349528107	0.052958558932638	0.0151678261332313	3.49150619656765	0.000480305324285999	0.000580150046465294	JKAMP
JMJD1C	3677.08095012481	-0.3492130944645	0.0241397176369669	-14.4663288823944	1.97748516857679e-47	4.51734905070442e-47	JMJD1C
JMJD4	263.09428965316	0.218248793292028	0.024312150894932	8.97694302059975	2.78393979597091e-19	4.52861921807991e-19	JMJD4
JMJD6	2906.77363751002	0.620440307542533	0.0484687419828159	12.8008337365658	1.62200381581376e-37	3.31152213774112e-37	JMJD6
JMJD7	1144.78261118606	-0.593531486474953	0.0473556655813792	-12.5334842027505	4.89633752469416e-36	9.8424312431066e-36	JMJD7
JMJD8	856.669829661838	0.391026971357135	0.0232624185718668	16.8093859264503	2.08318116016234e-63	5.5794292611341e-63	JMJD8
JMY	2216.96126605011	-0.729011394543422	0.0289301475586893	-25.1990209543352	4.10587683378616e-140	2.03552434274262e-139	JMY
JOSD1	3258.48623238237	-0.0231705905027164	0.0245182425253054	-0.945034721750627	0.344641149785331	0.364377148906715	JOSD1
JOSD2	1065.66680350209	0.138297788141546	0.0284570852634844	4.85987186885253	1.1746175034533e-06	1.51996906618236e-06	JOSD2
JPH1	9086.50523851058	-3.00230983341061	0.136123285822981	-22.0558137078392	8.40072568114179e-108	3.30322112246032e-107	JPH1
JPH2	9234.6850963304	1.13845450177889	0.092821359305986	12.2650057087181	1.39602452213815e-34	2.76486273770589e-34	JPH2
JPH3	19.089179590488	0.130118592530046	0.0603893184381091	2.15466237896689	0.0311882638029191	0.0351238699146864	JPH3
JPH4	77.3884506540579	-0.681249726106297	0.0631732268061337	-10.7838361367375	4.1040539166948e-27	7.43005879054844e-27	JPH4
JRK	1463.04858444326	-0.00966879670420951	0.0321772096402234	-0.300485866000107	0.76380657590037	0.776620095615825	JRK
JRKL	457.865682756171	0.0279974872262292	0.0247391702655601	1.13170680041784	0.257757721559022	0.27508725593075	JRKL
JSRP1	4040.87363375577	-10.0908026692348	0.17549933934535	-57.4976675517733	0	0	JSRP1
JTB	5319.87691779212	-0.0834053715062346	0.0233747058014902	-3.5681891449054	0.000359456985924963	0.000435612306694174	JTB
JUN	22836.2111096523	-0.622403489067369	0.0551845748191639	-11.2785772311727	1.67431919748717e-29	3.12519907444696e-29	JUN
JUNB	16279.9100262427	-0.237342353591647	0.0660599196990716	-3.59283442475911	0.000327100447524149	0.000396828087065791	JUNB
JUND	10250.2553015184	0.207532632515502	0.0530268338388548	3.91372853122215	9.08818057421858e-05	0.000112075315829628	JUND
JUP	41627.846999668	-1.45705496755566	0.0796410124260072	-18.2952843412103	9.02291196549165e-75	2.68509569004489e-74	JUP
KALRN	2823.58351712634	0.42826947200938	0.0532771009317919	8.03852808278125	9.0924023644451e-16	1.40034509721403e-15	KALRN
KANK1	7907.82363690354	0.387885517394425	0.0377241177294874	10.2821627314356	8.48029573211438e-25	1.49046869238226e-24	KANK1
KANK2	9737.42002759482	1.56718403355617	0.0358543282813421	43.7097585892218	0	0	KANK2
KANK3	1421.08797243401	1.44682023465411	0.0521437174371074	27.7467795885319	1.90557939591587e-169	1.16476518525914e-168	KANK3
KANK4	105.568292908397	-1.7903255659708	0.0918345851313481	-19.4951124721711	1.20788806687469e-84	3.91698668560824e-84	KANK4
KANSL1	3724.22980833621	-0.822121879120517	0.0188637195257144	-43.5821725402473	0	0	KANSL1
KANSL1-AS1	241.831541051053	-0.163115461273434	0.0599016838232737	-2.7230530239295	0.00646816755937141	0.00750215748944875	KANSL1-AS1
KANSL1L	1036.6905993966	-0.537522360475923	0.0229012342186231	-23.4713271496439	8.00770592388308e-122	3.50040588479406e-121	KANSL1L
KANSL2	2123.44011765466	-0.719494631325406	0.035983448805903	-19.9951548615144	6.06902039510137e-89	2.04202684359289e-88	KANSL2
KANSL3	5911.06757335427	-0.569700448428332	0.0295776628640456	-19.2611718866015	1.13774275096841e-82	3.63322818168924e-82	KANSL3
KAT2A	6710.78237641843	-0.221135697030214	0.0286559201206855	-7.71692886143221	1.19166117018116e-14	1.79989031082657e-14	KAT2A
KAT2B	3646.99622829153	0.0796418280490485	0.0481925937527409	1.65257401287971	0.0984175905747743	0.107998966589644	KAT2B
KAT5	1398.34173341856	-0.482193860052601	0.0168934613987947	-28.5432244268783	3.40916259746777e-179	2.23890317099662e-178	KAT5
KAT6A	4399.1001344073	-0.928529750167654	0.0207702462282271	-44.7048022428239	0	0	KAT6A
KAT6B	2561.00633515925	-0.30203915851138	0.024504752384851	-12.3257380351292	6.58379255288129e-35	1.30767791839806e-34	KAT6B
KAT7	3531.19652290448	-0.334615127600342	0.0215686654193483	-15.5139467878329	2.79177958398121e-54	6.82346561999264e-54	KAT7
KAT8	2534.83141103335	0.099812387489716	0.021589071909983	4.62328292322571	3.77713988751319e-06	4.83037049695403e-06	KAT8
KATNA1	893.6520473267	-0.515310587424297	0.0229356719607821	-22.467647266033	8.60294483187159e-112	3.50127989867783e-111	KATNA1
KATNAL1	1134.84508874413	0.970345067812621	0.0313978435817721	30.9048315781772	1.02863104640069e-209	8.19309179922954e-209	KATNAL1
KATNAL2	281.507614637412	0.0448779991411513	0.034126671260973	1.31504179818655	0.188495855296808	0.203229150167575	KATNAL2
KATNB1	1443.0429572142	-0.596744823630206	0.0404077506743979	-14.7680782441647	2.35327738486287e-49	5.48579981933652e-49	KATNB1
KATNBL1	951.789239135272	-0.154148865138466	0.021976180202238	-7.01436117286516	2.31001964895076e-12	3.35723104317477e-12	KATNBL1
KAZALD1	417.000993642876	1.39939598729689	0.0629783055833229	22.2202864039496	2.18671184438414e-109	8.71055541286985e-109	KAZALD1
KAZN	1268.83209141124	-1.72540788393461	0.0787326669111775	-21.9147648825504	1.8786181525409e-106	7.30388884749216e-106	KAZN
KBTBD11	489.149604781733	0.558159461742976	0.0500301282366605	11.1564667414539	6.65855841654279e-29	1.23427772686836e-28	KBTBD11
KBTBD12	1880.66700870978	0.324857295359025	0.124904107529082	2.60085358108328	0.00929921343109584	0.0107187770361245	KBTBD12
KBTBD2	3525.30184947963	-0.40960032053949	0.0352012679542771	-11.6359535989306	2.70549414992592e-31	5.1628962358546e-31	KBTBD2
KBTBD3	237.664592069947	0.456886630499088	0.0275840401665437	16.5634413139102	1.2805567267103e-61	3.37797503480541e-61	KBTBD3
KBTBD4	345.189991733311	-0.606490791785575	0.0320774506342421	-18.907075836574	9.97361820025359e-80	3.09756903420919e-79	KBTBD4
KBTBD6	451.691469501739	0.843931573130158	0.0290867414971122	29.0143044456852	4.34291712695719e-185	2.95564654829325e-184	KBTBD6
KBTBD7	279.156635353728	0.368846770745594	0.0290175328702804	12.7111692229137	5.12621898945767e-37	1.04103190466186e-36	KBTBD7
KBTBD8	132.414951848898	1.74282318767579	0.0761972782676381	22.8725123429506	8.72620614584921e-116	3.66069533515338e-115	KBTBD8
KCMF1	6011.00185992182	-0.84788178921287	0.0534360143449746	-15.8672348528668	1.06845473376593e-56	2.67425662715802e-56	KCMF1
KCNA1	19.1952603099235	-3.13651796361989	0.127743712133498	-24.5532082263438	3.99688156655193e-133	1.88592044769335e-132	KCNA1
KCNA10	0.347564335917776	-0.00509014860411528	0.261011140119385	-0.0195016526949274	0.984440918634761	0.985810023161122	KCNA10
KCNA2	168.351864621097	0.876794820244859	0.0656419790781319	13.3572270756985	1.07494420023573e-40	2.27166829636575e-40	KCNA2
KCNA3	8.88160806671518	0.0912627002169226	0.0880510122138106	1.03647531041793	0.299980451962011	0.318581009779832	KCNA3
KCNA4	43.359361297654	4.04902008539023	0.106731933472241	37.9363509463952	0	0	KCNA4
KCNA5	189.348686055757	2.05842081592281	0.0755081592112344	27.2609058070714	1.23403751532785e-163	7.24997040255113e-163	KCNA5
KCNA6	47.0272874275496	-0.754532810480755	0.0838700057899276	-8.99645592454902	2.33121576569065e-19	3.79526227712738e-19	KCNA6
KCNA7	1375.74743609516	-4.10413937388728	0.145706273416177	-28.1672111822169	1.47507213676662e-174	9.38924099502684e-174	KCNA7
KCNAB1	469.004537358569	0.237997914119886	0.06010349211592	3.95980176427794	7.50120043412946e-05	9.28035113503535e-05	KCNAB1
KCNAB2	1882.76367941003	1.13516749901594	0.0504999219704324	22.4785990695308	6.72275418890933e-112	2.73916473867263e-111	KCNAB2
KCNAB3	131.779056783698	-0.705288134397911	0.0553133840687266	-12.7507681237075	3.0868859225295e-37	6.2808899617332e-37	KCNAB3
KCNB1	1292.21606107191	-1.50857885706059	0.0842777125318707	-17.9000925836721	1.17726049883946e-71	3.41473835636627e-71	KCNB1
KCNB2	2.65011978318028	-1.6550718483155	0.160432106971562	-10.3163380420409	5.94474009455665e-25	1.04769205445579e-24	KCNB2
KCNC1	54.1220673103224	-2.41279464071915	0.0811969295409352	-29.7153433554743	4.86520321467953e-194	3.51016124518822e-193	KCNC1
KCNC3	320.356101393224	-0.285866770194924	0.0535429956742196	-5.33901337785189	9.34537491561275e-08	1.23632023117473e-07	KCNC3
KCNC4	1563.26880598861	-0.394366313074132	0.0371269201839094	-10.6221122334044	2.35178443986429e-26	4.21868178395586e-26	KCNC4
KCND1	176.730930903474	-0.112903201593558	0.0499424222359804	-2.26066731525525	0.0237798658914675	0.0269136350777935	KCND1
KCND2	51.750733418707	-2.3953689095889	0.083273699638076	-28.7650112820692	5.87904211768495e-182	3.91957915409062e-181	KCND2
KCND3	925.804999150044	1.35510420134702	0.0483303779458787	28.03835308022	5.53984587983688e-173	3.48680998891411e-172	KCND3
KCNE1	42.9991448910652	1.81726401654836	0.0799800730139612	22.7214598345158	2.74918141078554e-114	1.14027683353803e-113	KCNE1
KCNE3	118.40998839808	0.605289716696935	0.0750324330165868	8.06704104294644	7.20223429510624e-16	1.11113660906931e-15	KCNE3
KCNE4	654.577648861576	0.541488410277846	0.0504433350569341	10.7345878234792	7.00307782721877e-27	1.26365681603614e-26	KCNE4
KCNF1	9.67151967839413	1.7028000680138	0.0954027892514685	17.8485354712791	2.9671585922112e-71	8.57470249131382e-71	KCNF1
KCNG2	17.6192549720443	-0.76794597191015	0.0827343671217567	-9.28206739987502	1.66221459229011e-20	2.74938205235819e-20	KCNG2
KCNG3	7.33834301854849	-4.37813474554161	0.14741058422321	-29.7002740245042	7.61630539282814e-194	5.49063329500598e-193	KCNG3
KCNH1	13.9429443475285	-1.58939107108908	0.073017299514555	-21.7673220134942	4.7349929426215e-105	1.82320017027015e-104	KCNH1
KCNH2	1155.45484130455	6.9452453442217	0.0679173522895953	102.260248818411	0	0	KCNH2
KCNH3	54.5508974182561	0.507173450013637	0.0623022556806249	8.14053110072803	3.93547725538158e-16	6.09817733271273e-16	KCNH3
KCNH4	25.4423969325484	1.16413586292313	0.0684373491824087	17.0102418756798	6.89525196036062e-65	1.86901717419743e-64	KCNH4
KCNH5	3.72808189349109	-2.34168901867699	0.176435856493294	-13.272183246754	3.35656922128403e-40	7.05530155912352e-40	KCNH5
KCNH6	1.9815577876919	-0.558791168249573	0.124686135962263	-4.4815822058893	7.40916825809636e-06	9.40633597672562e-06	KCNH6
KCNH7	1.9408315708035	0.567976329396653	0.0935981281107051	6.06824453502817	1.29315907580514e-09	1.78308360961841e-09	KCNH7
KCNH8	77.394859314123	-1.45123735782735	0.0947775999283509	-15.3120289912853	6.35500906410265e-53	1.53223303191685e-52	KCNH8
KCNIP1	21.57361251215	0.40752453034936	0.0891344675736237	4.57201957270628	4.83045805183329e-06	6.15902219797784e-06	KCNIP1
KCNIP2	3460.65563999074	3.60259317338292	0.0944837834652197	38.1292221930239	0	0	KCNIP2
KCNIP3	437.350515024961	0.409558020004478	0.0550267206073775	7.44289347945565	9.85035144911068e-14	1.46663504082251e-13	KCNIP3
KCNIP4	1.12720451093073	0.0363858718964057	0.12930493178039	0.281395855482165	0.778406796595541	0.79081444182708	KCNIP4
KCNJ1	25.5878265649397	-0.641130117379695	0.0917168839799098	-6.99031726285131	2.7426531500201e-12	3.98309797123936e-12	KCNJ1
KCNJ10	20.7521468541737	0.149229145506288	0.0588541678176773	2.53557481211154	0.0112262946585645	0.0128913326198533	KCNJ10
KCNJ11	4753.19691417874	-2.0154103602136	0.11602138020631	-17.3710255526161	1.3675966464656e-67	3.81498639904342e-67	KCNJ11
KCNJ12	2650.01593464729	-1.28482529144083	0.0930760385843798	-13.8040392670563	2.40963566817428e-43	5.25067808531717e-43	KCNJ12
KCNJ13	15.9898036303533	-3.06550596843604	0.115337586983168	-26.5785512651952	1.20164232038599e-155	6.66176883562308e-155	KCNJ13
KCNJ14	140.659952302541	-1.80177259974516	0.0458211179029729	-39.3218821845519	0	0	KCNJ14
KCNJ15	153.697025956011	-1.32140335566391	0.0820811279890686	-16.0987475201351	2.60320860010516e-58	6.62337215696014e-58	KCNJ15
KCNJ16	48.4720790811977	-2.43650061589556	0.103856890081231	-23.4601730707504	1.04084374448722e-121	4.54652468927797e-121	KCNJ16
KCNJ2	667.550879466383	1.78675219301079	0.0547174373501736	32.6541643676798	6.99354164034591e-234	6.35490878686859e-233	KCNJ2
KCNJ3	29.80873505603	2.53123092638829	0.0932042317780466	27.157896997811	2.04273561748578e-162	1.18847071268137e-161	KCNJ3
KCNJ5	183.495439661571	3.74821970695844	0.0755991836036133	49.5801611643235	0	0	KCNJ5
KCNJ6	8.53028519320876	0.120015295434187	0.0920402204265106	1.30394402444976	0.19225266831656	0.207031603395932	KCNJ6
KCNJ8	1635.95479269533	2.38896827210409	0.048952639446199	48.8016233471877	0	0	KCNJ8
KCNK1	488.160773846675	1.23793246600743	0.0941486474709497	13.148701540183	1.73121839059039e-39	3.60774047800622e-39	KCNK1
KCNK10	6.69170689380524	0.593110244836431	0.116461176515759	5.09277222316379	3.52865532352096e-07	4.61622997664976e-07	KCNK10
KCNK12	34.8729869913216	0.419347717623273	0.0574319988060152	7.30163891804775	2.84283349707217e-13	4.19836293221726e-13	KCNK12
KCNK13	22.734162797312	3.24290138854789	0.0957924201515352	33.8534237199343	3.23169706472818e-251	3.23008211339101e-250	KCNK13
KCNK15	92.7629720571439	-0.784883833840214	0.0761103077318857	-10.312451193932	6.19019977936128e-25	1.09052442971504e-24	KCNK15
KCNK17	12.772562904167	1.30340633787855	0.114719375139993	11.3616931428365	6.48749446496004e-30	1.21659951936395e-29	KCNK17
KCNK18	0.0900589153917396	0.395117248302565	0.597338636809387	0.661462734794851	0.508315605332882	0.528943245944691	KCNK18
KCNK2	238.502879976983	-3.25472919654002	0.0765309078191688	-42.5282972499224	0	0	KCNK2
KCNK3	257.743174015434	0.0863702119637522	0.0754910781238791	1.14411151768187	0.252577391690952	0.269750556382607	KCNK3
KCNK4	6.60091145734495	-1.64514739750319	0.10028353564714	-16.4049600653476	1.76242595955148e-60	4.58393724864705e-60	KCNK4
KCNK5	1426.27984779979	-4.43715923038527	0.116172902571942	-38.1944423540377	0	0	KCNK5
KCNK6	1661.6743080667	-0.238237584075131	0.0929149178174762	-2.56404019581796	0.0103461561952004	0.0118973526044335	KCNK6
KCNK7	846.199372612899	-4.35272856864725	0.110397407578951	-39.4278150556604	0	0	KCNK7
KCNMA1	3170.24983521529	-4.22068140181816	0.0804304450117659	-52.4761662228865	0	0	KCNMA1
KCNMB1	446.975360239227	-0.602344271349207	0.0721900111549333	-8.34387281166175	7.18963153057839e-17	1.12598361912251e-16	KCNMB1
KCNMB2	34.0184334610137	4.58732133915382	0.0853813041287331	53.727468629869	0	0	KCNMB2
KCNMB3	85.8540051929764	0.24523860591172	0.0498269686544155	4.92180464785284	8.57497876936014e-07	1.1134544674836e-06	KCNMB3
KCNMB4	374.805061647704	0.803875630931829	0.0400364157578729	20.078611327083	1.13524116747662e-89	3.84921383607962e-89	KCNMB4
KCNN1	11.0076268586671	-0.644401191977964	0.0800905655578897	-8.0459063747301	8.56094245751462e-16	1.31871919542804e-15	KCNN1
KCNN2	136.383996825621	2.2154540330748	0.0755651747902773	29.3184530999041	6.03495269091789e-189	4.20414796397883e-188	KCNN2
KCNN3	1005.68711133027	-0.911933894363204	0.0960617501612023	-9.49320507728495	2.24037659047352e-21	3.74944393874245e-21	KCNN3
KCNN4	852.612589887763	-3.7295796314978	0.1089453522068	-34.2334900567242	7.67985701589228e-257	7.92235565289839e-256	KCNN4
KCNQ1	605.723807871346	4.12220888657919	0.0516666607941655	79.7846971957727	0	0	KCNQ1
KCNQ1OT1	576.589631787317	0.442151500040372	0.0410402883124758	10.7735963420599	4.58725312136074e-27	8.29734158336161e-27	KCNQ1OT1
KCNQ3	155.492386007399	-0.422774221688601	0.0764689580145015	-5.52870383833956	3.22605431386952e-08	4.31346681304058e-08	KCNQ3
KCNQ4	603.294462405129	-0.516544209690725	0.0559259855413944	-9.23621112243786	2.55380318380522e-20	4.21365821371932e-20	KCNQ4
KCNQ5	1431.02119859286	-7.99592931136078	0.14187703993162	-56.3581627810572	0	0	KCNQ5
KCNS1	44.8622983151186	-1.68473393656276	0.0887205211995298	-18.989224970555	2.09396128888399e-80	6.55195500803071e-80	KCNS1
KCNS2	20.8979203128297	-0.682473434556832	0.0962810642664935	-7.08834535384688	1.3572493106512e-12	1.98101393343325e-12	KCNS2
KCNS3	1164.69748175947	-1.1833477954216	0.0721646618102579	-16.3978845841885	1.98013979507122e-60	5.14647653062041e-60	KCNS3
KCNT1	922.392089349955	-1.63742605317595	0.112859744434948	-14.5085039964782	1.07029405066894e-47	2.45306381539237e-47	KCNT1
KCNT2	113.127791445158	0.515186480661274	0.0636308890331066	8.09648408956266	5.65703723299133e-16	8.74172265697287e-16	KCNT2
KCNU1	1.94673194667302	-2.48360972626026	0.174447881951984	-14.2369726618054	5.40168618174857e-46	1.21468773213811e-45	KCNU1
KCNV2	8.59813604105995	-0.720710957719796	0.0623363877686957	-11.5616413385077	6.4464684803896e-31	1.22395189447836e-30	KCNV2
KCP	78.0635816071925	-0.218562108184487	0.0557414782041238	-3.92099591231001	8.81837589568292e-05	0.000108822639677924	KCP
KCTD1	1049.7023591476	-1.28759779519852	0.0629024834867519	-20.469744973896	4.00711770393125e-93	1.39926529172583e-92	KCTD1
KCTD10	3784.68333602943	-0.0458888931316111	0.0375779134791913	-1.22116660780067	0.222022944508218	0.237994106121148	KCTD10
KCTD11	1285.59190834022	-1.50648337324126	0.0609311720089111	-24.7243459065737	5.85407667486994e-135	2.79743122443148e-134	KCTD11
KCTD12	5508.06917867288	-0.0119027012412257	0.0545064792966427	-0.218372226473245	0.827139103422501	0.837608629652815	KCTD12
KCTD13	910.304373696918	-0.255650945012857	0.0333033575916222	-7.67643155226992	1.63581395856747e-14	2.46474320483577e-14	KCTD13
KCTD14	43.9979706044211	-2.14408352762177	0.0901639508530352	-23.7798311557638	5.40088011821356e-125	2.41423498902315e-124	KCTD14
KCTD15	2658.88226780065	-0.33061921421504	0.0694807543329783	-4.75842868128038	1.95105802695304e-06	2.51259089592086e-06	KCTD15
KCTD16	12.8186353570357	-0.477329418572789	0.0902383354633811	-5.28965229823516	1.22549102775066e-07	1.6178998159545e-07	KCTD16
KCTD17	611.88921545684	0.461102382670818	0.069867892424143	6.59963205805079	4.12179457361728e-11	5.853299472995e-11	KCTD17
KCTD18	815.191314075099	-0.342434452328351	0.0179448369069689	-19.0826171396056	3.52174766404183e-81	1.11024482837858e-80	KCTD18
KCTD19	9.35890743011129	-0.878929422396559	0.0919505813421392	-9.55871523124088	1.19227548629532e-21	2.00412279660118e-21	KCTD19
KCTD2	3932.01643084491	-0.339287052115608	0.0313027660763458	-10.8388840554252	2.25201259739931e-27	4.09107667431476e-27	KCTD2
KCTD20	3933.66536608086	-0.318791801400895	0.0201553013696358	-15.8167717542125	2.38407334476879e-56	5.95307314179263e-56	KCTD20
KCTD3	2327.57890078541	-0.465710654023059	0.0267113044320391	-17.4349648557207	4.47834904218311e-68	1.2554860786223e-67	KCTD3
KCTD4	26.1577129696434	-2.72433741339603	0.127397000047819	-21.3846276786224	1.85763713430462e-101	6.94626631795129e-101	KCTD4
KCTD5	1290.19069139184	-0.458473860280113	0.024184204531598	-18.9575745475147	3.8237543741268e-80	1.19229867466926e-79	KCTD5
KCTD6	414.049333780338	0.383226335435616	0.0214955886055525	17.8281387157096	4.27415037387234e-71	1.23339180634941e-70	KCTD6
KCTD7	1018.52855494599	0.674644152345237	0.0286676172924252	23.5333179407099	1.86050614267551e-122	8.17251612354855e-122	KCTD7
KCTD9	2607.56820814925	0.496289259210244	0.0209698533917786	23.6667968029198	7.92699636329578e-124	3.51809323312838e-123	KCTD9
KCTD9P1	1.57970934668932	0.41188815037369	0.128434178719852	3.2069979695368	0.00134127942536409	0.00159642759428584	KCTD9P1
KCTD9P2	2.67699974442024	0.632840944682734	0.0866023146016567	7.30743684615824	2.72286226460931e-13	4.02217656533992e-13	KCTD9P2
KDELR1	4988.24228956498	-0.0674881425150024	0.0178151370446804	-3.78824717125341	0.000151713875961267	0.000185984846171259	KDELR1
KDELR2	5177.06118308696	0.184784108993821	0.0228035658187878	8.10329886396879	5.34886243552081e-16	8.26976489751869e-16	KDELR2
KDELR3	321.032913015447	1.09179931089056	0.0603444057856557	18.0928007604987	3.63153270426066e-73	1.06502476717817e-72	KDELR3
KDM1A	3869.7467133074	-0.540039190017701	0.0155998137197024	-34.6183101747963	1.33989050963776e-262	1.42887257488089e-261	KDM1A
KDM1B	1285.02649676056	-1.07446392640392	0.0343763839243339	-31.2558740549596	1.85773637009533e-214	1.52074180982656e-213	KDM1B
KDM2A	8726.00666725511	-0.667948123173293	0.0185333291107039	-36.0403745697	1.95163458223259e-284	2.35149759804343e-283	KDM2A
KDM2B	1601.3046679814	-1.01972910322231	0.0389273595382073	-26.1956915475205	2.9754131730786e-151	1.59595984888522e-150	KDM2B
KDM3A	5597.61611554485	-0.623539873970053	0.0292997512602874	-21.281405034151	1.6880739431426e-100	6.26665684687768e-100	KDM3A
KDM3B	6387.00093610196	-0.759268404626066	0.0251491660343907	-30.1905997036955	3.14699261360807e-200	2.36926031106478e-199	KDM3B
KDM4A	1642.47895452371	-0.702438531777649	0.0273071371328823	-25.7236241338459	6.36171221847766e-146	3.29072361048323e-145	KDM4A
KDM4B	5041.62853376264	-0.644290619468729	0.0277793420701986	-23.1931561892503	5.33815463096388e-119	2.28790765504716e-118	KDM4B
KDM4C	1647.28101436866	-0.658719583026717	0.0241504377459682	-27.2756788077966	8.24413138621276e-164	4.85451779794622e-163	KDM4C
KDM4D	58.8714256713197	-0.086136669144893	0.034005807262962	-2.53299880455154	0.0113091338565693	0.0129856298113226	KDM4D
KDM4E	6.13611959182961	-0.426135943274641	0.0923986362376774	-4.61192892694314	3.98949414345607e-06	5.09795443148667e-06	KDM4E
KDM5A	3014.00134218935	-0.838285061096098	0.027683156004781	-30.2814123126469	2.01420554588309e-201	1.52599806529636e-200	KDM5A
KDM5B	3212.86702103261	-1.31090882026455	0.0511948546369187	-25.6062612065549	1.29926573852927e-144	6.65379304673269e-144	KDM5B
KDM5C	8081.01618564645	-0.727792442777594	0.0280303501009559	-25.9644435462394	1.24911106217071e-148	6.59584870347167e-148	KDM5C
KDM5D	2936.41155273052	0.0992420241087788	0.121974072214655	0.813632129409669	0.415855726040199	0.436440002591512	KDM5D
KDM6A	1917.34972771045	-0.900303302326532	0.0276908839775032	-32.5126241205576	7.0710882120016e-232	6.33266959722591e-231	KDM6A
KDM6B	3522.06432898156	0.326470074687529	0.0300637914234421	10.8592449331912	1.80233257506715e-27	3.2778125564542e-27	KDM6B
KDM8	180.984290761264	-0.103880093197776	0.0311417504829518	-3.33571785743528	0.000850794624249582	0.00101870121265909	KDM8
KDR	2847.09490369657	0.913561191844497	0.057167856735311	15.9803295770614	1.75217071871435e-57	4.42305779099384e-57	KDR
KDSR	3140.20261503022	-0.575828854695508	0.0408441397361108	-14.0982000946983	3.89579705660977e-45	8.66636713000895e-45	KDSR
KEAP1	6951.25801872528	-0.850050929257279	0.0549653578133934	-15.4652123277936	5.9576500237724e-54	1.45139610336889e-53	KEAP1
KEL	28.2965924220175	0.0170758430281561	0.0606879556841788	0.281371201841419	0.778425703835011	0.79081444182708	KEL
KERA	15.9529397574428	-3.45912514145408	0.183748078624092	-18.8253676846912	4.67949115209429e-79	1.44585513609422e-78	KERA
KHDC1	43.7072173490885	0.945040072390284	0.0440366727076768	21.4602969362292	3.65959169437157e-102	1.37643773694907e-101	KHDC1
KHDRBS1	4846.25305393614	-0.235914735632707	0.0157102515834072	-15.0166109295076	5.71562130871877e-51	1.35377498918745e-50	KHDRBS1
KHDRBS2	5.0101979586975	-1.4932455354339	0.142623748647761	-10.4698239219737	1.18863892172452e-25	2.11429735473943e-25	KHDRBS2
KHDRBS3	1120.00019014954	-1.07484449866521	0.0571684588567675	-18.8013551556144	7.36114143350933e-79	2.269748320394e-78	KHDRBS3
KHK	128.240483862957	-0.402140426539353	0.0351139091004697	-11.4524539375188	2.28581493247407e-30	4.31129029751317e-30	KHK
KHNYN	3978.92722818019	-0.386935557330843	0.0196465255732199	-19.6948593220103	2.3865897776975e-86	7.85824082464474e-86	KHNYN
KHSRP	6850.76202136902	-0.496734284069457	0.0164084505964331	-30.2730767387287	2.59316144951799e-201	1.96297305520493e-200	KHSRP
KIAA0040	2620.21949192879	0.210431932629841	0.0485700751602422	4.33254286586102	1.47396952901422e-05	1.85687770255336e-05	KIAA0040
KIAA0087	8.72721483906589	-1.25831129025238	0.116660059868155	-10.7861361606918	4.00266254457434e-27	7.24722676170616e-27	KIAA0087
KIAA0100	6060.45690890995	-0.313031913658947	0.0291489292656973	-10.7390535962954	6.67248617898659e-27	1.20424527479384e-26	KIAA0100
KIAA0232	4968.68881240844	0.480420959903846	0.0515671227908591	9.31641972448785	1.20332306096644e-20	1.99548764813053e-20	KIAA0232
KIAA0319	51.8711386692464	-3.19143800475486	0.112174261264305	-28.450715598966	4.77474808765675e-178	3.10065802041519e-177	KIAA0319
KIAA0319L	5042.21859492593	0.502244238844211	0.0264092200467478	19.0177611438419	1.21564795381314e-80	3.81434178431067e-80	KIAA0319L
KIAA0408	1056.73761231254	-2.57598404104395	0.0813557386660199	-31.6632124946813	4.98915159418538e-220	4.21839914734294e-219	KIAA0408
KIAA0513	1868.63241681182	-0.816211522187595	0.0453283349293019	-18.0066513244007	1.72769381053237e-72	5.04464173291049e-72	KIAA0513
KIAA0586	870.110386005211	-0.2468339758337	0.0172790797795869	-14.2851343348333	2.70886638062258e-46	6.11362885125215e-46	KIAA0586
KIAA0753	698.427412423811	-0.158005757828189	0.0328204345746935	-4.81424941125004	1.47754179610792e-06	1.90715831577074e-06	KIAA0753
KIAA0825	86.5249160558996	-0.195430417922733	0.0361083748814751	-5.41232937135024	6.22101242051872e-08	8.26575469307333e-08	KIAA0825
KIAA0895	270.22674930204	-0.350148373625356	0.0502365909899312	-6.96998675120164	3.16970834438642e-12	4.5947753186745e-12	KIAA0895
KIAA0895L	1380.55584378392	0.548341033264279	0.0349496666896742	15.6894495771053	1.78597466564348e-55	4.4136916469314e-55	KIAA0895L
KIAA0930	4795.21267177193	-1.61786387242932	0.0342878587714592	-47.1847449913091	0	0	KIAA0930
KIAA1109	5448.35453900102	-0.515071741709341	0.0207587960495818	-24.8122164926669	6.61793744053009e-136	3.18442907957717e-135	KIAA1109
KIAA1143	1566.46413206801	-0.159203670387242	0.0332302853256236	-4.79092095740994	1.66017523185647e-06	2.14045422969556e-06	KIAA1143
KIAA1191	4036.30443951619	0.101967052824496	0.0248810621298522	4.09817926149366	4.16412741740763e-05	5.18707754762679e-05	KIAA1191
KIAA1210	7.90599468759486	2.14323642830611	0.12685017312875	16.8958100367018	4.83034397850949e-64	1.29991062875092e-63	KIAA1210
KIAA1217	10054.9226088715	-1.47545079738223	0.0500930233887849	-29.4542173254522	1.11174485080396e-190	7.84804668993026e-190	KIAA1217
KIAA1328	546.79236959665	-0.733834580692741	0.0256229840524302	-28.6397001688467	2.15394955583452e-180	1.42391648749825e-179	KIAA1328
KIAA1522	5435.03995147987	-2.63738246377772	0.0844166037087213	-31.2424611736097	2.82618704073627e-214	2.31141267243497e-213	KIAA1522
KIAA1549	318.687412168271	0.763255136645396	0.0425906845732621	17.9207060016255	8.12899111818108e-72	2.36244703129444e-71	KIAA1549
KIAA1549L	124.606054136456	-1.62793584277095	0.0673986059693319	-24.153850355773	6.80250927701734e-129	3.12696551316622e-128	KIAA1549L
KIAA1586	202.124515675925	0.410910704059606	0.0288116361251543	14.2619704856281	3.77638782541391e-46	8.51543996558635e-46	KIAA1586
KIAA1614	324.817129543399	1.06721307532636	0.0317177848186338	33.6471503741138	3.43198168260263e-248	3.3667085704921e-247	KIAA1614
KIAA1671	5153.21363601152	-1.57709003117448	0.0393608842741052	-40.0674441202028	0	0	KIAA1671
KIAA1755	371.632900307952	2.02523181232502	0.069601873145304	29.0973751251931	3.87517467743896e-186	2.65538710957666e-185	KIAA1755
KIAA1958	366.738325088816	-0.242267708577228	0.0331914583807947	-7.29909803292674	2.89703190197235e-13	4.27700084207367e-13	KIAA1958
KIAA2013	3663.31535964745	-0.0261995096706466	0.0248896872072446	-1.05262510743891	0.292512845342091	0.311017349616242	KIAA2013
KIAA2026	2216.25950050691	-0.536802226929498	0.0192284562977871	-27.917073456972	1.65573809077145e-171	1.02988740055207e-170	KIAA2026
KIDINS220	5345.77775256254	0.299234594818707	0.0220491731701365	13.5712388174261	5.93110511736031e-42	1.27329544684082e-41	KIDINS220
KIF11	192.728471048438	-1.60601697637892	0.0768901646620411	-20.8871574594477	7.00676179212627e-97	2.51955091929814e-96	KIF11
KIF12	559.909472799276	-6.93458977867315	0.171314466801041	-40.4787167608371	0	0	KIF12
KIF13A	6532.33515056564	-0.336651259093614	0.0413040812880079	-8.15055676329391	3.62252554533851e-16	5.61517974180992e-16	KIF13A
KIF13B	2703.72506525221	-1.30073058183604	0.0486289450210161	-26.7480732159397	1.30017981044722e-157	7.30934939658352e-157	KIF13B
KIF14	40.1892782249838	-1.47589333625327	0.0864739580748496	-17.0674890927946	2.59106340515791e-65	7.05303679967451e-65	KIF14
KIF15	64.4054033948095	-0.689132572326941	0.0680071467423134	-10.1332375395507	3.93403723505647e-24	6.8534408466323e-24	KIF15
KIF16B	1571.48973723717	-0.765278920188251	0.0242983955293591	-31.4950392203299	1.01571259872287e-217	8.46866257045407e-217	KIF16B
KIF17	255.408969456309	1.51359246995704	0.047944746310182	31.5695167133589	9.67899805340833e-219	8.12268736407475e-218	KIF17
KIF18A	38.0524433911701	-1.71989935192381	0.0630627173680153	-27.2728392258613	8.9089191570975e-164	5.24425944234507e-163	KIF18A
KIF18B	92.1576416642149	-0.608955816263123	0.111556060718367	-5.45874255815188	4.7951844705331e-08	6.38920175085613e-08	KIF18B
KIF19	85.4323572495645	-1.58038991596291	0.0720802249741169	-21.925429846125	1.4862778505456e-106	5.78225363900395e-106	KIF19
KIF1A	151.01317612075	0.602897298776398	0.076446984928413	7.88647582819606	3.10839729373626e-15	4.73747012823185e-15	KIF1A
KIF1B	17720.8304542257	-1.50185702775927	0.0749838622545722	-20.0290700238995	3.0734379600549e-89	1.03701887008338e-88	KIF1B
KIF1C	49322.1655857577	-0.00342548511899985	0.0730065994272027	-0.0469202119517362	0.962576819025693	0.965257942135898	KIF1C
KIF20A	73.9865420258665	-0.65403389893035	0.103243182055219	-6.3348870686739	2.37515177102549e-10	3.32336626741002e-10	KIF20A
KIF20B	249.701211504317	-1.05337189926311	0.0499585910398288	-21.084900060999	1.09444620196426e-98	4.0051079653504e-98	KIF20B
KIF21A	2236.5184777217	0.778645106690448	0.048728087372862	15.979389889292	1.77878378053614e-57	4.48897894762808e-57	KIF21A
KIF21B	234.987768032798	-0.750002704332346	0.0533159358077506	-14.0671394578301	6.04661661405758e-45	1.34177940914263e-44	KIF21B
KIF22	1162.57255752621	-0.427348505122274	0.0454958471381954	-9.3931321648806	5.8241989968404e-21	9.70124975868641e-21	KIF22
KIF23	131.496382689454	-1.26058816739016	0.0802336123474742	-15.711472168682	1.26213905525361e-55	3.12513963323525e-55	KIF23
KIF24	117.701813294236	-0.0711633036943945	0.0455850604275149	-1.56111021959819	0.118497747220187	0.129426487938268	KIF24
KIF25	53.7970788472585	0.907481372011108	0.0748204229048939	12.1287923374161	7.43376121376745e-34	1.46070446031031e-33	KIF25
KIF26A	852.896378730637	1.19461933840616	0.0507534872722986	23.5376799232905	1.67867108735923e-122	7.37738238368005e-122	KIF26A
KIF26B	212.37906146248	0.141640151280217	0.0814691219023539	1.73857466452115	0.0821096061929697	0.0905060939978965	KIF26B
KIF27	307.488200451642	-0.835728325388932	0.0272204844659708	-30.7021841008636	5.32214677331132e-207	4.176284396965e-206	KIF27
KIF2A	846.546542156274	-0.343490996164486	0.0205617537137547	-16.705335592786	1.19851801838113e-62	3.18961011958584e-62	KIF2A
KIF2C	131.99005805829	-0.884303693528343	0.0742898713296358	-11.9034220641539	1.13591680517434e-32	2.20412185080774e-32	KIF2C
KIF3A	583.197674436532	0.47833993024368	0.024383280494931	19.6175379413414	1.09531105353065e-85	3.58746256815963e-85	KIF3A
KIF3B	1587.42808448632	0.069858806059585	0.0335239432567937	2.08384811787999	0.0371739848709449	0.0416875717456939	KIF3B
KIF3C	424.686231486751	-0.315763523798258	0.0392061919295963	-8.0539197575037	8.01837976576979e-16	1.23577786098991e-15	KIF3C
KIF4A	69.6082030591188	-1.13200164109445	0.0962263211975428	-11.7639501022861	5.98664418338124e-32	1.15072698286221e-31	KIF4A
KIF4B	2.41054772288875	-1.63157118017912	0.158340848990117	-10.3041709741051	6.74708963416257e-25	1.18735321639027e-24	KIF4B
KIF5A	91.9681594768246	0.145162610417277	0.0646497383432997	2.24537042433864	0.0247443624386149	0.0279876385961361	KIF5A
KIF5B	9573.72174676407	0.12501586056313	0.0299775861226724	4.17031111349485	3.04184086782687e-05	3.80198427036185e-05	KIF5B
KIF5C	199.113556713354	-0.411907485848415	0.0576596698961194	-7.14377114177924	9.08045393649934e-13	1.32902879348666e-12	KIF5C
KIF6	16.9912714952203	0.488964210241533	0.0649424250364381	7.52919543683783	5.10539202103453e-14	7.64132050973997e-14	KIF6
KIF7	457.40822278173	0.408256144271376	0.0488345975335158	8.35997765705319	6.27301357915622e-17	9.837995943404e-17	KIF7
KIF9	237.544306386436	0.55446445356994	0.023356617321724	23.7390734254242	1.42485148869692e-124	6.35499297523124e-124	KIF9
KIFAP3	2045.02752670239	0.744993704523164	0.0233272852331559	31.9365797209989	8.2976905935451e-224	7.15700663030213e-223	KIFAP3
KIFC1	158.845730646151	-1.91022025371254	0.0906270285493434	-21.0778206489744	1.27102853019807e-98	4.65036271790558e-98	KIFC1
KIFC2	2394.73762601533	-1.55066347672649	0.0751788754072307	-20.6263191398757	1.59325970231614e-94	5.62247949448986e-94	KIFC2
KIFC3	3448.31596266059	0.931835374237528	0.0637996706657495	14.6056455231481	2.5852195177548e-48	5.96234178451794e-48	KIFC3
KIN	649.787475298487	-0.0257573172252856	0.0147101324300574	-1.7509915255865	0.0799473697686398	0.0882199842582778	KIN
KIRREL3	28.2674476832994	2.69552414558104	0.0650125278336085	41.4616110987085	0	0	KIRREL3
KISS1	1.90600595472041	-1.21050958487306	0.134779416072481	-8.98141289039326	2.67311698794293e-19	4.3487373610448e-19	KISS1
KIT	1886.71734927197	-2.90514839288806	0.092323986591752	-31.466886343788	2.46640735446871e-217	2.05165428779072e-216	KIT
KITLG	986.13090913168	0.31665013006316	0.0485538879911576	6.52162253455021	6.9550867681688e-11	9.82642782464536e-11	KITLG
KL	211.022376240677	-0.0587317842199958	0.0595534151521009	-0.986203462387393	0.324033280586224	0.343355491160385	KL
KLB	204.117073108336	-4.30692277317016	0.118650497740802	-36.2992389848953	1.66327027716312e-288	2.03677062987846e-287	KLB
KLC1	8934.48079558148	0.174410357743207	0.0272970487695766	6.38934850486815	1.6659399026236e-10	2.33810885600557e-10	KLC1
KLC2	2819.4806505198	-0.0254595023620499	0.0445810851964828	-0.571083055736348	0.567943343867827	0.58766155848507	KLC2
KLC3	1163.11511751873	-7.89300813291326	0.145740551784043	-54.1579405065588	0	0	KLC3
KLC4	1307.76512976538	0.431741489285739	0.0206289998230473	20.9288619414009	2.92394080495926e-97	1.05499816456347e-96	KLC4
KLF1	8.00068317244312	-0.653175282974985	0.114661918474664	-5.69653195816111	1.22268981406651e-08	1.64804487779942e-08	KLF1
KLF10	8900.63709070476	-1.62209489365504	0.0534399266222201	-30.3536137899668	2.25120212650812e-202	1.71348369891216e-201	KLF10
KLF11	2169.948904852	-0.653636954910541	0.0376444968528271	-17.3634132358301	1.56157536058367e-67	4.35407652817017e-67	KLF11
KLF12	1124.38490083613	1.00933057842195	0.0386204026351407	26.1346467036457	1.47310552497204e-150	7.86165803587953e-150	KLF12
KLF13	7585.56846510753	-0.10523282655031	0.0378831094109948	-2.77782970264232	0.00547232906148345	0.00636188293953524	KLF13
KLF15	3184.89487669829	-0.200179196902282	0.0734930914909224	-2.72378250582924	0.00645389924665767	0.0074860906204707	KLF15
KLF16	542.878448067765	0.15493544320029	0.0532931179235776	2.90723172591379	0.00364642967911006	0.00426784009451626	KLF16
KLF2	5216.61539383694	0.709406632027807	0.0530766052228741	13.3657122389222	9.59125236578994e-41	2.0288147336849e-40	KLF2
KLF3	4566.2916016421	-0.976345715460621	0.0473763271042354	-20.6083032420919	2.31194965682456e-94	8.15388044132033e-94	KLF3
KLF3P1	0.580291668679015	-0.349875703191714	0.177241915075817	-1.97400091869946	0.0483816384822352	0.053936822587398	KLF3P1
KLF4	14510.7493850277	-1.46944184968553	0.0799730769809802	-18.3742067350367	2.11375463188156e-75	6.32475018758311e-75	KLF4
KLF5	7801.76759223093	-4.75910191419794	0.0917088128678298	-51.8936159500476	0	0	KLF5
KLF6	18711.4057390298	-1.54298025806717	0.0399878712498056	-38.5862065131728	0	0	KLF6
KLF7	2047.05112060705	0.526448856263779	0.0398274024518552	13.2182573769447	6.88403952613691e-40	1.4415960389715e-39	KLF7
KLF8	2523.95429020895	-1.65995544907243	0.0614625151015698	-27.0076069345564	1.20312518701967e-160	6.89508325104778e-160	KLF8
KLF9	13515.4799311289	-0.912308779793627	0.0473613827109522	-19.2627142108893	1.10435168102346e-82	3.52722402592323e-82	KLF9
KLHDC1	417.375132355726	-0.280591121233734	0.0257343837357768	-10.9033549866456	1.11084276431906e-27	2.02514488560942e-27	KLHDC1
KLHDC10	3071.52416970037	-0.249347250826851	0.0297853865603036	-8.37146264064833	5.69074143166209e-17	8.92948365684705e-17	KLHDC10
KLHDC2	2949.31697274652	-0.183823145215893	0.02945479922363	-6.24085548233586	4.35184181785249e-10	6.05203218195014e-10	KLHDC2
KLHDC3	6412.63303077442	0.137179461588874	0.0455340970475687	3.01267556586364	0.00258955598724469	0.00304810026328331	KLHDC3
KLHDC4	1481.87026856774	-0.267681439635151	0.0193629886335117	-13.8243865501151	1.81654434372478e-43	3.96407015776334e-43	KLHDC4
KLHDC7A	79.7900111022597	-5.19920623948607	0.183379238955042	-28.3522075296688	7.86159206765594e-177	5.07045929093065e-176	KLHDC7A
KLHDC7B	21.3808153914974	-1.14139346739206	0.0968584819301524	-11.7841354174346	4.71230771881431e-32	9.07620920675972e-32	KLHDC7B
KLHDC8A	16.9397350083919	0.00094264794025556	0.0871267646470095	0.0108192694182397	0.99136764038478	0.991973812927538	KLHDC8A
KLHDC8B	3022.23955818653	1.42711894931235	0.033314845972404	42.8373269531095	0	0	KLHDC8B
KLHDC9	132.001492038679	0.991615180226267	0.0484517127097966	20.46605010984	4.32269034296826e-93	1.50829131350594e-92	KLHDC9
KLHL10	20.3320306562359	-0.843660256831964	0.0512097382917377	-16.4746059045586	5.5851328268756e-61	1.46130779093878e-60	KLHL10
KLHL11	243.371382273428	-0.375358057899176	0.0408116662262953	-9.19732254541789	3.66979581604534e-20	6.03839072071592e-20	KLHL11
KLHL12	1594.08761466321	0.137464075926895	0.0151688830433649	9.06224113759145	1.2779729923289e-19	2.08830717455633e-19	KLHL12
KLHL13	314.486068789926	0.786831978881943	0.0579304140229679	13.582364154518	5.09547700591573e-42	1.09546974302507e-41	KLHL13
KLHL14	23.9921972052418	-0.964711263390842	0.0986656222564754	-9.77758251889531	1.40526897505618e-22	2.39298522561596e-22	KLHL14
KLHL15	598.893693666128	0.136659252979516	0.0318443978417237	4.29146921410646	1.77494813819287e-05	2.23151567506704e-05	KLHL15
KLHL17	569.49795602686	-0.300704557666193	0.0425070111407152	-7.07423433444286	1.50276160007055e-12	2.1903815030664e-12	KLHL17
KLHL18	1571.535989052	-0.437794554480352	0.0351922836609826	-12.4400723379521	1.58360438961094e-35	3.16632929216778e-35	KLHL18
KLHL2	870.801046130532	-0.176095662152298	0.0348000463899696	-5.06021343129744	4.18787435127977e-07	5.47027981985248e-07	KLHL2
KLHL20	1121.54456455534	-0.313170640437562	0.0178775083709069	-17.5175776142946	1.05210697644078e-68	2.96709661333392e-68	KLHL20
KLHL21	13001.9419971478	-0.691323006137359	0.05959007656407	-11.6013109228692	4.05813747061679e-31	7.72776183312947e-31	KLHL21
KLHL22	1248.19145887651	-0.0709830842982151	0.0297620608348519	-2.38501912525805	0.0170782334716832	0.0194585278007323	KLHL22
KLHL23	592.877948609931	1.01876187216612	0.0494994046434842	20.5812954621106	4.03746194057343e-94	1.42172050845584e-93	KLHL23
KLHL24	5676.60936188675	0.408957559747553	0.0501620302165023	8.15273141821548	3.55795215989646e-16	5.51556121514779e-16	KLHL24
KLHL25	981.858154701615	-0.916879082747826	0.0392365971042558	-23.36795620455	9.05328461910295e-121	3.9288374259516e-120	KLHL25
KLHL26	950.233108369686	-0.553620817185064	0.0237261902891921	-23.3337426041488	2.01560428271519e-120	8.7323448118306e-120	KLHL26
KLHL28	767.857451640134	-0.424076246585153	0.0248869794090188	-17.0400850828635	4.14128685812076e-65	1.12473302252613e-64	KLHL28
KLHL29	1418.86103178516	-2.19016616449053	0.040599024758379	-53.9462752498388	0	0	KLHL29
KLHL2P1	5.289232889642	0.396529406615567	0.0734504409295279	5.39859804240001	6.71636616274097e-08	8.91602561176255e-08	KLHL2P1
KLHL3	1129.45615793648	2.35377788635866	0.0405230435113563	58.0849235990635	0	0	KLHL3
KLHL30	6668.88932926519	-1.99517484393774	0.127265815252327	-15.6772251840131	2.16507892729948e-55	5.34543763136989e-55	KLHL30
KLHL31	4361.37228035672	1.81880549887618	0.106488259983343	17.0798687025281	2.09589928150694e-65	5.7112144968826e-65	KLHL31
KLHL32	24.8601652832397	1.08141066154081	0.0648310100969736	16.6804536891104	1.81832702781308e-62	4.83124794504254e-62	KLHL32
KLHL33	1587.70391505209	-3.33392091351534	0.130213209682392	-25.6035537534728	1.39267839167836e-144	7.12812161745867e-144	KLHL33
KLHL35	51.7326331819427	-0.69250434247448	0.0560456417063613	-12.35607839237	4.51658485530403e-35	8.98674079588016e-35	KLHL35
KLHL36	2697.34340406023	1.08049634280677	0.0242157310816877	44.6196044695861	0	0	KLHL36
KLHL38	6509.29753492882	-0.642853633529493	0.149607536387821	-4.29693349045635	1.73177127057836e-05	2.17829743845161e-05	KLHL38
KLHL4	43.4682048416219	1.38652202026664	0.0700898628226774	19.7820621189465	4.24952010529811e-87	1.40875895792765e-86	KLHL4
KLHL40	11996.0057448902	-6.71273515046284	0.176243054517614	-38.0879415012179	0	0	KLHL40
KLHL41	128792.561104988	-4.3319966549799	0.166799524965556	-25.9712769318405	1.04573644863937e-148	5.52680616910077e-148	KLHL41
KLHL42	1053.5881212722	0.00477690864156181	0.039317808241442	0.121494784557365	0.903299145424533	0.909208673495137	KLHL42
KLHL5	1185.006468527	0.403945835394917	0.04421553164898	9.13583576472128	6.49034891664885e-20	1.06414765323432e-19	KLHL5
KLHL6	172.381559477561	1.30522957550538	0.0616215346802484	21.1813870309813	1.4179542051953e-99	5.22402653453142e-99	KLHL6
KLHL7	1997.03477699849	2.13582843870562	0.0275704938337232	77.4679065085571	0	0	KLHL7
KLHL8	1274.78733795589	-1.10746694483785	0.0566038289139833	-19.5652302341734	3.06018378070641e-85	9.9758001152655e-85	KLHL8
KLHL9	1248.88980813186	0.178006933196771	0.0242928761262518	7.32753636381533	2.34422074853602e-13	3.46655037331774e-13	KLHL9
KLK1	516.631249413541	-3.72979700767132	0.141940083784433	-26.2772636751141	3.48930494281174e-152	1.8816949753012e-151	KLK1
KLK10	677.047176289065	-5.25555153279665	0.13266256038905	-39.6159362323784	0	0	KLK10
KLK11	3381.76844495911	-7.17050538848023	0.150859024593216	-47.5311663177934	0	0	KLK11
KLK12	10.6046902070718	-2.78724306531043	0.139474960888614	-19.9838239606058	7.61606758654389e-89	2.55873147863711e-88	KLK12
KLK13	349.767947910195	-4.72316517536685	0.141680342280764	-33.3367713497409	1.13276936595065e-243	1.08289863815601e-242	KLK13
KLK14	137.80630435387	-2.53770431745204	0.115087312823872	-22.0502525880999	9.49921149327267e-108	3.73026409446774e-107	KLK14
KLK3	43.5552116570851	-1.13467922596429	0.158959106935179	-7.13818319592723	9.45725380268719e-13	1.38384023493881e-12	KLK3
KLK4	20.5691904935976	-3.97788550788047	0.1459497518878	-27.2551714300857	1.44312226659493e-163	8.4728127596136e-163	KLK4
KLK5	2955.90931223856	-9.74572491477682	0.175825504434414	-55.4283916097743	0	0	KLK5
KLK6	88.5327817401634	-5.63087588716088	0.156330909428756	-36.0189543305064	4.22502384108981e-284	5.06355886574286e-283	KLK6
KLK7	4172.68690033363	-9.46116753367716	0.168339910237769	-56.2027597633494	0	0	KLK7
KLK8	894.702014034367	-9.07962368457842	0.186896544387831	-48.5810142414253	0	0	KLK8
KLK9	127.052075505346	-9.13462849874224	0.232445329425043	-39.2979653380728	0	0	KLK9
KLKB1	82.3553980924149	2.22116247119403	0.0651643245794329	34.0855596298941	1.20731867867956e-254	1.23202627748927e-253	KLKB1
KLRB1	21.7459694302047	0.0470442004502726	0.0872025030704665	0.539482225782638	0.589554158080591	0.608483710773965	KLRB1
KLRC1	6.51038049989314	0.193271070653416	0.114989077507458	1.68077764291031	0.0928061127988861	0.101977953637697	KLRC1
KLRC2	2.84147310413364	-0.165649228881647	0.13671352056753	-1.21165213355635	0.225645569220517	0.241790933480477	KLRC2
KLRC3	3.95150007933505	-0.0643862095568512	0.115365287761382	-0.558107302519155	0.576771114347005	0.59590523040581	KLRC3
KLRC4	9.47754617813078	-0.356501197764519	0.0889288669205436	-4.00883548963967	6.1018904783271e-05	7.56787450050751e-05	KLRC4
KLRD1	102.1153947765	0.923051938782473	0.064155557567854	14.3877159481657	6.18034663332494e-47	1.4048796533209e-46	KLRD1
KLRF1	22.8610352630908	0.67972907977447	0.0689925489804962	9.85220998236528	6.70530983303931e-23	1.14768738522906e-22	KLRF1
KLRF2	10.2919336018886	-5.21154846212074	0.224482210850236	-23.2158639314081	3.14867899087046e-119	1.35240683642709e-118	KLRF2
KLRG1	71.5003570157887	0.635996686146425	0.0695077846444947	9.15000656975763	5.69300858550173e-20	9.34182748838803e-20	KLRG1
KLRG2	78.0576242456788	-6.29615992658457	0.151650895676352	-41.5174595474967	0	0	KLRG2
KLRK1	18.4379659051627	-0.0307613285195522	0.0760635121800784	-0.404416357303164	0.685906573728398	0.701534331459368	KLRK1
KMO	11.1197709668528	-0.552319347271096	0.0896380406191426	-6.16166243099636	7.19851792172384e-10	9.97387015924807e-10	KMO
KMT2A	4723.95148612867	-0.495924845144549	0.0210312907437433	-23.5803332846837	6.13440265115278e-123	2.70517839596769e-122	KMT2A
KMT2B	5636.15772272348	-0.737984984332823	0.0220765209619849	-33.4285001519765	5.28537462715372e-245	5.11516283136528e-244	KMT2B
KMT2C	7524.16700619038	-1.02049928631405	0.0253521093926775	-40.2530326178223	0	0	KMT2C
KMT2D	8905.81745039018	-0.585367753420829	0.0251799543945288	-23.2473714705385	1.51234380706841e-119	6.50973239383988e-119	KMT2D
KMT2E	5092.15018653215	-0.557989699849008	0.0225129816288212	-24.7852420904865	1.29332159034944e-135	6.21657728915363e-135	KMT2E
KNDC1	56.8868565244211	-0.426454526383186	0.0797077054531364	-5.35022961655717	8.78427049809338e-08	1.16294515875692e-07	KNDC1
KNG1	4.30092707570733	2.35354862895816	0.128328182217256	18.3400761102785	3.96241980344662e-75	1.18307379137241e-74	KNG1
KNOP1	467.393829289771	-0.30854177676299	0.0217237582482179	-14.2029649399317	8.78168552765403e-46	1.96885192655748e-45	KNOP1
KNSTRN	422.289811090223	-0.154529159619627	0.0350927311993528	-4.40345206367059	1.06541833844323e-05	1.34747386428136e-05	KNSTRN
KNTC1	672.793659016983	-0.831052573318869	0.0436810559414394	-19.0254689454626	1.04944283648139e-80	3.29456234731452e-80	KNTC1
KPNA1	4968.6114530038	-0.921325446480815	0.0553078657688699	-16.6581268988214	2.64168913567275e-62	7.00339412831298e-62	KPNA1
KPNA2	1210.07058273111	0.802291835483303	0.0332270182358841	24.1457668511722	8.27170148406241e-129	3.79941052346536e-128	KPNA2
KPNA3	6559.34793433088	-1.05297360245173	0.0705602782498283	-14.9230364245948	2.3340572577372e-50	5.4886172039879e-50	KPNA3
KPNA4	9591.75354900919	-0.512596685617102	0.0585830608177668	-8.74991300320798	2.13517288069749e-18	3.4234654872571e-18	KPNA4
KPNA5	824.468438688459	-0.612719829682692	0.0295061113432533	-20.7658617753706	8.81322872511336e-96	3.13407606244104e-95	KPNA5
KPNA6	6188.01472631081	-0.222230415146618	0.0321397481265173	-6.91450394296227	4.69503352086477e-12	6.78674202273241e-12	KPNA6
KPNA7	1.76761019563742	-0.981866369548985	0.139514387126893	-7.03774277168953	1.95378936327532e-12	2.84410175710165e-12	KPNA7
KPNB1	9297.15539493112	-0.229593451446346	0.0318528873173935	-7.20793217765773	5.68079101002739e-13	8.34911160773213e-13	KPNB1
KPRP	8997.621881369	-10.1040230251776	0.189399641041529	-53.3476355584125	0	0	KPRP
KPTN	232.225430095357	0.144111395448074	0.0290013739809862	4.96912303336236	6.72563868981006e-07	8.74707189186265e-07	KPTN
KRAS	1629.33787133213	-0.313502500917888	0.0215280012644935	-14.5625456384078	4.86132664955779e-48	1.11846550381761e-47	KRAS
KRBA1	1122.60542482725	1.95582965604255	0.0275524746217659	70.9856258971921	0	0	KRBA1
KRBA2	1249.99168811691	1.12178429394941	0.0296390036915305	37.8482456976097	0	0	KRBA2
KRBOX1	76.1437600040676	-0.763390300771773	0.0517367345702982	-14.7552857193664	2.84484048493705e-49	6.62483487313737e-49	KRBOX1
KRBOX4	544.450711640827	0.223385025518078	0.0262648793961697	8.50508476161727	1.81462966888714e-17	2.86762783510117e-17	KRBOX4
KRCC1	1485.83371282058	0.0534373485444715	0.0237734076678214	2.24777824412618	0.0245903338123539	0.0278221620965545	KRCC1
KREMEN1	3831.79842785906	0.343583351769148	0.0439052535180562	7.82556355420767	5.05387796221545e-15	7.67526003525187e-15	KREMEN1
KREMEN2	110.775278004439	-4.4436471605578	0.124842487850409	-35.5940292209038	1.73300285316297e-277	2.00229681385023e-276	KREMEN2
KRI1	2061.34105678209	-0.397438653495207	0.0215154293517857	-18.4722622540749	3.4530558721342e-76	1.04013485197938e-75	KRI1
KRIT1	1682.62198022123	-0.192752812857582	0.0169056344996687	-11.4016905346771	4.10077708821782e-30	7.707850930877e-30	KRIT1
KRR1	1763.72245291771	-0.666931605208564	0.028640403094178	-23.2863903142529	6.09048713527526e-120	2.62976394632022e-119	KRR1
KRT1	219188.385006103	-9.54813466912637	0.169156814205217	-56.4454628327465	0	0	KRT1
KRT10	313071.891460439	-7.53160390582735	0.14791717181151	-50.9177116732925	0	0	KRT10
KRT12	7.02287634324952	-2.56626691494127	0.139693239021959	-18.3707309881895	2.25356169669309e-75	6.74083816918781e-75	KRT12
KRT13	205.439573095572	0.26922253704925	0.11075287045547	2.43084026573826	0.015063854041637	0.01720586526672	KRT13
KRT14	82517.7174199049	-9.36017138936805	0.149974529960802	-62.4117401255698	0	0	KRT14
KRT15	15633.6471941214	-8.74103523865355	0.14553952255165	-60.0595294350473	0	0	KRT15
KRT16	3445.6921142539	-7.68256782288042	0.14699892074191	-52.2627498494966	0	0	KRT16
KRT16P2	6.88095865132266	-3.54117385841239	0.143387922576518	-24.696458354243	1.16741363606066e-134	5.56825990003391e-134	KRT16P2
KRT16P5	6.76064831001613	-4.70359936589683	0.194253329379261	-24.2137387345032	1.59439653951188e-129	7.35727559798854e-129	KRT16P5
KRT17	13322.4419766658	-9.11421598874655	0.148895189779294	-61.2122930381865	0	0	KRT17
KRT17P1	6.42833077584758	-4.33062730471313	0.155680538147268	-27.8173968066356	2.67230697753629e-170	1.64909831685398e-169	KRT17P1
KRT17P2	3.90374915894709	-3.25610001724922	0.154133657338804	-21.1251719674175	4.66922847082088e-99	1.71322424996426e-98	KRT17P2
KRT18	1695.61755297882	-2.1276193691173	0.104375924013718	-20.3841967314002	2.30976720324511e-92	7.98964631545259e-92	KRT18
KRT18P15	5.7916335440577	-0.173313822496275	0.0896965111326234	-1.93222479121866	0.0533317665401858	0.0593193975216192	KRT18P15
KRT18P31	4.52585273958981	0.480953350834989	0.0857227584944086	5.61056782681999	2.01663811726897e-08	2.70704718485896e-08	KRT18P31
KRT18P34	13.5043903500611	0.0291143492229428	0.0556833315721004	0.522855734399524	0.601074650808727	0.619663523807794	KRT18P34
KRT18P4	13.3189330897467	0.860725691757862	0.057097042999542	15.0747857776937	2.3728426600527e-51	5.64247565701568e-51	KRT18P4
KRT18P5	8.65004423172863	1.20444897079565	0.0698793554010931	17.2361202229523	1.42270392474663e-66	3.92011225307886e-66	KRT18P5
KRT18P52	1.02710822735662	-1.1947818286852	0.148274040442809	-8.05792993242155	7.75972731868188e-16	1.19622207299471e-15	KRT18P52
KRT18P57	1.53651491621938	0.26985910793884	0.125384161945426	2.15225833751075	0.0313770132212016	0.0353320164515733	KRT18P57
KRT18P60	1.33515251791595	0.463337962267967	0.140868170150586	3.28916008330813	0.00100486852506124	0.00120110480210009	KRT18P60
KRT18P61	0.522350371906163	-0.157532762670673	0.198359676169002	-0.794177353548688	0.42709219041451	0.447658467430511	KRT18P61
KRT18P62	1.90288001033875	-1.46791773305523	0.15054656742769	-9.75058919068543	1.8340071739639e-22	3.11746582988897e-22	KRT18P62
KRT18P63	3.34900802044485	-0.608841627443118	0.0867788014107128	-7.01601793923783	2.28280757532693e-12	3.31795067932661e-12	KRT18P63
KRT18P7	17.7884600766201	-1.49791243975462	0.0781023764103764	-19.1788330726851	5.56145409087388e-82	1.7681337882342e-81	KRT18P7
KRT19	5670.12185198237	-5.98330098972181	0.133135555627872	-44.9414205056218	0	0	KRT19
KRT2	123704.862404335	-10.1724574229756	0.180086828118617	-56.4864045263505	0	0	KRT2
KRT20	5.72680995815015	-1.02446650620289	0.115632141567842	-8.8597036456497	8.02274250105754e-19	1.29371484154382e-18	KRT20
KRT222	21.7066607762344	-0.405423827628354	0.07583556879112	-5.34609068134038	8.98741938941259e-08	1.18957747374129e-07	KRT222
KRT23	2916.18085228746	-8.50691336474628	0.153528651051535	-55.4092887971168	0	0	KRT23
KRT24	10.8442823155111	-2.24751971243984	0.125097211438756	-17.9661855495489	3.58535652857671e-72	1.04433661603413e-71	KRT24
KRT25	393.86003183372	-7.87169592316607	0.243793804834521	-32.2883345149361	1.01986887150308e-228	8.99934291957199e-228	KRT25
KRT26	22.8618572829018	-6.24966593986096	0.24688583012992	-25.3139920447122	2.24049839701407e-141	1.12249406191623e-140	KRT26
KRT27	272.144354080294	-7.08806578412513	0.215057119628901	-32.9589915291164	3.14469502120915e-238	2.93303912314953e-237	KRT27
KRT28	57.3589372810853	-7.19090282036714	0.267311158920474	-26.9008703168522	2.14532437065667e-159	1.21938692757154e-158	KRT28
KRT3	10.8996179904527	-4.73841647905993	0.187731853617495	-25.2403435418823	1.44577194987952e-140	7.19130723121893e-140	KRT3
KRT31	1403.01689176565	-8.54478363472022	0.158440710999722	-53.9304802459213	0	0	KRT31
KRT32	98.5702084555717	-3.83398318998648	0.167391211505485	-22.9043278646731	4.20695412981834e-116	1.76896475802055e-115	KRT32
KRT33A	49.9982533711716	-6.6711271129136	0.273741415653399	-24.3701783195289	3.54317508632725e-131	1.65192164540214e-130	KRT33A
KRT33B	119.223955212127	-7.07489054538401	0.267970103885892	-26.401790508678	1.30681844394584e-153	7.11555922851453e-153	KRT33B
KRT34	121.655122392419	-7.18287266809437	0.242041907877093	-29.6761529071312	1.5599126594997e-193	1.12319951134617e-192	KRT34
KRT35	207.985244534037	-7.75012759987312	0.243499022376194	-31.828167210871	2.63965683048618e-222	2.26053580426174e-221	KRT35
KRT36	13.4299874572042	-4.38889518445811	0.182755122787112	-24.0151691373962	1.93078945773567e-127	8.78567771200701e-127	KRT36
KRT38	46.0466091956151	-6.21660642246315	0.235208350361391	-26.4302113973059	6.16163122266154e-154	3.36413477825691e-153	KRT38
KRT39	22.6062558194079	-5.36869371387458	0.199540482968831	-26.9052857545363	1.90472611131872e-159	1.08297456506154e-158	KRT39
KRT4	162.45261525421	-0.0365345182653052	0.114543030416576	-0.3189588937226	0.749757684011816	0.763154541696166	KRT4
KRT40	21.2967495826909	-5.24790973358455	0.182838386109796	-28.7024505370176	3.55581531665161e-181	2.36018552784092e-180	KRT40
KRT5	96647.8290385357	-8.77941741900547	0.146726682686205	-59.8351796570051	0	0	KRT5
KRT6A	6802.19247521151	-6.29591705965016	0.152279212848298	-41.3445600478789	0	0	KRT6A
KRT6B	2733.73357573495	-7.64365943327784	0.15455197772454	-49.4568852874936	0	0	KRT6B
KRT6C	127.843832215658	-4.1714296508122	0.15867126641139	-26.289760869475	2.51119387720396e-152	1.35544230835228e-151	KRT6C
KRT7	2770.90587645753	-5.39324386741974	0.11784212587755	-45.7666885017323	0	0	KRT7
KRT71	488.722656544127	-7.71114209264344	0.22360912642031	-34.4849166762053	1.35017279219235e-260	1.42297777706408e-259	KRT71
KRT72	269.39181443727	-5.77215392045638	0.170283715859586	-33.8972748587189	7.30696218169196e-252	7.32772290989622e-251	KRT72
KRT73	369.558170648934	-7.70499453127171	0.208224114861649	-37.0033727188187	1.01067366871839e-299	1.30603996486717e-298	KRT73
KRT74	113.54283836773	-6.24690243214783	0.212435627267236	-29.4060959195393	4.58955276889601e-190	3.21966248608328e-189	KRT74
KRT75	299.186679509774	-8.71966081954622	0.232078791714653	-37.5719847346813	0	0	KRT75
KRT77	5212.08064491818	-9.27987815527855	0.170680750199562	-54.3697994321471	0	0	KRT77
KRT78	2698.48740615694	-8.26442956456767	0.173921579044202	-47.5181378296207	0	0	KRT78
KRT79	568.137722311312	-7.83376841368024	0.180701560164325	-43.351968884809	0	0	KRT79
KRT8	3851.94045583292	0.928805617863273	0.114793358577338	8.09110935836519	5.91237407940683e-16	9.13315419234552e-16	KRT8
KRT80	10307.4223091029	-8.16544342478792	0.142767923288672	-57.1938236313606	0	0	KRT80
KRT81	316.260214130752	-7.03997608489574	0.170311377987893	-41.3359117169271	0	0	KRT81
KRT82	76.1963509914913	-6.68449846340427	0.239770916697535	-27.8786875217089	4.83802002631975e-171	3.00411171072031e-170	KRT82
KRT83	133.762895742201	-6.79107007438437	0.233471044388455	-29.0874189224306	5.17884452369659e-186	3.54600153180153e-185	KRT83
KRT85	834.247779109816	-7.87045861484549	0.234734793617144	-33.5291521702672	1.81269750886164e-246	1.76475759096908e-245	KRT85
KRT86	295.88081857662	-6.37440366017843	0.156167334051259	-40.8177785636408	0	0	KRT86
KRT8P12	312.450154509894	0.815854079045353	0.0513231610073536	15.8964113478602	6.71000554393676e-57	1.68273627467826e-56	KRT8P12
KRT8P15	2.12058351460388	-0.0891091124590242	0.110658272870418	-0.805263900724099	0.420667408623159	0.441232608240618	KRT8P15
KRT8P3	9.65400766658447	0.81917402486387	0.100784125116595	8.12800650812996	4.3640779289474e-16	6.75765735905223e-16	KRT8P3
KRT8P31	1.67565690508915	-2.44468880984746	0.179809243715488	-13.5960129709221	4.22865151516723e-42	9.10308011534624e-42	KRT8P31
KRT8P33	33.5268146366703	-0.126015403403848	0.0548655485214065	-2.29680385596949	0.0216299615038939	0.0245514179350271	KRT8P33
KRT8P36	12.4996627713865	1.50135565572078	0.109819640421156	13.6711033651459	1.51086728745038e-42	3.26809925996085e-42	KRT8P36
KRT8P39	6.46880268141346	-0.147192903902039	0.072261098865476	-2.03695911372811	0.0416541394368007	0.0466013775016687	KRT8P39
KRT8P44	0.472186899110862	-0.267506334489381	0.214182404583321	-1.24896503524554	0.211677862659447	0.227365189195817	KRT8P44
KRT8P46	11.2874062580481	0.556735785366858	0.0536940065750885	10.3686765223655	3.44259532642414e-25	6.08684397121706e-25	KRT8P46
KRT8P50	8.92257587734779	2.51822442513258	0.0844199710625708	29.8297238607925	1.60875878714963e-195	1.17339006999516e-194	KRT8P50
KRT9	45.6429528624114	-6.42271556335392	0.182520056870013	-35.1890946863339	2.93595930374009e-271	3.28058370121821e-270	KRT9
KRTAP1-1	61.5422629669749	-7.02334083077684	0.304722483143899	-23.0483184513176	1.5291412948076e-117	6.49352971168474e-117	KRTAP1-1
KRTAP1-3	96.6507966974333	-7.49248263693607	0.300274563697939	-24.9521056484595	2.02591262662842e-137	9.85900329600923e-137	KRTAP1-3
KRTAP1-5	85.1970649308585	-6.78573348246627	0.243043771287252	-27.9197999871646	1.53423059370963e-171	9.54638261920739e-171	KRTAP1-5
KRTAP10-1	21.6706067289615	-6.4242607105381	0.450721219043935	-14.2532910346781	4.27643307742378e-46	9.63575814578863e-46	KRTAP10-1
KRTAP10-10	33.2016566091128	-5.86631561639903	0.400118476528324	-14.6614464478092	1.13822110931798e-48	2.63356274920732e-48	KRTAP10-10
KRTAP10-11	19.9303623492433	-5.93721932743621	0.438737317998648	-13.5325149784831	1.00524702990746e-41	2.15191482760902e-41	KRTAP10-11
KRTAP10-12	19.3837896120273	-6.21961600407468	0.444170569407995	-14.0027647765236	1.49922854428553e-44	3.31380317113013e-44	KRTAP10-12
KRTAP10-13P	0.528026885225478	-1.20481859110072	0.523806045339615	-2.30012349383933	0.0214412246075983	0.0243417939052332	KRTAP10-13P
KRTAP10-2	32.3728498340008	-7.23258656679333	0.368841619397001	-19.608922058789	1.29752773398006e-85	4.2443752025032e-85	KRTAP10-2
KRTAP10-3	40.8077749166056	-6.68640233142302	0.401237415393682	-16.6644536997192	2.37650002482647e-62	6.30406380001493e-62	KRTAP10-3
KRTAP10-4	22.0638632683639	-6.49905574890362	0.440940472552308	-14.7390773890293	3.61692198929783e-49	8.41517548524625e-49	KRTAP10-4
KRTAP10-5	36.2628532442339	-6.66587841753651	0.429109683759044	-15.5342064507674	2.0357661628842e-54	4.98243734848111e-54	KRTAP10-5
KRTAP10-6	6.36451137669638	-4.06449611895449	0.416882851910583	-9.74973208978691	1.84955728352828e-22	3.14300770893916e-22	KRTAP10-6
KRTAP10-8	13.0180549839448	-5.8186239204043	0.493520784533518	-11.7900281057142	4.39394375657123e-32	8.47117720488794e-32	KRTAP10-8
KRTAP10-9	26.1457915445672	-5.8200598426126	0.437448108150906	-13.3045719804664	2.17736437863082e-40	4.58471589422546e-40	KRTAP10-9
KRTAP11-1	194.933155327556	-7.46272155677289	0.289683315368027	-25.7616547480199	2.38647231144357e-146	1.23907955230158e-145	KRTAP11-1
KRTAP12-1	21.0378933676792	-4.15158853129567	0.396577272957937	-10.468548790833	1.20475731204658e-25	2.14275628635021e-25	KRTAP12-1
KRTAP12-2	27.2353841826138	-5.95644271267147	0.4607976243489	-12.9263746120389	3.19534274621844e-38	6.57213948522373e-38	KRTAP12-2
KRTAP12-3	5.90976286778562	-4.66186237972233	0.531261128774805	-8.775086538843	1.70772491010045e-18	2.74079494532081e-18	KRTAP12-3
KRTAP12-4	0.55569077204676	-0.891719662540995	0.488230661180327	-1.82643109792656	0.0677853511523528	0.0750110103948794	KRTAP12-4
KRTAP16-1	40.3685524666803	-6.38260173047751	0.262701788176359	-24.2959965167526	2.16095192287703e-130	1.00204264718468e-129	KRTAP16-1
KRTAP19-1	14.8564073465209	-5.2396472713902	0.330978702227671	-15.8307686752183	1.90875048249943e-56	4.7708160837923e-56	KRTAP19-1
KRTAP19-5	10.557757176521	-7.19292209175311	0.480987830863473	-14.9544783260739	1.45618333740702e-50	3.43413549805631e-50	KRTAP19-5
KRTAP2-2	25.65628307997	-7.04178676125145	0.400138406637099	-17.5983775724831	2.53482224752706e-69	7.18911852493062e-69	KRTAP2-2
KRTAP2-4	31.7743781725104	-7.75943481480163	0.413552985017929	-18.7628552952295	1.52010087751445e-78	4.67190300429188e-78	KRTAP2-4
KRTAP24-1	10.4704032724854	-6.54837850150241	0.556868926831307	-11.7592815579852	6.3270369619538e-32	1.21550685541228e-31	KRTAP24-1
KRTAP26-1	36.6198339984696	-7.54423408424287	0.475014051334272	-15.8821282508418	8.42699033627833e-57	2.11126309037364e-56	KRTAP26-1
KRTAP29-1	3.62553981686622	-3.85242120039403	0.279684830351673	-13.7741514101785	3.64642540813762e-43	7.93415976935638e-43	KRTAP29-1
KRTAP3-1	142.803792716381	-7.51088726333714	0.304143006609006	-24.695248945812	1.20286585359012e-134	5.73583794184786e-134	KRTAP3-1
KRTAP3-2	70.6074060997953	-7.0416986508249	0.27008015835183	-26.0726248599564	7.4539005217442e-150	3.96154896049357e-149	KRTAP3-2
KRTAP3-3	90.5056710635297	-7.37336039855597	0.293302064225417	-25.1391357167169	1.85792882245945e-139	9.17295028334957e-139	KRTAP3-3
KRTAP4-1	30.2969161885489	-6.78345009406436	0.381955225970959	-17.7598043771238	1.44738134207798e-70	4.15141993925203e-70	KRTAP4-1
KRTAP4-11	14.4538453184463	-7.43911535066596	0.425252746223982	-17.493397554093	1.60873950287251e-68	4.53262166085584e-68	KRTAP4-11
KRTAP4-12	42.6126496861709	-7.22383931936412	0.384956721378898	-18.7653284594919	1.45097965615194e-78	4.4609880086065e-78	KRTAP4-12
KRTAP4-2	24.9477348892097	-7.18429436186911	0.423210751408481	-16.9756896249898	1.24285686702543e-64	3.36178308990606e-64	KRTAP4-2
KRTAP4-3	26.9068461835851	-6.98540550039214	0.38248138295485	-18.2633869560567	1.61927697559833e-74	4.80365933384074e-74	KRTAP4-3
KRTAP4-4	33.6755061595174	-7.08554680518899	0.383806698295784	-18.4612380050972	4.23521958873909e-76	1.27488608389452e-75	KRTAP4-4
KRTAP4-5	16.0390974440352	-6.99427378025199	0.42714107686273	-16.3746222480488	2.90304220590923e-60	7.53752527745162e-60	KRTAP4-5
KRTAP4-6	49.0328627924302	-7.34750765513295	0.361365958309393	-20.3325949392338	6.62068630800221e-92	2.28399720640759e-91	KRTAP4-6
KRTAP4-7	72.5985334418574	-7.45092359808384	0.331494430224819	-22.4767685931575	7.00569861240279e-112	2.85315793488377e-111	KRTAP4-7
KRTAP4-8	37.8034707364245	-7.3032510148965	0.373425180486902	-19.5574679923136	3.56338046787775e-85	1.16077473402583e-84	KRTAP4-8
KRTAP4-9	72.5467394221124	-7.37539791539463	0.340606894615913	-21.6536953067598	5.60971827014089e-104	2.13987155288846e-103	KRTAP4-9
KRTAP5-1	36.9641736720976	0.903046841320219	0.0971268445103069	9.297603004331	1.43647466186229e-20	2.379057906724e-20	KRTAP5-1
KRTAP5-10	19.557257532682	-4.2598636695959	0.125530085504887	-33.9350017365363	2.03026673185908e-252	2.0394437187609e-251	KRTAP5-10
KRTAP5-11	9.51556075087011	-4.9438105916381	0.324461409651369	-15.2369756297064	2.00959535012149e-52	4.82844712994352e-52	KRTAP5-11
KRTAP5-3	14.6779823122425	-5.65370375544295	0.30185237833002	-18.7300288529172	2.81763237358862e-78	8.64205151762971e-78	KRTAP5-3
KRTAP5-4	12.7638491372332	-5.22117522826057	0.255798943682074	-20.4112462432598	1.32853725242732e-92	4.61145373716625e-92	KRTAP5-4
KRTAP5-5	10.0199214480929	-4.90869281526859	0.273330421654926	-17.9588235570269	4.09392879557603e-72	1.19131607256974e-71	KRTAP5-5
KRTAP5-6	1.87050575924414	-2.82916142629089	0.380278280236979	-7.43971342388484	1.0090395632016e-13	1.50200290888878e-13	KRTAP5-6
KRTAP5-7	19.2683975359948	-4.34870195970091	0.155276402949172	-28.0061997644575	1.36551986006922e-172	8.57367387551656e-172	KRTAP5-7
KRTAP5-8	20.7705514544978	-3.99391672254747	0.139050333784137	-28.7228129113856	1.98024298356042e-181	1.31633507928623e-180	KRTAP5-8
KRTAP5-9	18.2053026385597	-2.66442597329497	0.0721010939083427	-36.9540298054573	6.27508089051906e-299	8.07417663404101e-298	KRTAP5-9
KRTAP8-1	26.9653405798751	-7.18457646664547	0.45935675188682	-15.6405156496223	3.85593008521965e-55	9.49789237329486e-55	KRTAP8-1
KRTAP9-2	7.20617627342262	-4.80294329502577	0.447279493117104	-10.7381254203136	6.7398982447525e-27	1.21628980755679e-26	KRTAP9-2
KRTAP9-3	49.8986246337857	-7.06535929422593	0.373454307362812	-18.9189390908857	7.96414676754027e-80	2.47646581382782e-79	KRTAP9-3
KRTAP9-4	39.2862784376326	-6.89407662891288	0.38747552403465	-17.7922893222447	8.10978267426695e-71	2.33238852723246e-70	KRTAP9-4
KRTAP9-6	3.27707126503805	-3.65685978678609	0.372988556907359	-9.80421441640732	1.07983953455729e-22	1.84213338339327e-22	KRTAP9-6
KRTAP9-7	8.710248281734	-5.16347418626049	0.39305796090792	-13.1366737219454	2.02953795810597e-39	4.22550460141865e-39	KRTAP9-7
KRTAP9-8	14.6244054376846	-6.79605951347231	0.472702962690716	-14.3770190793555	7.21352245653991e-47	1.63849359924511e-46	KRTAP9-8
KRTAP9-9	29.4301847816018	-7.08070259531463	0.410474197329396	-17.2500552808988	1.11792355963142e-66	3.08457112153972e-66	KRTAP9-9
KRTCAP2	2435.30010807526	0.266008932787137	0.0208644125534335	12.7494091724793	3.14116845554438e-37	6.39061633908842e-37	KRTCAP2
KRTCAP3	242.084255087094	-2.65779398234361	0.0721116195609644	-36.8566674625393	2.28700180498367e-297	2.92388632752209e-296	KRTCAP3
KRTDAP	18964.9470576575	-9.65379807683062	0.173015460421099	-55.797314606073	0	0	KRTDAP
KSR1	3121.60496855886	-1.22938525892531	0.0382418601430263	-32.1476323151476	9.53137448926917e-227	8.29261827845985e-226	KSR1
KSR2	24.1020587821774	-3.13007558325656	0.0858557415606181	-36.4573821897116	5.25519821134916e-291	6.49271262886042e-290	KSR2
KTI12	222.95496057267	0.0850675456628885	0.0266474602946643	3.19233220435352	0.00141128915706565	0.00167864517750355	KTI12
KTN1	18032.0621321164	-0.298794460477263	0.0541565193968639	-5.51723899181315	3.44366984163922e-08	4.6017000088596e-08	KTN1
KXD1	2302.46213885816	-0.0331613392697644	0.0164189085809347	-2.01970423955406	0.0434140750899954	0.0485160644210955	KXD1
KY	898.84966123431	0.0375371545044601	0.103911721205117	0.361240811615117	0.71791943577087	0.732237960412002	KY
KYNU	93.8419693678652	-0.681113972687554	0.0818965676594595	-8.31675846928955	9.04017172221954e-17	1.41420119207156e-16	KYNU
L1CAM	483.574586752793	0.97497863589222	0.0634859515668976	15.3573918611718	3.16035168312536e-53	7.63719836863197e-53	L1CAM
L1TD1	15.2783495256397	-0.736470863627125	0.109612747149204	-6.71884322563915	1.83172852323397e-11	2.6171081154643e-11	L1TD1
L2HGDH	829.42587313099	-0.553491233137484	0.0484395721358874	-11.426426963161	3.0854524613489e-30	5.81218394273144e-30	L2HGDH
L3HYPDH	617.069514815924	-0.260918937579072	0.0330841433913178	-7.88652541167334	3.1071630709929e-15	4.73599004580383e-15	L3HYPDH
L3MBTL1	808.500149437197	-0.221474935056994	0.0250764518174265	-8.83198853926705	1.02830983834661e-18	1.65598545357642e-18	L3MBTL1
L3MBTL2	1356.01253624109	0.202970914753117	0.0160066854007214	12.6803838316188	7.59589868731045e-37	1.5401416115147e-36	L3MBTL2
L3MBTL3	387.990546435972	-0.794196246714298	0.032732686857615	-24.2630936521954	4.81033160342581e-130	2.22770206311469e-129	L3MBTL3
L3MBTL4	400.833173990495	-2.20900844420763	0.0713609725458001	-30.9554139384783	2.14827102024047e-210	1.71718590743111e-209	L3MBTL4
LACC1	378.47559329897	0.532529243912352	0.0376323445876279	14.1508388527944	1.84542724411728e-45	4.12408886671076e-45	LACC1
LACTB	1731.58492615096	-0.18100154411854	0.0492021819764043	-3.67873002472415	0.000234398228838602	0.000285577158532905	LACTB
LACTB2	386.78711455338	0.590675076980752	0.0379324440360419	15.5717642770267	1.13240156051003e-54	2.77867509415771e-54	LACTB2
LAD1	6111.60599055233	-3.31908469846172	0.126347093026042	-26.2695770750943	4.27142524863836e-152	2.30209358984249e-151	LAD1
LAG3	51.4185201060098	-0.0111760579965163	0.0596787103970978	-0.187270433998182	0.851448603126603	0.860483174538624	LAG3
LAGE3	590.327910859502	0.170528661148891	0.0289988317744356	5.88053554968457	4.08941162566444e-09	5.57466858565585e-09	LAGE3
LAIR1	417.413188792374	-0.119880187226256	0.075395808786188	-1.59001129049786	0.111832260088577	0.122264956808653	LAIR1
LAIR2	1.37826130428883	0.31416479399546	0.146481812547794	2.14473584488828	0.0319739732308562	0.0359794644076165	LAIR2
LAMA1	157.015370313389	-1.34163787194941	0.092155053102811	-14.5584840632954	5.15891544115316e-48	1.18647804850132e-47	LAMA1
LAMA2	7797.72561893043	1.34469056226963	0.0452140449191716	29.7405499701146	2.2977297914771e-194	1.66310550769519e-193	LAMA2
LAMA3	3574.90932872276	-2.05518089553218	0.0733991348676732	-28.0000697451999	1.62159999211552e-172	1.01673359310594e-171	LAMA3
LAMA4	4767.59732561985	0.542857031694048	0.065955578894709	8.23064615293061	1.86206259248499e-16	2.89831290335688e-16	LAMA4
LAMA5	14105.9090082845	0.413552300715355	0.0412470129848241	10.0262363451024	1.16887433929156e-23	2.02277513762616e-23	LAMA5
LAMB1	10817.8321011074	0.707788974281539	0.0523223100134208	13.5274794652604	1.07651826725578e-41	2.30393595635137e-41	LAMB1
LAMB2	18234.3381277323	1.26759149752797	0.0239597914304799	52.9049470737644	0	0	LAMB2
LAMB3	2422.33719039271	-3.3139936440636	0.086976622534211	-38.1021192534821	0	0	LAMB3
LAMB4	1710.66618941474	-6.18264250834322	0.146871656868231	-42.0955454590542	0	0	LAMB4
LAMC1	16665.0788980546	0.191327727935877	0.033507224196165	5.71004410319893	1.12946900654431e-08	1.52330647986845e-08	LAMC1
LAMC2	1562.04312599901	-1.55341287050042	0.0742212615172208	-20.9294862246446	2.88590017612302e-97	1.04148133661569e-96	LAMC2
LAMC3	849.890543691736	-3.01377723547631	0.101031986568353	-29.8299314686577	1.59881557738934e-195	1.16661042596617e-194	LAMC3
LAMP1	12048.1930450453	-0.380097041125489	0.0333292608050488	-11.4043045643518	3.97944703030213e-30	7.48214184170343e-30	LAMP1
LAMP2	7888.05380985493	-0.96782030080938	0.0254583528371924	-38.0158255720095	0	0	LAMP2
LAMP3	81.1788682296829	-3.49863055323733	0.124756365230469	-28.0437037963885	4.76709336392414e-173	3.00253490706782e-172	LAMP3
LAMP5	19.0820297468454	-0.57083398637232	0.0980280370226832	-5.82317063270615	5.7741548301195e-09	7.8457549137214e-09	LAMP5
LAMTOR1	4194.95681774668	0.319229623255371	0.0203417182260674	15.6933460442042	1.67963572689555e-55	4.15317619778115e-55	LAMTOR1
LAMTOR2	1335.7326852171	0.463639096592336	0.0233977265564685	19.8155618014161	2.18555251945281e-87	7.26674010023457e-87	LAMTOR2
LAMTOR3	1515.09866571847	-0.0282415031385947	0.0158519438842694	-1.7815798078001	0.0748177796670836	0.0826406609674892	LAMTOR3
LAMTOR3P2	2.29555694818048	-1.42444767104093	0.111282683936753	-12.8002634430574	1.63395981374375e-37	3.33517525878232e-37	LAMTOR3P2
LAMTOR4	3635.19785136149	-0.48478801506975	0.0427390183807456	-11.34298431356	8.03565683096431e-30	1.50535808735757e-29	LAMTOR4
LAMTOR5	2652.30118229591	0.687513985723428	0.0320241919337892	21.4685818503986	3.06220798230636e-102	1.15247346622406e-101	LAMTOR5
LAMTOR5P1	0.439545447861965	0.686628653987005	0.176430323022281	3.89178369242283	9.95099445010337e-05	0.000122564386655019	LAMTOR5P1
LANCL1	3777.64703887228	-0.274561415471386	0.0253181590342596	-10.8444462766767	2.11915177466938e-27	3.85049471038896e-27	LANCL1
LANCL2	946.889998327817	-0.652977705997069	0.0267983568606763	-24.3663337044087	3.89178161774354e-131	1.81351180173444e-130	LANCL2
LANCL3	82.6581643886255	-0.807307731291989	0.0623694205602698	-12.9439671563384	2.54158404763206e-38	5.23407555673548e-38	LANCL3
LAP3	3896.76654994954	0.136235124549711	0.0283209932899154	4.81039358878073	1.50633381300537e-06	1.94390386177573e-06	LAP3
LAPTM4A	10723.1250386936	0.241290602126468	0.0250150172777989	9.64582992075787	5.11953847656284e-22	8.65728624862449e-22	LAPTM4A
LAPTM4B	6000.83557051039	1.27259459959101	0.0480992806856739	26.4576638454813	2.97830853787066e-154	1.6310475202376e-153	LAPTM4B
LAPTM5	1106.11266391078	-0.289491815941855	0.0666849655653343	-4.34118565538174	1.41715914518763e-05	1.78630920611459e-05	LAPTM5
LARP1	11780.4584995614	-0.161834052070641	0.0288983534387667	-5.60011325259602	2.14211810000319e-08	2.8737716439229e-08	LARP1
LARP1B	1332.61458205123	-0.1428501231763	0.0258596511403276	-5.52405453581421	3.31264564877625e-08	4.42825889823416e-08	LARP1B
LARP4	3055.58525374329	-0.358895130787656	0.0412264673200321	-8.70545438690224	3.16304956874887e-18	5.05666565604337e-18	LARP4
LARP4B	5678.49852657848	0.0945436266330526	0.0333717380732405	2.83304472861315	0.00461069339322031	0.00537685227852804	LARP4B
LARP4P	4.78970470313223	3.32302465327808	0.13306944438188	24.9721088767886	1.22862880592961e-137	5.98877528717546e-137	LARP4P
LARP6	1651.87552370814	1.40735477515575	0.0387524695513543	36.3165184425406	8.87745712241884e-289	1.08931905699156e-287	LARP6
LARP7	1313.00686737502	0.604952067178397	0.0225232916150633	26.8589546109598	6.62954616784317e-159	3.75750820426149e-158	LARP7
LARS2	1130.29810944271	0.59574558594007	0.0243397677937695	24.476223067854	2.64673982458828e-132	1.24234585612552e-131	LARS2
LAS1L	2299.01921846672	-0.306723236455928	0.0150419007265159	-20.3912552032227	1.99949767537082e-92	6.92438585116392e-92	LAS1L
LASP1	4164.37682461895	0.340005497759101	0.0438351903696923	7.75645080793766	8.73391649117494e-15	1.32128103838676e-14	LASP1
LAT	270.993531269764	-0.338541748164621	0.0437552435151697	-7.73716978737075	1.01654267526323e-14	1.53629289710465e-14	LAT
LAT2	235.043277970061	0.0955065506413558	0.0429954032350888	2.2213200355198	0.0263292927806627	0.0297560019678999	LAT2
LATS1	1663.40522719012	-0.445579850970064	0.0164415051121132	-27.100916122441	9.6045976003759e-162	5.5503165779893e-161	LATS1
LATS2	2557.09222700034	-0.171868484625001	0.0305161735523382	-5.63204571930453	1.78084455658783e-08	2.39338381836177e-08	LATS2
LAX1	27.4712951833776	-1.28615312885034	0.0762220487099062	-16.8737675071595	7.01743385095432e-64	1.88651174956733e-63	LAX1
LAYN	366.845237979081	0.131132833429807	0.0635284884707733	2.06415793270661	0.0390027446147119	0.0436948223680252	LAYN
LBH	4287.20426747393	2.28130904119142	0.0450166356383268	50.6770221462113	0	0	LBH
LBP	579.828615508107	-4.73214126341456	0.140316855873437	-33.7246814287435	2.51361210051691e-249	2.48476284576633e-248	LBP
LBR	1629.53406114389	-0.370505819202728	0.0288057275758141	-12.8622274243062	7.34297625152968e-38	1.50582040902011e-37	LBR
LBX2	16.2260236143781	0.121134906386294	0.0606605527140816	1.99693047567919	0.0458327360318262	0.0511649662827227	LBX2
LCA5	257.880959152458	-0.107271534110619	0.0432487002348666	-2.4803412247783	0.0131256706095182	0.0150244942542246	LCA5
LCA5L	85.6064723990517	-1.02082236069942	0.0488799228933837	-20.884287459414	7.4406221584072e-97	2.67449359971022e-96	LCA5L
LCAT	1286.1542334793	1.14928079121292	0.0374379153338385	30.6983116171037	5.99477846375759e-207	4.70000031037023e-206	LCAT
LCE1A	2118.50085430062	-9.88790481950771	0.227269179130888	-43.507460436653	0	0	LCE1A
LCE1B	2002.77913738181	-9.74389741184922	0.223883910367487	-43.5220976614863	0	0	LCE1B
LCE1C	3394.22701225045	-9.9811658846305	0.212615358187776	-46.94470789742	0	0	LCE1C
LCE1D	348.920697736708	-9.78485614362121	0.287987930367044	-33.9766188504855	4.93516416193251e-253	4.97970235868538e-252	LCE1D
LCE1E	241.844655498273	-10.1081608880833	0.289948664417436	-34.8618984274083	2.81129936477371e-266	3.06332928966655e-265	LCE1E
LCE1F	987.58018052341	-9.69918241304466	0.25474461883031	-38.074140516018	0	0	LCE1F
LCE2A	548.211036557067	-10.2160617984005	0.275488991343818	-37.0833758131938	5.20722012124222e-301	6.77277235567061e-300	LCE2A
LCE2B	2750.07697636638	-9.81559355261333	0.216976572828294	-45.2380338792658	0	0	LCE2B
LCE2C	1236.6232057676	-10.0603881928189	0.250508890837359	-40.1598049442105	0	0	LCE2C
LCE2D	729.850465329293	-10.2921414506928	0.273631510715656	-37.6131441286667	0	0	LCE2D
LCE3A	1.80587729813905	-3.02398696799569	0.209478467182353	-14.4357890749854	3.08099326837824e-47	7.02393108207659e-47	LCE3A
LCE3D	370.251165944232	-9.50796200503011	0.274697305763064	-34.6125054944334	1.63834517278036e-262	1.74507996776445e-261	LCE3D
LCE3E	88.5489153372485	-9.70362047380352	0.284669392202826	-34.0873333754467	1.13642719586321e-254	1.1610003378396e-253	LCE3E
LCE5A	744.940165345361	-9.19432818998166	0.238524331631682	-38.5467097930248	0	0	LCE5A
LCE6A	761.555338592471	-9.99971198507237	0.263533591280105	-37.9447338629551	0	0	LCE6A
LCK	63.3131111669255	-0.184752703684697	0.0652168756568706	-2.83289718840177	0.00461282195639449	0.00537898607482395	LCK
LCLAT1	587.142225518056	1.521555084272	0.0283383709705854	53.6923976982072	0	0	LCLAT1
LCMT1	1721.35580164411	-0.0729727080814348	0.027935152988977	-2.61221795027324	0.0089956885137751	0.01037489677963	LCMT1
LCMT2	395.784821262273	0.151401157138362	0.023164158138917	6.53600947767664	6.31819133959676e-11	8.93852265828994e-11	LCMT2
LCN1	1.20208100607119	3.82642979041268	0.23985825039267	15.9528796034678	2.7205778048356e-57	6.85130401019106e-57	LCN1
LCN10	998.970490554117	2.80669356904796	0.0829447240902761	33.8381205053282	5.42711605719095e-251	5.42139379275773e-250	LCN10
LCN12	53.9290096119022	3.03779284274881	0.0726205111493329	41.8310583975657	0	0	LCN12
LCN2	273.620489618646	-1.89347565983051	0.115682967621753	-16.3677998477838	3.2474298124521e-60	8.42441044155502e-60	LCN2
LCN6	513.080252436709	2.50920051329678	0.0804621898534214	31.1848399585919	1.7104459089879e-213	1.39131210156761e-212	LCN6
LCN8	36.0401069497601	-3.7955693528215	0.147612619411004	-25.713041120511	8.35520983740796e-146	4.31693835485593e-145	LCN8
LCNL1	127.331243658874	3.29555147029038	0.0791596855664147	41.6316897510339	0	0	LCNL1
LCOR	1652.5624136568	-0.218806124897394	0.0242137743334771	-9.03643198635419	1.61869006831936e-19	2.64170806163344e-19	LCOR
LCORL	455.074665504727	-0.844436070755731	0.022276992294146	-37.9061975515265	0	0	LCORL
LCP1	1341.3993645626	-0.593081241644588	0.0626755943666498	-9.46271427718874	3.00051408629303e-21	5.01599684875193e-21	LCP1
LCP2	476.358470632717	0.0503487378183609	0.0492433155819906	1.02244816831088	0.306568832518486	0.325443507351847	LCP2
LCT	2.82392851619956	-1.43551669013962	0.114409812154532	-12.5471466398413	4.12093535199505e-36	8.29393529419309e-36	LCT
LCTL	6.12233012287123	-0.410798324046245	0.068716452898119	-5.97816544249317	2.25664493062057e-09	3.09334948188401e-09	LCTL
LDB1	7913.59133218609	-0.343813988870768	0.0392506348354328	-8.75945039646586	1.96204658279066e-18	3.14672135930281e-18	LDB1
LDB2	1921.41718148062	0.495459806778071	0.062120840388382	7.97574217735041	1.51467837764954e-15	2.3210798907014e-15	LDB2
LDB3	69723.4259296622	1.03890675557966	0.132626536520157	7.83332493510276	4.7513426313283e-15	7.21945798147554e-15	LDB3
LDHA	37938.1304363506	-1.01700206116969	0.049391832211258	-20.5904906872007	3.33969588047039e-94	1.17693550400054e-93	LDHA
LDHAL6A	5.31749795152439	-0.463343401946797	0.0767996864239152	-6.03314184629943	1.6080214727657e-09	2.21215090036342e-09	LDHAL6A
LDHAL6B	12.4298236372853	-1.33801206717183	0.0732691364090409	-18.2616055374543	1.67298567184751e-74	4.96135339026805e-74	LDHAL6B
LDHAL6FP	5.45378783519733	-0.455608044235121	0.0756333924588793	-6.02390067962148	1.70262871923938e-09	2.34069188750787e-09	LDHAL6FP
LDHAP2	10.8377998463882	-1.29774786508013	0.0662974944698302	-19.5746140251301	2.54557838180163e-85	8.30126022659621e-85	LDHAP2
LDHAP3	9.23348339783215	-0.795124749540375	0.0881608899051342	-9.01901909560999	1.89780922071277e-19	3.09386558431901e-19	LDHAP3
LDHAP4	139.926912112563	-0.698912390278996	0.0621463959183273	-11.2462256250146	2.41715768038739e-29	4.50287233826487e-29	LDHAP4
LDHAP7	6.99244132783385	-0.961657801202111	0.0910690510252855	-10.5596554523787	4.5834105219812e-26	8.1851163498198e-26	LDHAP7
LDHB	22495.1874490257	3.0283816838195	0.0576781688666492	52.5048166979964	0	0	LDHB
LDHC	23.9705606809625	-0.569407133954482	0.125295869387305	-4.54450044314209	5.50656914979741e-06	7.01314215830644e-06	LDHC
LDHD	2900.15428417765	1.46172553772793	0.0831979645852593	17.5692463753725	4.23764277991742e-69	1.19977678013988e-68	LDHD
LDLR	2430.21183943767	0.118480475118044	0.0718908434779407	1.64806071797446	0.0993402121446563	0.108978192383202	LDLR
LDLRAD1	2.24391094431612	-2.26012264203011	0.176539272280773	-12.802378829542	1.59004667472209e-37	3.24701420211824e-37	LDLRAD1
LDLRAD2	160.507070341865	0.663342108333576	0.0477938680499189	13.8792304410419	8.46478741299074e-44	1.85551191209506e-43	LDLRAD2
LDLRAD3	1258.77469150406	-1.90778146381647	0.0497467533032828	-38.3498688283358	0	0	LDLRAD3
LDLRAD4	1169.19021788636	0.846301631718801	0.0422542528388288	20.0287917750401	3.09065685525251e-89	1.04263332180286e-88	LDLRAD4
LDLRAP1	1727.74716400963	-0.127812993006027	0.0224183345977148	-5.70127064742159	1.18917654730695e-08	1.60311293552553e-08	LDLRAP1
LDOC1	896.36650656411	-1.30697295868813	0.059591983583295	-21.9320264253547	1.28572239357554e-106	5.00525276962657e-106	LDOC1
LEAP2	41.8207070043861	0.20017232987448	0.0378424300949925	5.28962673306142	1.22566232360794e-07	1.61800729592744e-07	LEAP2
LEF1	173.261232837325	-2.04502229135771	0.0918902867080044	-22.2550431021734	1.00796602551141e-109	4.02314776612656e-109	LEF1
LEKR1	21.4874494713849	0.218822923057649	0.0556567018907252	3.9316545110287	8.43632475559255e-05	0.000104186527116782	LEKR1
LELP1	2.08356484358132	0.0190698144065799	0.175450058232368	0.108690841135679	0.913447706530683	0.9184478671317	LELP1
LEMD2	2865.8925217266	0.0134279292284434	0.020042088690011	0.669986518677364	0.502866384225833	0.52345444876246	LEMD2
LEMD3	1409.04740340932	-0.299507442406796	0.0143298184452977	-20.9009935157329	5.24421124447294e-97	1.88802093223515e-96	LEMD3
LENEP	2.33858316030345	-1.24100942653508	0.114573210781288	-10.831584609286	2.43897574428324e-27	4.4280385650875e-27	LENEP
LENG1	485.481877772249	0.168372733572426	0.0307617347988494	5.47344727706072	4.41364237521023e-08	5.88649154598498e-08	LENG1
LENG8	23484.4825378942	0.101282589275686	0.0320624683900579	3.15891428081977	0.00158358060110545	0.00187928402718967	LENG8
LENG9	150.760047015433	-0.374358419145029	0.0393226821093894	-9.5201649293307	1.72904426601858e-21	2.89881026661083e-21	LENG9
LEO1	865.547493054804	-0.652272088105799	0.0288315882205324	-22.6235226140364	2.54340030433638e-113	1.0472037712342e-112	LEO1
LEP	2425.16792876142	-5.85847838488245	0.153663067069066	-38.125481266421	0	0	LEP
LEPR	1066.63125047735	-0.991582844701564	0.0696353484741385	-14.2396479148779	5.19883205557897e-46	1.1696559909071e-45	LEPR
LEPROT	4542.38071829668	-0.0129465458100442	0.026722976501904	-0.48447244673967	0.628050614166819	0.645705425440048	LEPROT
LEPROTL1	1556.91827073485	1.17031844062519	0.0273855388215583	42.7349064866271	0	0	LEPROTL1
LETM1	3240.17356731647	0.349315486138994	0.0266053314495461	13.129529575733	2.23037739471028e-39	4.64096907665932e-39	LETM1
LETM1P2	10.1699857369101	4.14763035998373	0.0777081064750522	53.3744875293713	0	0	LETM1P2
LETM2	58.6836001586119	0.869373847290948	0.0462599748399719	18.7932191986354	8.58124782223254e-79	2.64369402786254e-78	LETM2
LETMD1	2613.25620255144	-0.816595613350013	0.0248766100619886	-32.8258396668672	2.52003748512593e-236	2.32393415828647e-235	LETMD1
LFNG	1225.44812640648	-0.620657149602898	0.0861204657702715	-7.20684850054709	5.72616502525163e-13	8.41511116169113e-13	LFNG
LGALS1	15122.5128395147	0.557182055515145	0.0473024764304496	11.7791307678022	5.00060831628949e-32	9.62531547278947e-32	LGALS1
LGALS12	518.304096264361	-3.93284872666055	0.143116109875066	-27.4801259627148	3.03402371736894e-166	1.8072621090787e-165	LGALS12
LGALS2	13.6892894722285	-0.470052399324791	0.0839220120638382	-5.60106207853106	2.13042417456077e-08	2.85850965759306e-08	LGALS2
LGALS3	11759.4532551403	-0.285313836344761	0.05808301919899	-4.91217296000553	9.00725418218789e-07	1.16899482720666e-06	LGALS3
LGALS3BP	9037.68732287136	2.66843839545262	0.062494817157084	42.6985551257052	0	0	LGALS3BP
LGALS4	77.8829748222795	-0.478385042291921	0.0519218627511689	-9.2135570055439	3.15493049942923e-20	5.19786783088281e-20	LGALS4
LGALS7	1578.3496026632	-8.90820913302204	0.188126053318634	-47.3523415596986	0	0	LGALS7
LGALS7B	6445.56397363603	-9.50332952713741	0.171305425699925	-55.4759400544871	0	0	LGALS7B
LGALS8	2562.36832044713	0.919491583401347	0.043257461225325	21.2562540046393	2.88550093182487e-100	1.06920342267969e-99	LGALS8
LGALS8-AS1	5.98869869123526	1.68124849955358	0.0637456234962025	26.3743361087955	2.69959402215008e-153	1.46504045802603e-152	LGALS8-AS1
LGALS9	811.364338785334	1.09372505041351	0.0536603569850053	20.3823662730968	2.39778852175095e-92	8.29093184403358e-92	LGALS9
LGALS9B	10.7554734704748	-2.48165453164991	0.15489806373594	-16.0212108001587	9.08635731175359e-58	2.29982449337565e-57	LGALS9B
LGALS9C	13.6456821431923	-2.21705204548456	0.123599571111974	-17.9373765259754	6.02324526446095e-72	1.7510406654645e-71	LGALS9C
LGALSL	4638.97357415996	-2.65783258393314	0.0722391752599189	-36.7921224788374	2.46757722111398e-296	3.13692496873395e-295	LGALSL
LGI1	89.1454514544545	-3.31436095636899	0.106782293589933	-31.038488170116	1.63154270808659e-211	1.31230564290736e-210	LGI1
LGI2	148.627682340437	2.11114741620894	0.0617815633218508	34.171155644135	6.48710887707878e-256	6.65760814688113e-255	LGI2
LGI3	273.477475666667	-2.23946576530146	0.118747242251671	-18.8590970437459	2.47409038200934e-79	7.66146584664548e-79	LGI3
LGI4	3207.78141210366	-0.759666237229193	0.0436195702482983	-17.4157203499461	6.26948245247964e-68	1.75461681634151e-67	LGI4
LGMN	3574.09700546915	0.70262315467759	0.0260621093745949	26.9595658808224	4.40622336353555e-160	2.5187814152748e-159	LGMN
LGMNP1	5.76775280786206	0.752674412075626	0.0599100879947964	12.5634002096776	3.35594539257822e-36	6.75806835348479e-36	LGMNP1
LGR4	2001.16240856956	-0.0561682515021939	0.0369583317179747	-1.51977237313654	0.128568194829762	0.140128122737379	LGR4
LGR5	1409.57169026047	-6.94434759089987	0.0993507583186077	-69.8972781730569	0	0	LGR5
LGR6	352.227062653223	-0.660813453372361	0.0914187933864415	-7.22842020654331	4.88644794477725e-13	7.18987652884872e-13	LGR6
LHB	8.17134048076153	-0.00521121073429114	0.0768211199622355	-0.0678356516652311	0.945916463190652	0.949450331989234	LHB
LHCGR	31.0277578689141	-1.23765763808483	0.116980470174104	-10.5800364474754	3.68814729787001e-26	6.59647488907595e-26	LHCGR
LHFPL1	5.67712350533946	-0.0475929301273497	0.0951223454841632	-0.500333858307493	0.61684001720785	0.635188899362651	LHFPL1
LHFPL2	1264.19430845261	0.0609643303412548	0.0541619602248321	1.12559313008956	0.260337777298198	0.277791365094539	LHFPL2
LHFPL3	3.28209444157069	-1.16667004555779	0.110668260902	-10.5420473408443	5.52821017826099e-26	9.86550128074513e-26	LHFPL3
LHFPL4	11.0071409870375	-1.35530777767371	0.0869282538717858	-15.5911078079713	8.36699107058688e-55	2.05504442982173e-54	LHFPL4
LHPP	650.506836778736	-0.252962313369218	0.0253482242911283	-9.97948852211134	1.87430441914978e-23	3.23452726000529e-23	LHPP
LHX2	51.3552113393773	-2.63714335400943	0.163409233287796	-16.1382762831088	1.37323059966306e-58	3.50234117661303e-58	LHX2
LHX4	94.0749072228063	-0.334680564625059	0.0412719482163276	-8.10915353137257	5.09736063203627e-16	7.8843090511501e-16	LHX4
LHX6	585.727979789423	0.311914512544561	0.0656425746515049	4.75171052019986	2.0170300566496e-06	2.59625012869141e-06	LHX6
LHX8	0.744647761190551	-1.45181419717617	0.367013715733788	-3.95574915851167	7.62951835214082e-05	9.43780647724621e-05	LHX8
LHX9	6.89114317081467	1.86598444268299	0.126681366557842	14.7297467132311	4.15259300901557e-49	9.65648194746018e-49	LHX9
LIAS	896.931918487796	0.152167768525338	0.0348655364684062	4.36441781594919	1.27461756483867e-05	1.6085523545051e-05	LIAS
LIF	521.717137972289	0.713650953368332	0.103150235409108	6.9185586493128	4.56261897086874e-12	6.59798394076223e-12	LIF
LIFR	6882.15135165296	-0.737974495382153	0.0488055824644427	-15.1206984553417	1.18281357725883e-51	2.82160445325155e-51	LIFR
LIG1	991.004940466155	-1.39771676810384	0.0516230780701641	-27.0754247974931	1.91766570063012e-161	1.10711675038624e-160	LIG1
LIG3	1328.34687871529	-0.50597756281692	0.0228355478033943	-22.1574523708913	8.84131412788667e-109	3.50401795720141e-108	LIG3
LIG4	780.930103234709	0.414520699083113	0.0411606112651708	10.070810086192	7.43630399223062e-24	1.29109672226219e-23	LIG4
LILRA1	24.5586842676922	1.04192645487508	0.0704471986867248	14.7901758238602	1.69510426094434e-49	3.95612236500183e-49	LILRA1
LILRA2	48.2998295569041	0.793074758392695	0.065665852544043	12.0774303183039	1.38995968900814e-33	2.72302097030044e-33	LILRA2
LILRA4	4.6250590761733	-0.688799941987391	0.105182715746727	-6.54860389463587	5.80774467467447e-11	8.22219519377232e-11	LILRA4
LILRA5	54.3365517734975	1.46652089595059	0.084290823321842	17.3983458478163	8.49199530172933e-68	2.37330239755364e-67	LILRA5
LILRA6	149.527692184609	0.865801462269227	0.0634844087336238	13.6380172634524	2.37942242580918e-42	5.13757743636692e-42	LILRA6
LILRB1	90.5913262102361	1.01541657340336	0.0717653202062893	14.1491262142292	1.89092188481619e-45	4.22313707798712e-45	LILRB1
LILRB2	181.229154266124	0.976563025238402	0.0620170318685259	15.7466908011445	7.23705940656293e-56	1.79812707215375e-55	LILRB2
LILRB3	162.057035585718	1.28146922732261	0.0594159255488108	21.5677735470076	3.60638822208134e-103	1.36670725022497e-102	LILRB3
LILRB4	98.0618014935613	0.674033729424905	0.0781293327436617	8.6271532823194	6.28978548527816e-18	1.00081701158395e-17	LILRB4
LILRB5	572.806786956979	-0.258297713570089	0.0715427182048	-3.61039837528508	0.00030572707248789	0.000371349057480062	LILRB5
LIMA1	5298.18215912685	-0.904682007305614	0.0486818684737346	-18.583551446751	4.3663036468514e-77	1.32520370842981e-76	LIMA1
LIMCH1	11238.1863870328	0.151580296203392	0.0807201621726631	1.87784925257158	0.0604017902941992	0.0669886406928643	LIMCH1
LIMD1	1555.0454908893	0.101500840299747	0.0432763322364269	2.34541226241698	0.0190060512210419	0.0216208245721673	LIMD1
LIMD2	286.32910076905	0.751128830522568	0.0517791577972112	14.5063933535633	1.10373248507721e-47	2.52905912218367e-47	LIMD2
LIME1	471.922487855863	-0.0269179140941473	0.0356440050829534	-0.755187696542572	0.450136369822517	0.470743321511365	LIME1
LIMK1	1702.71631999838	-0.731510221377049	0.0439462326458759	-16.6455729498282	3.25832603140029e-62	8.6330772580566e-62	LIMK1
LIMK2	4039.44473102207	-1.31399589310246	0.049058320026227	-26.7843638428708	4.9153980364543e-158	2.7693921769707e-157	LIMK2
LIMS1	3929.65779710296	-0.586194656592265	0.0472587806830984	-12.4039310392515	2.48811077741074e-35	4.96491321407501e-35	LIMS1
LIMS2	6673.80800854139	2.50681897196304	0.0428305000699071	58.5288280050772	0	0	LIMS2
LIN28B	1.00088715757497	-0.36808874439659	0.210723232439854	-1.74678767089268	0.0806741760052522	0.0889947200803128	LIN28B
LIN37	316.756378339319	0.252007545533412	0.0235204234604433	10.7144136225795	8.71074858781454e-27	1.57069202974306e-26	LIN37
LIN52	495.935409893445	0.0324769834152271	0.0235175823395262	1.38096607662951	0.167289391383349	0.180972135474259	LIN52
LIN54	609.962114537743	-0.63798132354234	0.023575622648129	-27.0610593435577	2.83059099963548e-161	1.63051099470202e-160	LIN54
LIN7A	461.244230569018	1.78538288899557	0.0537945996154529	33.1888870213416	1.55734789910408e-241	1.471591576471e-240	LIN7A
LIN7B	669.383380201564	-0.323795233929038	0.0527785327656458	-6.13497982914371	8.51699999090449e-10	1.17834537573032e-09	LIN7B
LIN7C	1085.72612392402	-0.125645706719281	0.0264570086793742	-4.74905187664825	2.04372517836524e-06	2.63023499933886e-06	LIN7C
LIN9	310.027910112293	1.8614882538545	0.033346914993233	55.821902992593	0	0	LIN9
LINC00092	49.1566115887147	0.746781124005782	0.0571632677725813	13.0640033907225	5.28725118749707e-39	1.09636918127099e-38	LINC00092
LINC00115	110.423872199619	0.242361025379552	0.0375028177316813	6.46247508956675	1.03004106390581e-10	1.45095619307993e-10	LINC00115
LINC00173	133.154332006693	-2.07022917388632	0.0820370276650591	-25.2353020679718	1.64226824390501e-140	8.16417306228502e-140	LINC00173
LINC00174	827.757703445026	-0.55552629186024	0.0450648300418984	-12.3272692106849	6.45990285432384e-35	1.28321243964559e-34	LINC00174
LINC00242	13.2642829652975	-0.215694967333039	0.0533226154388304	-4.04509354160385	5.23022362527162e-05	6.4970847752753e-05	LINC00242
LINC00243	4.17938151538578	1.043973876538	0.0784066033991587	13.3148718510768	1.8969766281589e-40	3.99712937884682e-40	LINC00243
LINC00265	450.581515042193	-0.857914632676161	0.0583389183466595	-14.7057000196385	5.92549753636797e-49	1.37596595913519e-48	LINC00265
LINC00271	36.3403526998557	-0.643258143045962	0.061237386373782	-10.5043369930851	8.25004713204216e-26	1.46980501211293e-25	LINC00271
LINC00470	6.27648726195379	0.564607073712516	0.150036676826251	3.76312702770906	0.000167801912752255	0.000205301585771313	LINC00470
LINC00471	18.9989465958941	0.125697960786844	0.0541678874433026	2.32052543895886	0.0203124704060205	0.0230821778788444	LINC00471
LINC00482	117.86807057961	0.596131853475465	0.0615894266775219	9.67912652599889	3.69862359091214e-22	6.26507229321628e-22	LINC00482
LINC00552	1.42214497470422	0.437985020583599	0.128264982743477	3.41468896042768	0.000638548845020334	0.000767734287951578	LINC00552
LINC00632	171.757439812941	-0.0816059599094316	0.0776222812895693	-1.05132132879477	0.293111034370929	0.311616568019791	LINC00632
LINC00636	1.82141848514369	-1.71834173999112	0.178522869627465	-9.62533116108259	6.25052592936942e-22	1.05549453334502e-21	LINC00636
LINC00654	183.725929373715	1.70807449453145	0.0505625312509235	33.7814277148209	3.69605902515644e-250	3.67787498683477e-249	LINC00654
LINC00674	397.955984968715	0.397672234444939	0.032111980560962	12.3839211253255	3.19350550866491e-35	6.36332661738732e-35	LINC00674
LINC00677	2.26521699601405	0.346999442485312	0.104815314797421	3.31057959570094	0.000931029692328125	0.00111388179526775	LINC00677
LINC00680	287.833778013579	0.766371773268246	0.0290337145597376	26.3959257328723	1.52598549266298e-153	8.30137952657185e-153	LINC00680
LINC00842	51.7478253027733	-2.26668249980412	0.105473082993115	-21.4906252427654	1.90528393217786e-102	7.17961399688792e-102	LINC00842
LINC00893	501.995785269511	0.207834112147834	0.0452959454280778	4.58836017625107	4.46741375952076e-06	5.70097228733399e-06	LINC00893
LINC00894	360.186110757559	0.0763038653882166	0.0430124407543349	1.77399524532972	0.0760639367830497	0.0839964987443517	LINC00894
LINC00910	198.233910228609	-0.827563643928546	0.0396520490644233	-20.8706400666455	9.89993450356e-97	3.55422259670091e-96	LINC00910
LINC00923	50.0124745598883	3.6238951071707	0.0793146716345512	45.6900978405117	0	0	LINC00923
LINC00937	5.59003208270235	0.703375918239965	0.0757032694265444	9.29122247385178	1.52526275031113e-20	2.52448094596824e-20	LINC00937
LINC00957	262.567842140554	0.913152826211693	0.0446681586376573	20.4430371446264	6.92901340641031e-93	2.41208993093777e-92	LINC00957
LINC00963	1737.51886383687	-0.242485435673365	0.0335501360111531	-7.22755447527113	4.91768906642562e-13	7.23525303512281e-13	LINC00963
LINC00987	59.5255026680137	1.16285953740541	0.0534555528724661	21.7537650425157	6.36368553566023e-105	2.44718443339927e-104	LINC00987
LINC01001	40.7281829360321	-0.352999949994458	0.0571150988849844	-6.18050142406848	6.38983199611159e-10	8.86021920828876e-10	LINC01001
LINC01002	57.5092301574614	-0.27311862676439	0.0453026132662332	-6.02876097145509	1.6522143559767e-09	2.2720787335322e-09	LINC01002
LINGO1	233.794921239554	0.452250586640727	0.0604561321946814	7.48064042840826	7.39612881055792e-14	1.10359511537511e-13	LINGO1
LINGO2	5.45070209849155	-0.522467985356521	0.11224992014956	-4.65450652134445	3.24757559146572e-06	4.16112237326318e-06	LINGO2
LINGO3	16.5816075376541	-0.171684262679834	0.0612771885987529	-2.80176467957814	0.00508239310873483	0.00591658529071562	LINGO3
LINGO4	738.282427087496	-3.43876724898833	0.121220687940805	-28.3678248936152	5.04567339602476e-177	3.25778934009475e-176	LINGO4
LIPA	1950.10587102847	-0.263868368600827	0.0545380678296653	-4.83824196751794	1.30992611879633e-06	1.69299110169821e-06	LIPA
LIPC	22.698156277398	0.241054934854705	0.0883681645012642	2.72784815906475	0.0063748944814885	0.00739540346466936	LIPC
LIPE	6274.89657541019	-2.06291849507188	0.109097441445867	-18.908953938168	9.62470734219809e-80	2.98972142997252e-79	LIPE
LIPE-AS1	76.1939183252465	-1.01147720414511	0.0807432626956822	-12.5270786735151	5.30821412686772e-36	1.06691784834464e-35	LIPE-AS1
LIPF	70.0771237731465	0.150242768324959	0.148018163527804	1.01502926900412	0.310091875679267	0.329086419885773	LIPF
LIPG	273.06696981165	-0.792551691922898	0.0977870326450904	-8.10487516069125	5.27997030684004e-16	8.16395340091287e-16	LIPG
LIPH	312.525492341149	-2.57662487915963	0.122994336770627	-20.9491343001003	1.91073048232507e-97	6.91080156968728e-97	LIPH
LIPI	1.93263378172001	-0.411774189550005	0.111697448102735	-3.68651385098137	0.000227347073412742	0.000277080207752388	LIPI
LIPJ	6.88592841556776	-2.26070696015735	0.0995776098750752	-22.7029646824574	4.18781960214311e-114	1.73458215964515e-113	LIPJ
LIPK	117.322243991064	-9.42718836042275	0.245978151289541	-38.325307800716	0	0	LIPK
LIPM	210.331210661733	-9.2724855932861	0.275234374796828	-33.6894168838135	8.26003582989245e-249	8.13396635524584e-248	LIPM
LIPN	303.794171098996	-5.20477948338812	0.161054636026748	-32.3168560172568	4.05544063131065e-229	3.58379905764472e-228	LIPN
LIPT1	236.801852038041	0.329040863977451	0.0285823582254464	11.5120264528947	1.14749844554039e-30	2.17204201032308e-30	LIPT1
LIPT2	107.79568650006	-1.12669359921909	0.0545588236595633	-20.6509877531349	9.56442477256538e-95	3.37785384208259e-94	LIPT2
LITAF	4889.1407953902	-0.321927847430423	0.039456328789501	-8.1590927819946	3.37550286499936e-16	5.23498122450707e-16	LITAF
LIX1	3.45856071813297	0.211918750422998	0.108503896785504	1.95309806100262	0.050807976697313	0.0565751817721348	LIX1
LIX1L	2520.15404169087	-0.288047230098456	0.0468193217779411	-6.15231530829584	7.63598721929738e-10	1.05734927641979e-09	LIX1L
LLGL1	1732.13263873669	-0.479864460111428	0.0216322750802702	-22.1828013156642	5.03446580614248e-109	1.99967826514498e-108	LLGL1
LLGL2	1915.29973170972	-2.38723044124468	0.0859908987717822	-27.7614314461386	1.26821493688912e-169	7.77029852925157e-169	LLGL2
LLPH	1048.70603781246	0.254366395106567	0.0266276935862925	9.55270099838876	1.26358157515054e-21	2.12299159364242e-21	LLPH
LMAN1	4397.36115618743	0.339586042428992	0.0245524294688791	13.8310566316636	1.65570434035921e-43	3.61615309764694e-43	LMAN1
LMAN2	3518.51046047402	0.278865321073732	0.0209978131232273	13.2806840139585	2.99644412180106e-40	6.30128395286693e-40	LMAN2
LMAN2L	1336.64372450962	0.378572296280208	0.0250358436093711	15.1212118987077	1.17362654813096e-51	2.80005984001396e-51	LMAN2L
LMBR1	1596.59350293639	-0.0946494840081778	0.0163722780620719	-5.78108212243495	7.4221645804503e-09	1.00614793744021e-08	LMBR1
LMBR1L	2188.83846009184	0.223078670303317	0.0270249778633181	8.2545366524096	1.52492677216095e-16	2.37787654415014e-16	LMBR1L
LMBRD1	2480.33560328618	-0.0778885350457539	0.0167860671224191	-4.64007051072301	3.48290319376522e-06	4.45947367458337e-06	LMBRD1
LMBRD2	1184.96065784774	-0.396070370322624	0.0290635586455003	-13.6277313853287	2.73965074138756e-42	5.90899269059639e-42	LMBRD2
LMCD1	9915.12195776009	-1.13255088551713	0.0844116898420792	-13.4169910309336	4.8084339410439e-41	1.02143756635274e-40	LMCD1
LMF1	745.718142085654	-0.38923855263378	0.0362935224808934	-10.7247389072993	7.79067820478608e-27	1.40521040445245e-26	LMF1
LMF2	3553.36315228747	0.19776331095842	0.0268951265740667	7.35312809976178	1.93621212999446e-13	2.86744175664585e-13	LMF2
LMLN	590.100464884037	0.40151146327562	0.0231737797866955	17.3261102405977	2.98871442130628e-67	8.29476538666889e-67	LMLN
LMNA	24889.3130876847	-0.473684560814574	0.0316732318840739	-14.9553592304155	1.43704169053705e-50	3.38943756176066e-50	LMNA
LMNB1	289.348647968859	-0.761482008662317	0.0671369645398393	-11.3422168231996	8.10645558371915e-30	1.51846313176408e-29	LMNB1
LMNB2	2136.50636751557	-0.0632698304236601	0.030854049882221	-2.05061671531548	0.0403042872716995	0.0451248585133638	LMNB2
LMO1	234.051494963821	-2.73816262211593	0.103441616427292	-26.4706093803219	2.1133520714809e-154	1.15877096066791e-153	LMO1
LMO2	1332.64881039298	-1.01169016219946	0.0509992042342868	-19.837371531364	1.41674824575529e-87	4.71926076458938e-87	LMO2
LMO3	479.21820270796	-0.822897269671767	0.0898165367393556	-9.16197951452733	5.09539138418859e-20	8.36804491440368e-20	LMO3
LMO4	2567.55387448511	-0.27492613985279	0.0203758569437079	-13.4927399918602	1.72566078456675e-41	3.68488965397226e-41	LMO4
LMO7	9270.02839593762	1.32016971455185	0.073424075552817	17.9800658654831	2.79160774737068e-72	8.13793215553354e-72	LMO7
LMOD1	5559.71563753828	-1.41531318966973	0.0459339619387377	-30.811911926024	1.81484087047569e-208	1.43473651776166e-207	LMOD1
LMOD2	22803.4505729764	0.781790466565279	0.169553401655702	4.61088045967249	4.0096707303248e-06	5.12337328340266e-06	LMOD2
LMOD3	11950.6288576411	-0.413618309277958	0.155002388941654	-2.66846409337377	0.00761989228121617	0.00881244336358319	LMOD3
LMTK2	2798.32271368813	-0.0993084666323907	0.0356285652944143	-2.78732712955915	0.00531448006492384	0.00618048403373276	LMTK2
LMTK3	177.482982721048	-1.09305943375282	0.0943357461506473	-11.586906113058	4.80165013740181e-31	9.12815546767028e-31	LMTK3
LMX1A	22.7381801122465	0.0383836231373129	0.0830422789204636	0.462217844166777	0.643925108099526	0.660886930320974	LMX1A
LMX1B	302.980498927515	-0.938449724476255	0.107549191563434	-8.72577200101725	2.64370849046032e-18	4.23204949193208e-18	LMX1B
LNP1	152.196209015727	0.68987729028116	0.0468489221810603	14.725574424422	4.41700452080975e-49	1.0267368075813e-48	LNP1
LNPEP	4557.46465050829	-0.0612537892040021	0.0245162172634546	-2.49850083093002	0.0124719850143499	0.0142898734799385	LNPEP
LNX1	659.20743709024	-0.200945385528262	0.0457200641603006	-4.39512474925058	1.10709156634166e-05	1.3995895277559e-05	LNX1
LNX2	876.71359657304	-0.0273146580089708	0.0278831841019032	-0.979610431475306	0.327278453781004	0.346610545773481	LNX2
LONP1	5142.73189647745	0.614937272047862	0.0309880298809502	19.8443487504797	1.23316046103714e-87	4.11152462662151e-87	LONP1
LONP2	4740.0882411527	-0.0664551013830097	0.01681341526097	-3.95250461322252	7.73374376975875e-05	9.56279170211754e-05	LONP2
LONRF1	4073.2218140981	-2.16347586333455	0.0488866582395686	-44.2549346026569	0	0	LONRF1
LONRF2	1757.81879327535	0.560865103297415	0.0630433840753648	8.89649424001308	5.76384534261279e-19	9.32126314009279e-19	LONRF2
LONRF3	427.361802460069	-1.87756062684626	0.0750842555792203	-25.0060497019282	5.25394891015768e-138	2.56791567558372e-137	LONRF3
LOX	1633.66896623548	-1.14711649345721	0.0767441188642348	-14.9472886057436	1.62220804349708e-50	3.82266880363803e-50	LOX
LOXHD1	68.4777613604441	1.42916633009051	0.06979974634414	20.4752367300042	3.58004472607721e-93	1.25086151230815e-92	LOXHD1
LOXL1	917.924185575155	2.14061633827297	0.0518449467413921	41.288813526043	0	0	LOXL1
LOXL2	1064.65776086002	0.406610759904616	0.0644623888675683	6.30772093693205	2.83174190315493e-10	3.95547342272771e-10	LOXL2
LOXL3	254.690592335822	1.60710837052048	0.0476020340261889	33.7613382158483	7.28859731990402e-250	7.24472889870747e-249	LOXL3
LOXL4	776.90453919484	-1.14859335865001	0.060925273604427	-18.8524940586651	2.80309897897835e-79	8.67433122238082e-79	LOXL4
LPA	1.40177414062498	-0.528846967391278	0.134910071040409	-3.91999621164586	8.855036057048e-05	0.000109252573038328	LPA
LPAL2	34.2510290763208	-1.21838389740073	0.0488063897991016	-24.9636144450733	1.51941544215552e-137	7.40216437733194e-137	LPAL2
LPAR1	1848.61408908107	-0.806676067183069	0.0540415170495995	-14.9269693232834	2.20042020655988e-50	5.17571725314053e-50	LPAR1
LPAR2	412.165363869579	-1.36788809243074	0.0730709473990017	-18.7199994131926	3.40154912801792e-78	1.04223465282469e-77	LPAR2
LPAR3	236.699393166578	1.71553984898196	0.142605657872388	12.0299564167161	2.47291273295326e-33	4.82965195897707e-33	LPAR3
LPAR4	32.8254892425041	1.31150418257446	0.0844126593581159	15.5368186779957	1.95447804226046e-54	4.78478977814912e-54	LPAR4
LPAR5	307.357088600016	0.46710042413572	0.101685252006394	4.59359066255103	4.35683603123119e-06	5.56143847668363e-06	LPAR5
LPAR6	1623.09110231325	0.416141092540983	0.0556732661065219	7.47470234178042	7.73787998876798e-14	1.15382353941196e-13	LPAR6
LPCAT1	1493.37679886012	0.646877813994543	0.0437860867082494	14.7735927694281	2.16838976984407e-49	5.05611194908849e-49	LPCAT1
LPCAT2	1008.19764346399	-0.106698122118309	0.0481711128340019	-2.21498146588376	0.0267613366990781	0.0302366822696526	LPCAT2
LPCAT3	833.212360084835	-0.241688145569913	0.0371723128867622	-6.50183232628452	7.93475152431301e-11	1.11991110388238e-10	LPCAT3
LPCAT4	1792.30991787909	0.829986138968294	0.0363744722532879	22.817819408865	3.05139767849356e-115	1.27502807823961e-114	LPCAT4
LPGAT1	2143.15076363243	0.203534521820125	0.0297377718564055	6.8443097486567	7.68454879452639e-12	1.10637097376845e-11	LPGAT1
LPIN1	14628.3666594781	-2.08934118076245	0.081032631984012	-25.783948140481	1.34230819541094e-146	6.98147640150026e-146	LPIN1
LPIN2	1019.42893437185	0.183655028297489	0.0391185478813792	4.69483245785078	2.66825325526632e-06	3.424686406278e-06	LPIN2
LPIN3	2684.02285586964	-0.129387319275072	0.0699709265368391	-1.84915829586665	0.0644349586838071	0.0713692893962104	LPIN3
LPL	21598.908334364	1.96164251826901	0.0984843411592647	19.9183189447013	2.8231049460894e-88	9.44937005105154e-88	LPL
LPO	1.81865135720223	-0.924889796765156	0.155968471122047	-5.92997924587859	3.02972972567555e-09	4.13983336814071e-09	LPO
LPP	8588.33847737325	-0.303961447501437	0.0306954387916163	-9.90249559763443	4.06014763997391e-23	6.97725228326209e-23	LPP
LPXN	364.669077305846	-0.184766667514145	0.0331028169220881	-5.58159953423352	2.38316604561649e-08	3.19286781684597e-08	LPXN
LRAT	17.5760790405452	-1.51074198819825	0.126851309482665	-11.9095498056699	1.05545565690644e-32	2.04887924943091e-32	LRAT
LRBA	2654.5090034848	-0.614401127392422	0.040583369328703	-15.1392340644787	8.92470544877051e-52	2.13238150760974e-51	LRBA
LRCH1	2031.72030176126	-0.499215498995607	0.0492372624193466	-10.1389775642655	3.70961799461419e-24	6.46498533459677e-24	LRCH1
LRCH2	176.440661526186	0.152074985760811	0.0568595673885679	2.67457162875614	0.0074824790130452	0.00865741770882032	LRCH2
LRCH3	2429.98496097616	0.095327759652907	0.0190233377790493	5.01109535876994	5.41210857430236e-07	7.05710731227937e-07	LRCH3
LRCH4	3908.5317762541	-0.0837186625134919	0.0195470653922029	-4.28292742842547	1.8445034512701e-05	2.31815308429191e-05	LRCH4
LRCOL1	13.4491035776547	0.268781050059644	0.0807298468632745	3.3293888258559	0.000870368036768941	0.00104192957570511	LRCOL1
LRFN1	95.3209819441596	-1.06825463501612	0.0625713954219584	-17.0725717048853	2.37503527154876e-65	6.46792888398628e-65	LRFN1
LRFN3	745.483119400858	-0.0850307850162244	0.0262581906968547	-3.23825757828812	0.0012026217779524	0.00143385843323097	LRFN3
LRFN4	657.61402771763	0.24866445310438	0.0323261862319339	7.69235354026181	1.44452795946361e-14	2.17944412021662e-14	LRFN4
LRFN5	81.1821528126041	-0.621714694868146	0.0789411472732423	-7.87567341422312	3.3891244404252e-15	5.16095330784993e-15	LRFN5
LRG1	208.920813747997	-1.10982423341797	0.0826314545441262	-13.4310141282254	3.97924462636839e-41	8.46294689499734e-41	LRG1
LRGUK	38.8936759252414	-1.56382093634675	0.067191996946455	-23.273916648034	8.14700829547269e-120	3.5152036511698e-119	LRGUK
LRIF1	609.34512282336	0.28495700280173	0.0344579700922759	8.26969789684757	1.34298880386078e-16	2.09598937561105e-16	LRIF1
LRIG1	1623.18972641371	0.269795780064143	0.0465917613538774	5.79063276906339	7.01217424766246e-09	9.50856110223517e-09	LRIG1
LRIG2	1645.26083108936	-0.509615786488606	0.0239216429246022	-21.3035445807316	1.05247782443913e-100	3.91439118134893e-100	LRIG2
LRIG3	2170.9495680324	-2.24637711213114	0.0552219051173115	-40.6790947787661	0	0	LRIG3
LRIT3	44.6686664368412	-1.43703152455166	0.04953305652112	-29.0115657195298	4.70252185310504e-185	3.19917217980891e-184	LRIT3
LRP1	24046.3847483298	0.190786945959043	0.0512553547063071	3.72228320440374	0.000197429403163376	0.00024105858280838	LRP1
LRP10	11021.7539265549	-0.22380309887005	0.0328736367851577	-6.80798112885084	9.89778434629721e-12	1.42172052360115e-11	LRP10
LRP11	1246.9347641299	-0.564327348146984	0.041058433854323	-13.7444927916452	5.49568462375819e-43	1.19377119479029e-42	LRP11
LRP12	805.7240578981	0.5926639305825	0.0376279374338999	15.7506355915367	6.79944700094979e-56	1.69009728616538e-55	LRP12
LRP1B	356.676170078733	-5.15008927107771	0.0820669462015935	-62.7547326840548	0	0	LRP1B
LRP2	183.799054609577	-3.88326880144175	0.15910724138642	-24.4066125941468	1.45493439096679e-131	6.79737191066526e-131	LRP2
LRP2BP	291.363894901411	0.619613757155553	0.0362862042655117	17.0757391051912	2.2495885805728e-65	6.12908188873786e-65	LRP2BP
LRP3	2134.44976065703	-0.0993984126385047	0.0307356457017647	-3.23397834563136	0.00122078711335267	0.00145503468366956	LRP3
LRP4	3637.62946864212	-1.46468791021407	0.0809879523401164	-18.0852567313096	4.16423877407255e-73	1.22045688980918e-72	LRP4
LRP5	3231.62063282962	0.489438610929986	0.0378484791643644	12.9315264902588	2.98826255741478e-38	6.14902998354177e-38	LRP5
LRP5L	352.821606292429	0.0611093793510268	0.0460365088891295	1.32741124002686	0.184372683557669	0.199010174295232	LRP5L
LRP6	2191.90964317798	-0.528990810616073	0.0226198191284068	-23.3861644787312	5.91029436886528e-121	2.56983596458802e-120	LRP6
LRP8	189.623362814306	-0.447738932514517	0.0546370123962754	-8.1947916417377	2.51027615546012e-16	3.90051627746549e-16	LRP8
LRPAP1	6066.01927472061	1.3979609326323	0.0188440383379836	74.1858463434802	0	0	LRPAP1
LRPPRC	9766.23747498106	-0.344220432432282	0.0451675323129963	-7.62097052473327	2.51775437601699e-14	3.78251514961458e-14	LRPPRC
LRR1	192.67262716976	-0.237835544975816	0.0252587171220478	-9.41597880156051	4.68694864730172e-21	7.81780602298723e-21	LRR1
LRRC1	1061.3387151306	-1.84580032310774	0.0741202738390548	-24.9027725817059	6.94304226269922e-137	3.364245054397e-136	LRRC1
LRRC10B	115.677653318989	0.409207340404529	0.0687818452958635	5.94935100453227	2.69207772528419e-09	3.68181819881786e-09	LRRC10B
LRRC14	1297.23466995796	0.0386343781412547	0.0169146836766216	2.28407334596819	0.0223672207442142	0.0253658628247087	LRRC14
LRRC14B	1763.27004893084	0.960647724334136	0.173384264524476	5.54057040279179	3.01487999405231e-08	4.03230959008363e-08	LRRC14B
LRRC15	297.960746555664	-2.93410028424339	0.134731648589818	-21.7773649692068	3.80327375158814e-105	1.46538379285827e-104	LRRC15
LRRC17	285.213862573452	0.61170463709148	0.063301533917675	9.66334619769269	4.31533324373519e-22	7.30146759286372e-22	LRRC17
LRRC18	5.98151387480217	-0.289222440546483	0.131801604303983	-2.19437723898587	0.0282083008249612	0.0318395800821499	LRRC18
LRRC19	3.45379010471175	-0.533701649397458	0.103928702668479	-5.13526711768841	2.81743565528749e-07	3.69493364642505e-07	LRRC19
LRRC2	7602.32941973539	0.100743682113493	0.112581413846226	0.894851811428637	0.370866309502597	0.391116318317197	LRRC2
LRRC20	6723.16422447994	-0.883624471274592	0.112640249804302	-7.84466008207345	4.34127786400993e-15	6.6019551263025e-15	LRRC20
LRRC23	466.643515438342	0.437115648066732	0.0335660049113097	13.022569984772	9.10539046987584e-39	1.88289642559719e-38	LRRC23
LRRC25	169.675704839296	0.139431543356519	0.0618159361607017	2.25559219865314	0.0240961822433514	0.0272682074912032	LRRC25
LRRC27	304.701644265488	0.0733025082527842	0.0307399816576157	2.38459830813282	0.0170977790821323	0.0194783318307363	LRRC27
LRRC28	959.074977025067	-0.35508427896874	0.0253734814649278	-13.9943065936596	1.68868657238579e-44	3.73027941950136e-44	LRRC28
LRRC29	131.404608560499	-0.0623019616254762	0.0391713479474661	-1.59049828229121	0.111722532503911	0.122152411783461	LRRC29
LRRC3	270.070897402842	0.886995592245564	0.0593051115956701	14.9564779220536	1.41309369800326e-50	3.33339007440135e-50	LRRC3
LRRC31	2.755549146509	-1.0645226926945	0.173609029300583	-6.13172423682764	8.69316945544131e-10	1.20234916148597e-09	LRRC31
LRRC32	5916.36119993481	0.740921521080234	0.0522394526582491	14.1831792520367	1.16449031582462e-45	2.60753702887908e-45	LRRC32
LRRC34	47.9199511537292	0.438861051551237	0.0566318076449096	7.74937389078176	9.23467392416839e-15	1.39644964137227e-14	LRRC34
LRRC36	27.4909568710265	-0.80350835931378	0.0919014708819861	-8.74315015420801	2.26699074063615e-18	3.63352331245582e-18	LRRC36
LRRC37A	68.2884468834485	-0.729265717895853	0.04565484073505	-15.9734588086293	1.95630151595629e-57	4.93350848819405e-57	LRRC37A
LRRC37A11P	35.8115266908134	-1.88217576200735	0.110075749404413	-17.098913904209	1.51195704373023e-65	4.12687471481241e-65	LRRC37A11P
LRRC37A14P	0.924261560531268	0.125367074575327	0.139050484388979	0.901593943568194	0.367272609444149	0.387508014923165	LRRC37A14P
LRRC37A15P	1.0472007714377	0.595617124466784	0.0706351152503651	8.43230909096174	3.38910400084802e-17	5.33420137442207e-17	LRRC37A15P
LRRC37A16P	53.1522445347368	0.465097349094946	0.0281176017514341	16.5411457636576	1.85461056725138e-61	4.88225282554725e-61	LRRC37A16P
LRRC37A17P	2.74376369963153	-0.511638926241894	0.0937705533793508	-5.45628566541617	4.86197517570893e-08	6.47723617065841e-08	LRRC37A17P
LRRC37A2	468.229986345633	-0.852460508621591	0.0409060045424612	-20.839495769789	1.89827590083011e-96	6.79341242362678e-96	LRRC37A2
LRRC37A3	255.802783314425	-0.426311367852292	0.0406583791904703	-10.4852032063347	1.01028249605451e-25	1.79828885706292e-25	LRRC37A3
LRRC37A4P	178.001950617598	-0.713733770952157	0.066836497782522	-10.6788026696815	1.27910732310895e-26	2.30160045214757e-26	LRRC37A4P
LRRC37A6P	20.6448813520261	1.45556622065312	0.0695197931822009	20.9374360024102	2.44254970967046e-97	8.82898339834898e-97	LRRC37A6P
LRRC37B	591.863879780525	-1.40388054134789	0.0399313212304586	-35.1573776696637	8.96676220869073e-271	1.00006621139183e-269	LRRC37B
LRRC37BP1	613.237328009188	-0.141625903734847	0.0220579720533189	-6.42062214026324	1.35718525674367e-10	1.90775353792306e-10	LRRC37BP1
LRRC38	1038.32000941772	-4.09697542130503	0.136465021376162	-30.0221652405112	5.04204541084069e-198	3.74584644822713e-197	LRRC38
LRRC39	3257.56713921065	0.2611208037203	0.119725336228644	2.18099870875809	0.0291835119883032	0.0329135016165307	LRRC39
LRRC3B	145.444361589823	-2.70290933273401	0.121139041648384	-22.3124543165814	2.79719291290347e-110	1.12343305723283e-109	LRRC3B
LRRC4	104.46840394095	1.97471435199128	0.0607288106699441	32.5169278009358	6.1469072729367e-232	5.51048196315406e-231	LRRC4
LRRC40	596.263997943022	0.19414905739183	0.0217636159782329	8.92080882083243	4.628950659326e-19	7.49534414127259e-19	LRRC40
LRRC41	4834.81623983305	-0.312841635245359	0.0154448495902365	-20.2554018682787	3.18341810161935e-91	1.0921423527206e-90	LRRC41
LRRC42	1051.5401088153	-0.348050871791228	0.019972768157591	-17.4262710629295	5.21369166116481e-68	1.4600445487341e-67	LRRC42
LRRC43	18.5945737549211	-0.0776005390550856	0.0594178772869974	-1.30601331784815	0.191548028635653	0.206359211411238	LRRC43
LRRC45	590.426057111009	-0.0806620128320776	0.0430396691588659	-1.87413180464613	0.0609122606344913	0.0675339741119412	LRRC45
LRRC46	28.8519173049147	-0.160026305712298	0.0496200604032517	-3.22503246493048	0.00125958384308189	0.00150067964519936	LRRC46
LRRC47	5765.08943451372	-0.508164929764372	0.0438264856522003	-11.5949276379832	4.37235031808252e-31	8.31906543449989e-31	LRRC47
LRRC49	609.895218106218	3.54388130100555	0.0404800976012563	87.5462637445709	0	0	LRRC49
LRRC4B	131.14253144068	0.491553522545638	0.0537180884530597	9.15061456394099	5.66105673548497e-20	9.29024362252392e-20	LRRC4B
LRRC4C	53.9017825318752	0.00328120501942633	0.0742125865951201	0.0442135919251477	0.964734147859232	0.967259629921691	LRRC4C
LRRC53	6.89294066453822	4.66862448426375	0.104019564637948	44.8821767377457	0	0	LRRC53
LRRC55	24.5638732059198	1.94797210764937	0.0891962227863844	21.839177117562	9.85135162704108e-106	3.81199872395457e-105	LRRC55
LRRC56	172.317286683339	-2.37075699000583	0.0582172316647464	-40.7225991723245	0	0	LRRC56
LRRC57	872.64341271596	0.203957598795798	0.0180009325160547	11.3303907235857	9.27898862243319e-30	1.73647025878386e-29	LRRC57
LRRC58	1733.38787252305	-0.491143064070146	0.0223402648818815	-21.9846571500804	4.03834671941385e-107	1.57722454537142e-106	LRRC58
LRRC59	2529.27828896677	0.0938046880182577	0.0334993100197168	2.80019761490749	0.00510713310376399	0.00594461707086037	LRRC59
LRRC61	184.561115831434	-0.462145975903821	0.0537347419616137	-8.6005060977861	7.93653314221844e-18	1.26128306782974e-17	LRRC61
LRRC63	8.18436346921829	-0.738181301028577	0.0950484640390841	-7.76636748937926	8.07689934802607e-15	1.22240007704572e-14	LRRC63
LRRC66	249.210487887111	-1.15280365889082	0.0965555240047743	-11.9392823017958	7.38577238285963e-33	1.43513912633696e-32	LRRC66
LRRC69	30.1456259221704	-0.158733830112806	0.0395622414820336	-4.01225573088147	6.01412971569529e-05	7.46108539022956e-05	LRRC69
LRRC7	100.377743761073	0.0402857817585594	0.0622344692818281	0.64732265291965	0.51742314345676	0.537922841776791	LRRC7
LRRC70	67.3232751844622	-1.09365130272059	0.066985601308415	-16.3266624671353	6.37793330642425e-60	1.65026846987125e-59	LRRC70
LRRC71	16.4087271736962	0.829336178712641	0.0628788099009082	13.1894382228227	1.00934593931894e-39	2.11073841236992e-39	LRRC71
LRRC73	35.631571654474	2.57720228141186	0.0634082616256596	40.6445818784115	0	0	LRRC73
LRRC8A	4105.58830898566	0.338787375440476	0.0382800477617019	8.85023387508475	8.73360814770578e-19	1.40771561843528e-18	LRRC8A
LRRC8B	866.572484789402	-0.66790537934333	0.0346343457627537	-19.2844808999281	7.25142342808938e-83	2.320171936172e-82	LRRC8B
LRRC8C	1204.84499125927	0.582232487014027	0.0450095837850254	12.9357447470495	2.82868624434072e-38	5.82133086594e-38	LRRC8C
LRRC8D	715.15147502706	-0.241914081083439	0.0344730902077214	-7.0174759392256	2.25912046916748e-12	3.28443169948523e-12	LRRC8D
LRRC8E	20.4075786718756	-2.82588308286248	0.133899297628065	-21.1045400007399	7.22543651055785e-99	2.64844395492877e-98	LRRC8E
LRRC9	2.39122222675562	0.276605066390937	0.118952155651873	2.32534723624895	0.020053400401999	0.022792098790023	LRRC9
LRRCC1	359.238043903886	0.231559311070015	0.0500847036166048	4.62335392543373	3.77584666357224e-06	4.82905973648057e-06	LRRCC1
LRRD1	5.7706541804206	-0.0415310839083089	0.0690205792877594	-0.601720303377319	0.547360332737832	0.567309612483517	LRRD1
LRRFIP1	8398.49241237615	0.209691047941493	0.0364886080448189	5.74675382749403	9.09730252795765e-09	1.22998755299509e-08	LRRFIP1
LRRFIP1P1	41.619088758199	-0.092836443625823	0.049026720590097	-1.89358869017593	0.0582796258716366	0.0647028213466961	LRRFIP1P1
LRRFIP2	6507.10066482853	0.459302571234464	0.0458552699830849	10.0163530037854	1.2918206285208e-23	2.23467837151672e-23	LRRFIP2
LRRIQ1	12.6137279916134	-0.111828709551965	0.105254911699839	-1.06245597232433	0.288028735318155	0.306340045167628	LRRIQ1
LRRIQ3	16.4359879079705	-0.252959941644118	0.088931826595439	-2.84442534611215	0.00444916104840941	0.00519217815445172	LRRIQ3
LRRIQ4	1.3273631031916	0.341012500284664	0.132535355485552	2.57299268587874	0.0100823338406295	0.0116013865677046	LRRIQ4
LRRK1	1296.10377592648	-1.12686022754229	0.0556733194482589	-20.2405791267676	4.30085893477301e-91	1.47410056521038e-90	LRRK1
LRRK2	1303.15935290795	-0.519338500211152	0.0398654556173158	-13.0272811929327	8.56039127103865e-39	1.77141744188949e-38	LRRK2
LRRN1	348.952409155107	-4.79576055156473	0.0753245019546916	-63.6680021389246	0	0	LRRN1
LRRN2	231.486304045237	0.777604468096157	0.0586568149870017	13.2568477894423	4.11846343909766e-40	8.64766830365064e-40	LRRN2
LRRN3	269.051537271885	-0.207770725992272	0.0940041958381789	-2.21022821523769	0.0270893277203784	0.0306015053840308	LRRN3
LRRN4	13.1679882932466	0.283710028311661	0.0828209096163876	3.42558454894733	0.000613477962524465	0.000738084267036686	LRRN4
LRRN4CL	817.676117117466	-0.388089145618637	0.058305289486531	-6.65615674043242	2.81080498899426e-11	4.00373480196505e-11	LRRN4CL
LRRTM1	14.7649267906388	2.07006533613228	0.0885500472024224	23.377348759625	7.26594456637291e-121	3.15775635295217e-120	LRRTM1
LRRTM2	40.3117628621603	-1.81622412295487	0.0576288368084709	-31.5158907161545	5.2623565780247e-218	4.39367721526079e-217	LRRTM2
LRRTM3	5.50529781010526	0.394002504460449	0.10011418619006	3.93553121145552	8.30128743855194e-05	0.000102546990928749	LRRTM3
LRRTM4	21.8259299015631	-0.181437212859426	0.116859518920836	-1.55260961652886	0.120516426836274	0.131559502697378	LRRTM4
LRSAM1	2691.27305406252	0.369252571498199	0.0368672394398885	10.0157369281815	1.29989506747512e-23	2.24821398055532e-23	LRSAM1
LRTM1	2.42529082539924	-1.63025685906777	0.213573275756223	-7.63324368788808	2.28919583640573e-14	3.44144097637711e-14	LRTM1
LRWD1	739.611828615275	-0.0136584770024461	0.0273906809327775	-0.498654160368149	0.618023043022006	0.636334313186474	LRWD1
LSAMP	402.248311901204	0.860546835470152	0.0955436062777943	9.00684900848416	2.12061745275288e-19	3.4549040426287e-19	LSAMP
LSG1	2325.8069029446	-0.465031359558246	0.0188153569286599	-24.7155215455892	7.28364715326195e-135	3.47871935276913e-134	LSG1
LSM1	570.902375110207	0.623497287338319	0.0241947716468784	25.7699182467284	1.92818848788328e-146	1.00142299395231e-145	LSM1
LSM10	2061.11142316987	-0.179193313328805	0.0572426797681655	-3.13041447490828	0.00174559820216561	0.00206808695782435	LSM10
LSM11	375.724017896968	-0.469428359633355	0.0242393101497071	-19.366407572413	1.48247283135422e-83	4.77302690703047e-83	LSM11
LSM12	422.137277904539	-0.258105382092506	0.0322886461346973	-7.99368858687285	1.30960307268366e-15	2.00990407633887e-15	LSM12
LSM12P1	20.4784906073927	-0.399044289979102	0.0480465655555887	-8.30536554204728	9.95126043796884e-17	1.55605141716363e-16	LSM12P1
LSM14A	6032.65241212301	-0.551942047523954	0.017516825523625	-31.5092507360737	6.48850450600496e-218	5.41239896258551e-217	LSM14A
LSM14B	3139.61945913358	-0.121847754889353	0.0286633359485465	-4.25099699169985	2.12821026978919e-05	2.67079706263771e-05	LSM14B
LSM2	1093.45934439864	-0.179630561971248	0.0187973033774196	-9.55618784059369	1.22174237219114e-21	2.05346259960904e-21	LSM2
LSM3	1902.95192809376	0.174244728833114	0.0309812360947661	5.62420196212089	1.86367511007805e-08	2.50377010646428e-08	LSM3
LSM4	3142.94775718213	0.214072410323436	0.0338260433893325	6.32862696530884	2.47352282983381e-10	3.45939588686493e-10	LSM4
LSM5	956.723280175663	0.246978374034853	0.0297813182898415	8.29306384731458	1.10368059845572e-16	1.72459674069457e-16	LSM5
LSM6	518.077936183544	0.0111135420544711	0.0278756868936717	0.398682267341511	0.690127335513912	0.705490497279001	LSM6
LSM7	909.340854866466	0.0627465915039016	0.0230459199096696	2.72267680135322	0.00647553737688636	0.00750973768337401	LSM7
LSMEM1	626.274273177909	-1.79068423870037	0.0906927902808201	-19.7445048625774	8.94371912395117e-87	2.95513744402065e-86	LSMEM1
LSMEM2	259.484774702429	2.57685887499636	0.115334030478006	22.3425719565724	1.42592515701289e-110	5.74358441516873e-110	LSMEM2
LSP1	2830.67021412123	-0.189061358829425	0.0650652528302307	-2.9057192680512	0.0036641002532826	0.00428796441680797	LSP1
LSP1P3	0.101343110137144	0.456174463343606	0.421519284354814	1.08221493126189	0.279157035358541	0.297238686511001	LSP1P3
LSR	1484.28216647058	-1.6962764216976	0.0698082396154692	-24.2990860540438	2.00441839747123e-130	9.29696871241424e-130	LSR
LSS	5596.18704594712	-0.06616844435636	0.0288930597023629	-2.29011551694363	0.0220146210956639	0.0249785814272327	LSS
LST1	96.7439181278014	0.366360263761304	0.0583670723876589	6.27683124704344	3.455427650106e-10	4.81880640916936e-10	LST1
LTA	15.9109159188809	-0.296043832444625	0.0631032401523692	-4.69142046794741	2.71314738638655e-06	3.48156302411921e-06	LTA
LTA4H	2904.31043451726	-0.227676119752942	0.0167653821629602	-13.5801330109818	5.2530956264082e-42	1.12898197775416e-41	LTA4H
LTB	36.5609052432169	-0.151928754157171	0.0641404466572303	-2.36868874594975	0.0178512693076211	0.0203225840378502	LTB
LTB4R	3268.63849717502	-2.90307150787723	0.082002281783071	-35.4023259445026	1.57240952495885e-274	1.78805709783855e-273	LTB4R
LTBP1	3110.18064862525	1.9261410090288	0.0395415573385483	48.7118145736522	0	0	LTBP1
LTBP2	6120.62252255003	1.06088044581926	0.0506844540755053	20.9310816338053	2.79091255557062e-97	1.00740358758426e-96	LTBP2
LTBP3	7906.40935335364	0.677124412994241	0.0295388464882669	22.9231839930919	2.72877929551331e-116	1.14848623096879e-115	LTBP3
LTBP4	14498.8004616404	1.53649392057101	0.0445063736266239	34.5230086248113	3.62332589153205e-261	3.82991716814259e-260	LTBP4
LTBR	3782.93509932306	-0.62416445558859	0.0384379824411891	-16.238221049806	2.70659865900844e-59	6.95325852159425e-59	LTBR
LTF	2544.030013117	-2.42102133200831	0.126697921902651	-19.1086112199102	2.14090907434735e-81	6.76588908836494e-81	LTF
LTK	154.158026804073	0.853945962120382	0.0868925988617474	9.8276029639656	8.56326933505669e-23	1.46333217486573e-22	LTK
LTN1	2023.4981905095	-0.694815675526366	0.0213111056944205	-32.6034550008485	3.66394160770694e-233	3.29938033418372e-232	LTN1
LTV1	1820.39539123137	-0.645863152562614	0.0222987106503733	-28.9641478688725	1.86206784325584e-184	1.26058981746703e-183	LTV1
LUC7L	2895.78515655551	0.242424694136949	0.0297628218190913	8.14521874338696	3.78596867956219e-16	5.86751805430899e-16	LUC7L
LUC7L3	13169.760407395	-0.0869380125881345	0.0221522479416717	-3.92456841477433	8.68853651763777e-05	0.000107257129237414	LUC7L3
LUM	6084.69273591423	1.28423931927602	0.0880320410449267	14.5883169813206	3.33319420898896e-48	7.68354833602386e-48	LUM
LURAP1L	541.446143962462	-0.877179014335954	0.0577157619423811	-15.1982575437826	3.63152674641296e-52	8.70570155309358e-52	LURAP1L
LUZP1	1969.13888063059	0.858851022501726	0.0403631937082802	21.2780739975375	1.8123559769218e-100	6.72248504854096e-100	LUZP1
LUZP2	16.9486932563266	-2.75546834981375	0.141433230218274	-19.4824677733885	1.546429557979e-84	5.01030930042835e-84	LUZP2
LXN	293.607850472156	-0.183950043428789	0.0600797000328066	-3.06176700829635	0.00220034649852333	0.00259710427643555	LXN
LY6D	4009.99374350932	-8.49531533337155	0.164421433781359	-51.6679312301111	0	0	LY6D
LY6E	4342.14171562034	0.404087045352216	0.0561224068682156	7.20010184704083	6.01676006598296e-13	8.83783744983756e-13	LY6E
LY6G5B	2452.50879916387	-0.701980753255826	0.0432569344327513	-16.2281669392719	3.18839548370504e-59	8.18282108670863e-59	LY6G5B
LY6G5C	95.0837884468963	0.26810892148811	0.0409167072957563	6.55255369280209	5.65613714692054e-11	8.01007983492382e-11	LY6G5C
LY6G6C	4819.29747615143	-8.62628352210951	0.166928118924109	-51.6766352949279	0	0	LY6G6C
LY6G6D	36.9759994178	-6.0934955808517	0.213488981592455	-28.5424359393124	3.48685405417818e-179	2.2882559179461e-178	LY6G6D
LY6G6F	4.01468205466428	-1.24965809180992	0.132097855983372	-9.46009367455003	3.07667456212156e-21	5.14188272145114e-21	LY6G6F
LY6H	14.5882713680973	-0.705707533112753	0.0936171773467992	-7.53822699116959	4.76404091066263e-14	7.1327871939481e-14	LY6H
LY6K	80.7927641510676	-1.61700340909136	0.0559663339060496	-28.892430435158	1.48622364652958e-183	9.99384081478484e-183	LY6K
LY75	572.970210639487	-2.22027824405803	0.0778897631830275	-28.5053921507087	1.00435363078075e-178	6.56476750460576e-178	LY75
LY86	37.919004987606	0.193737868696193	0.0759049484138943	2.55237468366067	0.0106991390625629	0.0122961886142626	LY86
LY9	42.0314755244109	-1.88431979815903	0.103975471621169	-18.1227338407704	2.10852872978668e-73	6.20189961844609e-73	LY9
LY96	109.550517406056	0.37024790050955	0.0637509641283573	5.80772237050542	6.33284123187357e-09	8.59709464667844e-09	LY96
LYAR	740.195683851665	0.0423973182857733	0.0354131432447864	1.19721985683988	0.231220872201202	0.247499965540455	LYAR
LYG1	64.9246458502884	0.0780590081091895	0.0384468380555761	2.03031021683377	0.0423250163529183	0.0473254624118816	LYG1
LYG2	16.8933012305119	-2.53280862450336	0.154870323218952	-16.3543832792455	4.04785688317443e-60	1.04872584562497e-59	LYG2
LYL1	255.921042988249	1.42291475815947	0.0473837743581705	30.0295782139211	4.0349120511451e-198	2.99886258598939e-197	LYL1
LYN	571.747378564796	0.16638661232093	0.0547855143469372	3.0370548548155	0.0023890197576982	0.00281555222327651	LYN
LYNX1	3504.86804078157	3.10130061242405	0.0467064542707862	66.3998297632248	0	0	LYNX1
LYPD1	9.38418829644121	0.692471274882327	0.0992840290887789	6.97464920831451	3.066349540183e-12	4.44602159265679e-12	LYPD1
LYPD2	143.024624649462	-2.25839788175578	0.18488357963982	-12.2152431608879	2.57729741015235e-34	5.0892859456069e-34	LYPD2
LYPD3	11429.6969917135	-8.07693270302695	0.149140621021114	-54.1564910198642	0	0	LYPD3
LYPD5	1454.46709978238	-3.65544219719833	0.130693165872182	-27.9696506914016	3.80292498705385e-172	2.37531064163624e-171	LYPD5
LYPD6	76.1056466562308	-2.03088424711029	0.101800791084598	-19.9495919970071	1.51116466819546e-88	5.06941393816371e-88	LYPD6
LYPD6B	1034.02239994617	-8.80320404417629	0.177615328158461	-49.5633126681635	0	0	LYPD6B
LYPLA1	2674.78107313346	-0.371705163822338	0.0323207055025423	-11.5005275424171	1.311116102304e-30	2.48018084884135e-30	LYPLA1
LYPLA2	2255.77511962134	-0.0395167046371466	0.0203377079498004	-1.94302645778402	0.0520129616487947	0.057891876747663	LYPLA2
LYPLA2P1	2.0870907943326	-0.105656752996319	0.0898469787001107	-1.17596333816608	0.239609526616548	0.256281110435204	LYPLA2P1
LYPLAL1	893.764963382622	1.13634413436008	0.0305464864154614	37.2004858072616	6.70180269151461e-303	8.80577739050763e-302	LYPLAL1
LYRM1	1492.14306521057	0.735632953913856	0.027311019025768	26.9353901888386	8.4603162802297e-160	4.82401499399477e-159	LYRM1
LYRM2	1638.5362778392	0.191014903643288	0.0443878977841513	4.30331043322106	1.68264823419964e-05	2.11710008134673e-05	LYRM2
LYRM4	836.711972041856	0.402885776680551	0.0255882671098334	15.7449418106834	7.43995235658981e-56	1.8482829474327e-55	LYRM4
LYRM7	1734.08332765816	0.185432977254338	0.0546257454445534	3.39460772105266	0.000687269970940623	0.000825375058169468	LYRM7
LYRM9	432.372228263538	-0.12145688740813	0.0302874509962562	-4.0101389655783	6.06830224655972e-05	7.52777263733179e-05	LYRM9
LYSMD1	606.128250280965	0.288452611658516	0.0244866276869681	11.7800056155561	4.9489775767916e-32	9.52797276575674e-32	LYSMD1
LYSMD2	331.81359105962	-0.201399373027871	0.0407235008328512	-4.94553191422591	7.59362279538827e-07	9.87022918187481e-07	LYSMD2
LYSMD3	986.445325509147	0.27601069313477	0.0332852478808319	8.29228293936536	1.11095279114594e-16	1.73580949513221e-16	LYSMD3
LYSMD4	1039.83010789477	-0.201290116898247	0.0328302711930221	-6.1312352771862	8.71993358684961e-10	1.20595823983466e-09	LYSMD4
LYST	2665.12568035213	-1.10296121304982	0.0425019776051729	-25.9508210016933	1.77991285089403e-148	9.38494763589441e-148	LYST
LYVE1	1963.78764549906	-0.381350528124012	0.0693972934110089	-5.49517869328772	3.90314985383287e-08	5.21027812523882e-08	LYVE1
LYZ	322.331269338548	-0.0572796594647627	0.0704581527333564	-0.812959994587615	0.416240995254254	0.436793410025174	LYZ
LZIC	1573.8812881581	0.283400267795811	0.015466568176276	18.3234098583366	5.3831847633765e-75	1.60541267272267e-74	LZIC
LZTFL1	501.635075224756	-0.29813364826063	0.0302483721880945	-9.85618817458126	6.44498325329768e-23	1.1035493535871e-22	LZTFL1
LZTR1	3570.67162171855	0.0570385056633023	0.0193318982752262	2.95048654049649	0.00317273867832818	0.0037216518277457	LZTR1
LZTS1	612.246459710912	1.02944280096026	0.0400164733860552	25.7254753818211	6.06541696143976e-146	3.13836075662194e-145	LZTS1
LZTS2	4862.6102314458	0.269393639153828	0.0253635790475911	10.6212785919664	2.37288428463509e-26	4.25568297376868e-26	LZTS2
LZTS3	1300.54802964388	0.730128034241905	0.0433395550569111	16.8466896645141	1.10954058244403e-63	2.97879791567113e-63	LZTS3
M1AP	26.2624958082768	-1.08299835190674	0.0837626793672369	-12.9293661579114	3.07342116623252e-38	6.32209512208338e-38	M1AP
M6PR	2101.91174788621	0.186674347773524	0.0184006167612242	10.1450049308622	3.48760808324774e-24	6.08160739189602e-24	M6PR
MAB21L1	153.788327195202	-2.39885121538313	0.0895957048305168	-26.7741765067969	6.45956207040467e-158	3.63825334259557e-157	MAB21L1
MAB21L2	5.94368856476751	0.0757278843647413	0.116852163809033	0.648065743040072	0.516942429659491	0.537485165846503	MAB21L2
MAB21L3	142.681673838105	-4.74504805321886	0.14159719308678	-33.5108906453448	3.3450666132729e-246	3.25132527567632e-245	MAB21L3
MACC1	367.027168655767	-5.80435270881666	0.131204396563836	-44.2390107407155	0	0	MACC1
MACF1	20331.9560990018	0.0978331836766867	0.0327139804718026	2.99056190245675	0.00278464682368186	0.00327409715696259	MACF1
MACROD1	5200.12105296143	-0.108900184185976	0.0786702371649129	-1.38426154681209	0.166278383803655	0.17991087256414	MACROD1
MACROD2	202.059656202589	-1.15784429298705	0.0432065906806131	-26.797862889621	3.42196782816929e-158	1.93039307035021e-157	MACROD2
MAD1L1	1281.37991536824	-0.542930925646758	0.0230774663458707	-23.5264529264022	2.18730957336391e-122	9.6010142965432e-122	MAD1L1
MAD2L1	124.895559397288	-0.45574084360193	0.0398395071506754	-11.439419716672	2.65656379620302e-30	5.00741412517806e-30	MAD2L1
MAD2L1BP	829.476919136686	0.28520277863498	0.0306622332987658	9.30143528216062	1.3856239547936e-20	2.29568493421441e-20	MAD2L1BP
MAD2L2	1167.86174242617	-0.352963216816454	0.0302210256813735	-11.6793923719803	1.62452633455355e-31	3.10733169145664e-31	MAD2L2
MADCAM1	39.989699496878	-0.319890164615219	0.0445339875944018	-7.18305684926878	6.81697372266601e-13	1.0005898889572e-12	MADCAM1
MADD	4642.09047666791	0.0895739698944936	0.021965605636927	4.07791942435259	4.54405078004345e-05	5.65407189407356e-05	MADD
MAEA	3453.99121256523	0.0876889240843812	0.0170586814494068	5.14042801868666	2.74113322089885e-07	3.59591452480689e-07	MAEA
MAEL	38.5420132598469	3.62439290990471	0.0987169633672789	36.7149959467459	4.20982736695039e-295	5.31797210052449e-294	MAEL
MAF	6363.41795534319	-2.34055730357579	0.0444567708184711	-52.6479377715696	0	0	MAF
MAF1	9196.51575452447	0.150936576538971	0.0486551288084546	3.10217196491612	0.00192106327182681	0.00227118481256761	MAF1
MAFA	700.903012549183	-4.42945277168606	0.142835124368293	-31.0109491014615	3.83743312029214e-211	3.07832591793132e-210	MAFA
MAFB	4663.77881368452	-2.46569301995364	0.0650002200324411	-37.9336103589039	0	0	MAFB
MAFF	4387.33067161086	-1.0561897475433	0.0603851670346998	-17.4908806153732	1.68138954425178e-68	4.7365717036113e-68	MAFF
MAFG	3612.7920639012	-0.431369422692191	0.0482554100632782	-8.93929659133616	3.91655361622115e-19	6.34866111171517e-19	MAFG
MAFK	5513.76664769299	0.506621873703002	0.0358045176758952	14.1496634108851	1.8765329081069e-45	4.19152114143595e-45	MAFK
MAG	17.3366388324134	-0.24209505928688	0.0917525326679987	-2.63856541336997	0.00832576361891698	0.00961704767095255	MAG
MAGEA10	0.722565795243779	-1.41588620990042	0.189150234335217	-7.48551126503575	7.12691444357578e-14	1.06368946935418e-13	MAGEA10
MAGEA11	1.4960458909919	-2.45471708136981	0.276955860002765	-8.86320687110685	7.77451280474805e-19	1.25413572003109e-18	MAGEA11
MAGEA12	0.733513800245405	0.486853744294576	0.219235922334146	2.22068417945004	0.0263723597256499	0.0298009320415206	MAGEA12
MAGEA3	0.399934123143035	0.141640987393301	0.279458632531809	0.506840622921816	0.612266650543052	0.630587708915522	MAGEA3
MAGEA4	0.364696023214035	-0.153017200028938	0.419077762024656	-0.365128417431836	0.71501554911618	0.729317480713982	MAGEA4
MAGEA6	0.395451420754477	0.167230808451237	0.257781283168182	0.648731383426827	0.516512015523077	0.537099693341281	MAGEA6
MAGEB1	0.372096925374627	0.0190488241828731	0.352640166635172	0.05401773815114	0.956921031873092	0.959960738672956	MAGEB1
MAGEB18	0.0286362622454586	0.494112878011806	1.33236866611552	0.370852970786516	0.710747045088315	0.725210155233803	MAGEB18
MAGEB2	0.889458730675	-0.394327123439289	0.199035459624704	-1.98119030740966	0.0475699357826603	0.0530572911118218	MAGEB2
MAGEB6	0.105541686113532	0.511029255182087	0.822332627605248	0.621438622313063	0.534311066756791	0.55467897997053	MAGEB6
MAGEC1	0.735138167195587	0.244836184977445	0.263672578900274	0.928561422650048	0.35311642208908	0.372987249972159	MAGEC1
MAGEC2	0.638197250767047	-0.0175633726443884	0.277039777672206	-0.0633965735605281	0.94945071566731	0.952785278889912	MAGEC2
MAGEC3	6.9982647114379	1.22778883298835	0.12781847432905	9.60572279894056	7.56254432725235e-22	1.27501508321504e-21	MAGEC3
MAGED1	4051.76384124401	0.481473216773054	0.0295139417577016	16.3134162398831	7.92346596928647e-60	2.04810900219882e-59	MAGED1
MAGED2	6973.83367279054	-0.0169960486021622	0.0365211293081407	-0.465375768059114	0.641662384097474	0.658714831829976	MAGED2
MAGED4	0.612017827745955	0.104740627431861	0.129622938797914	0.808040832920435	0.419067076304982	0.439630889944984	MAGED4
MAGED4B	0.80544116822807	-0.222431074952435	0.136989931590799	-1.62370381800653	0.104439035791502	0.114362618363819	MAGED4B
MAGEE1	188.935098243786	0.374040142803245	0.0428540488532762	8.7282334531303	2.58681263714516e-18	4.14170722060393e-18	MAGEE1
MAGEE2	5.89363033330683	0.182988869590895	0.0880375376356041	2.07853234546726	0.0376603549368467	0.0422172156693347	MAGEE2
MAGEF1	1348.51347384094	0.176365497043165	0.0238633062754022	7.39065639135509	1.46105739101421e-13	2.16839756745377e-13	MAGEF1
MAGEH1	604.135415031087	0.761731258332026	0.0328389487657548	23.1959696324499	5.0003233607789e-119	2.14464667184611e-118	MAGEH1
MAGI1	2278.47063044652	0.118680951501326	0.0428421660836661	2.77019026698032	0.00560235555723173	0.0065109434040757	MAGI1
MAGI2	405.138368862278	-0.12204992138685	0.0351928144438008	-3.46803525991792	0.000524278493143386	0.000632415543461374	MAGI2
MAGI3	579.087438795101	-0.117093044970782	0.0348683445919046	-3.35814752151922	0.000784667241466299	0.000940587002306376	MAGI3
MAGIX	172.935593335798	0.304179880703853	0.0346487324083428	8.77896129413992	1.64991293226789e-18	2.64919121342916e-18	MAGIX
MAGOH	818.01351765497	-0.0460519081260359	0.0164277795927329	-2.80329474023427	0.00505834189201284	0.0058889673003572	MAGOH
MAGOHB	323.453696200764	-0.0704776862326041	0.033684968800836	-2.09225921060835	0.0364153343869932	0.0408597166552556	MAGOHB
MAGT1	2756.83054579889	0.664715949653135	0.0183097883072904	36.3038577233831	1.40634102269989e-288	1.72331822665901e-287	MAGT1
MAK	27.6450258618103	-0.369189968208977	0.0565804356572202	-6.52504640377163	6.79804843561587e-11	9.60681974325022e-11	MAK
MAK16	706.815202542965	-0.198330003644735	0.0269665827614368	-7.35465837103966	1.91416037474167e-13	2.83525062994527e-13	MAK16
MAL	255.86039374879	0.415232317486391	0.0679732177505463	6.1087635870093	1.00405927332447e-09	1.38658005209925e-09	MAL
MAL2	2566.56337038138	-5.83348278397802	0.133570904257537	-43.6733045748535	0	0	MAL2
MALAT1	57601.9237584304	0.230040928779934	0.0390905308638421	5.8848248846044	3.98475668402345e-09	5.43406099008379e-09	MALAT1
MALL	205.035565290495	-0.37812151334571	0.0768821582700619	-4.91819587084812	8.73454906497563e-07	1.13384739106242e-06	MALL
MALSU1	1295.91861044001	0.521741593812483	0.0440935770273149	11.8325985095125	2.64814792185025e-32	5.11637981552284e-32	MALSU1
MALT1	1972.8048098888	-0.327452525650284	0.0243399747552176	-13.4532812356385	2.94507886436575e-41	6.27388930620685e-41	MALT1
MAMDC2	1029.78342815682	0.046308685938921	0.0487571999179433	0.94978148902843	0.342223293523449	0.361905857520597	MAMDC2
MAMDC4	774.191230199531	1.71639335493764	0.045726604842474	37.5359894059604	0	0	MAMDC4
MAML1	3032.22425829763	-0.238823861329171	0.0180236362026941	-13.2505926464202	4.47654160347873e-40	9.39405751972728e-40	MAML1
MAML2	1396.97761597431	-1.07260574463471	0.0532814998784284	-20.1309224980915	3.9556189674491e-90	1.34526916744854e-89	MAML2
MAML3	907.208152151444	-1.60804531512866	0.060308231741737	-26.663778205518	1.23892168494301e-156	6.92603392877613e-156	MAML3
MAMLD1	665.360302004989	-0.255869545433143	0.0443330300852963	-5.77153298434266	7.85535780489082e-09	1.06399018695139e-08	MAMLD1
MAMSTR	1309.02640767721	-2.74187780351844	0.106735354850258	-25.6885622141332	1.56890401574198e-145	8.09918015123931e-145	MAMSTR
MAN1A1	2801.66577689154	-0.722030508535727	0.0555029568828209	-13.0088656368362	1.08947318074989e-38	2.25084433911152e-38	MAN1A1
MAN1A2	2051.40898603119	-0.272730989725218	0.0190703885205758	-14.3012812471522	2.14817828002641e-46	4.85186414288023e-46	MAN1A2
MAN1B1	3968.60460523063	-0.0925910632232644	0.0302982171235938	-3.05599048437613	0.0022431837487521	0.00264645108541661	MAN1B1
MAN1C1	962.576258508158	0.884955717527605	0.040853197095088	21.6618473082492	4.7000422705409e-104	1.79324842967373e-103	MAN1C1
MAN2A1	2031.69041438751	-1.25062546463154	0.0236031088255152	-52.9856246427845	0	0	MAN2A1
MAN2A2	7476.42234174928	-0.288294095469745	0.0454896697286561	-6.33757284212893	2.33412868134062e-10	3.26672760012537e-10	MAN2A2
MAN2B1	2934.91417997471	-0.513333806087706	0.0332754285037901	-15.4268127915839	1.08077283220434e-53	2.62692300195927e-53	MAN2B1
MAN2B2	2402.26038990188	0.369751263004515	0.0409451569724736	9.03040286921086	1.7104093721959e-19	2.79088824409884e-19	MAN2B2
MAN2C1	5039.47747531183	0.058698195323717	0.0232896380062407	2.52035670575852	0.0117235961325275	0.0134460945512347	MAN2C1
MANBA	958.856849215619	0.352625305385334	0.0307590456564718	11.4641172331412	1.99786335583222e-30	3.77213533336856e-30	MANBA
MANBAL	1830.65020935877	-0.0652432863432998	0.0314612346596307	-2.07376751259595	0.0381009077167087	0.0426977799793609	MANBAL
MANEA	433.305402869869	0.206763709148563	0.0428019524017552	4.83070742212414	1.36048799379042e-06	1.75732953331095e-06	MANEA
MANEAL	117.000192970531	-1.44611871021657	0.040606093866028	-35.6133420512637	8.70842739252184e-278	1.00940374431929e-276	MANEAL
MANF	1488.08495945661	0.609502699549844	0.0440880285674542	13.8246757533581	1.80925865517715e-43	3.94864998203732e-43	MANF
MANSC1	1055.88470396309	-0.286652467233764	0.0535307758075216	-5.3549096367381	8.5599184990436e-08	1.13341002501864e-07	MANSC1
MANSC4	4.94419096337051	-1.35608177220467	0.0834067227234545	-16.2586627063735	1.93924545458405e-59	4.99261404862236e-59	MANSC4
MAOA	6850.73891173136	0.114650390686273	0.0688372636061594	1.66552801026818	0.0958074601537138	0.105224532655705	MAOA
MAOB	4862.22775882415	0.712193067251597	0.0678975418347688	10.4892319811039	9.68121077616078e-26	1.72358298073059e-25	MAOB
MAP10	141.799897505266	0.673717744251045	0.0556636836792217	12.1033625466389	1.01372062809381e-33	1.98888120177839e-33	MAP10
MAP1A	2124.49987362165	1.65413963481421	0.0480324081222348	34.4379909207278	6.81224506505671e-260	7.15444710712286e-259	MAP1A
MAP1B	5979.70931719066	0.634909752075639	0.0480969901263041	13.2006129782414	8.70240143018739e-40	1.8206872169317e-39	MAP1B
MAP1LC3A	2489.8632868699	0.738604337099526	0.0329841643597594	22.3926951443591	4.63685725411135e-111	1.87821933913723e-110	MAP1LC3A
MAP1LC3B	10080.9517224082	-0.328351919854533	0.0408695181695421	-8.03415196852595	9.42283457940015e-16	1.4502432050597e-15	MAP1LC3B
MAP1LC3B2	46.6252652045139	-0.398581910684047	0.0425267782649203	-9.37249250815766	7.08395158356149e-21	1.17854170476608e-20	MAP1LC3B2
MAP1LC3C	259.014427791992	-3.71664085901571	0.0920723905459842	-40.3665076683274	0	0	MAP1LC3C
MAP1S	1629.06370005078	-0.365536198337237	0.0338550099057798	-10.7971080012838	3.55216001486313e-27	6.43607774811788e-27	MAP1S
MAP2	1282.7175624306	-0.541918607448816	0.0656898457479974	-8.24965565496607	1.58851579559956e-16	2.47660426438487e-16	MAP2
MAP2K1	3173.81507417416	-0.26978424315387	0.0445916199416061	-6.05011083937205	1.44746211788964e-09	1.99370767343572e-09	MAP2K1
MAP2K1P1	1.29364927678606	-0.152484708945094	0.124326490519463	-1.22648607153616	0.220015813635023	0.235912834241365	MAP2K1P1
MAP2K2	8568.80696224167	0.0187043231115306	0.0382664376764758	0.48879185644785	0.624989063994736	0.642991835227138	MAP2K2
MAP2K3	5717.0406283606	-0.171754996734087	0.0500138650931396	-3.43414763914431	0.000594420338540079	0.000715394832791333	MAP2K3
MAP2K4	2210.91747641579	-0.452488877672808	0.0264427760033358	-17.1120035814593	1.20772671238634e-65	3.30198793281691e-65	MAP2K4
MAP2K4P1	5.03722430903799	0.202950621612746	0.0642079265390673	3.16083437905848	0.00157317921822306	0.00186725564468109	MAP2K4P1
MAP2K5	1434.97229384675	-0.129270521628114	0.0234143415142178	-5.52099752835747	3.37080522065744e-08	4.50500146833875e-08	MAP2K5
MAP2K6	4141.05808419933	-4.01909042619124	0.0996076748857582	-40.3492043238717	0	0	MAP2K6
MAP2K7	3538.99934307027	-0.749301045942871	0.0289596171650188	-25.8739969410913	1.30686584106048e-147	6.85058008297315e-147	MAP2K7
MAP3K1	2364.76465644414	-1.65777470262877	0.0669931488807384	-24.7454363666343	3.47160893618237e-135	1.66159086573302e-134	MAP3K1
MAP3K10	1466.42597538848	0.112617778219464	0.0327323639925785	3.44056354270648	0.000580504111297198	0.000699160612034046	MAP3K10
MAP3K11	3774.32164161057	0.706444618881799	0.0357539283948584	19.7585174719819	6.77659963420372e-87	2.24032268164006e-86	MAP3K11
MAP3K12	988.120731522412	0.25781849740251	0.0461172432440312	5.59050106352309	2.26415298617559e-08	3.03477422964608e-08	MAP3K12
MAP3K13	741.084674036606	-0.246821820685478	0.0433977190011771	-5.68743764341126	1.28959667862269e-08	1.73744703329743e-08	MAP3K13
MAP3K14	2323.72281927408	-0.48944918741109	0.049179736522249	-9.95225314372438	2.46537097515938e-23	4.24884087351307e-23	MAP3K14
MAP3K14-AS1	176.40269538185	-0.555895252662954	0.0402890185252884	-13.7976866404435	2.63162857732441e-43	5.73093951372087e-43	MAP3K14-AS1
MAP3K15	4.35115157920907	0.287174657234132	0.073438971524774	3.91038506220442	9.21491014860411e-05	0.000113607011564292	MAP3K15
MAP3K19	4.46544899926518	-0.91700349423574	0.0805692414106629	-11.3815580012943	5.16683239820309e-30	9.70249843522363e-30	MAP3K19
MAP3K2	3406.92693386901	-0.828367615610373	0.022118327608146	-37.4516387624755	5.64882211864551e-307	7.554565152878e-306	MAP3K2
MAP3K3	3412.41801696622	0.602063536466942	0.018647661652	32.2862752286354	1.09005322418196e-228	9.61393830891696e-228	MAP3K3
MAP3K4	2284.26138591344	-0.20944045643754	0.0172448832966796	-12.1450782144676	6.09243050467805e-34	1.19844652513069e-33	MAP3K4
MAP3K5	1636.21896081615	0.518269374611713	0.0414039846956035	12.5173791465232	5.9983243762415e-36	1.20535652039209e-35	MAP3K5
MAP3K6	7214.42152859341	0.274315040837021	0.0474571470553096	5.78026826006453	7.45816060633241e-09	1.01095142375444e-08	MAP3K6
MAP3K7	2640.60100064828	-0.164041764892935	0.0148921703250851	-11.0153027605798	3.22450708379604e-28	5.92531155731038e-28	MAP3K7
MAP3K7CL	755.753520263916	-1.79634388104012	0.0781539474120032	-22.9846852337522	6.63311641595106e-117	2.80551523974471e-116	MAP3K7CL
MAP3K8	1105.8879627238	-0.474369195634202	0.0547283800554681	-8.66770028919951	4.40935551218379e-18	7.03160954773391e-18	MAP3K8
MAP3K9	770.853188483089	-1.86298727753164	0.0642504471731749	-28.9957091272892	7.45245270046005e-185	5.06041497778127e-184	MAP3K9
MAP4	60807.9238778412	0.0284089916164991	0.0621916034623229	0.456797863938497	0.647816341260483	0.664804854856049	MAP4
MAP4K1	115.895411320874	0.156327622960176	0.046007754277033	3.39785380566194	0.000679167035574885	0.000815970487044217	MAP4K1
MAP4K2	976.066147259334	0.909055584711523	0.0372312921841933	24.4164392740972	1.14416527329566e-131	5.3468637291265e-131	MAP4K2
MAP4K3	2969.08141790351	-0.351893272322807	0.02863572803992	-12.2886092447953	1.04284712686636e-34	2.06697766248859e-34	MAP4K3
MAP4K4	7378.58183018837	0.312840486765909	0.0271626087446969	11.5173210977751	1.07914069393069e-30	2.04286587774176e-30	MAP4K4
MAP4K5	2661.45515505897	-0.978061300579964	0.0293114799394308	-33.3678580065226	4.01287576977951e-244	3.85257475902938e-243	MAP4K5
MAP6	406.685092696424	0.676130409298954	0.0637097326122294	10.6126706482075	2.60203418788493e-26	4.66479607769312e-26	MAP6
MAP6D1	448.418450199302	-1.45844438943699	0.0681922607242785	-21.3872420997143	1.75640966473026e-101	6.56911081961551e-101	MAP6D1
MAP7	947.371907024713	-2.81341686590555	0.0896483173553907	-31.3828184276163	3.47178599708753e-216	2.87072208238735e-215	MAP7
MAP7D1	18419.0652898885	0.413250223554663	0.043654378357077	9.46640953570398	2.89628090974615e-21	4.84219863066226e-21	MAP7D1
MAP7D2	69.7852850386439	-0.679610792539486	0.0580253197366033	-11.712314479687	1.10228909476157e-31	2.11178224721191e-31	MAP7D2
MAP7D3	1375.68770332238	0.0187742725233322	0.0356369397687744	0.526820558811912	0.59831820471601	0.616998510717971	MAP7D3
MAP9	236.132760518381	1.70978710520551	0.0641531165179498	26.6516608702418	1.71209060520809e-156	9.55638542150411e-156	MAP9
MAPK1	6433.74841191096	-0.285244454740796	0.0195872726382589	-14.5627449011784	4.84717481929084e-48	1.11535208899469e-47	MAPK1
MAPK10	318.586878073095	0.273389876413374	0.0754826990509515	3.62188792730946	0.000292460827900533	0.000355403183895058	MAPK10
MAPK11	1186.30935483462	0.789046244209263	0.052641557874919	14.989036724257	8.66001024362739e-51	2.04712861977067e-50	MAPK11
MAPK12	6338.8479389987	-2.50515807915968	0.104772657617479	-23.910418387075	2.38648316129347e-126	1.07774920688519e-125	MAPK12
MAPK13	3169.95639877455	-3.8342373970221	0.0951500902612374	-40.2967289520703	0	0	MAPK13
MAPK14	4074.02231044094	-0.533255330095146	0.0168813964780559	-31.5883422789297	5.3381130417326e-219	4.49655464970653e-218	MAPK14
MAPK15	101.062990570652	-3.05620472627536	0.0989783371085502	-30.8775113378961	2.39423944955609e-209	1.90197283016148e-208	MAPK15
MAPK1IP1L	3815.39456713863	0.268892877597064	0.0181356129675454	14.8267873866884	9.83273770535718e-50	2.29988450408179e-49	MAPK1IP1L
MAPK3	3977.37241514141	0.00360143850028942	0.0262918179653298	0.13697943995499	0.891047046448552	0.897528839075619	MAPK3
MAPK4	763.13025110389	3.95658820724152	0.0596911476888674	66.2843379702588	0	0	MAPK4
MAPK6	3114.61792944979	-1.63525624346669	0.0365950092806874	-44.6852255433004	0	0	MAPK6
MAPK7	1519.59873428138	-0.506046539167545	0.0404964006078643	-12.4960868514638	7.84172293612052e-36	1.57297586999226e-35	MAPK7
MAPK8	1574.06019388781	-0.37967269986159	0.0193401882078872	-19.6312825801123	8.35780856224363e-86	2.74091659553557e-85	MAPK8
MAPK8IP1	349.573601328989	0.355940146168018	0.0360946762099102	9.86129212236266	6.12559551221794e-23	1.04956067785489e-22	MAPK8IP1
MAPK8IP2	174.663568117022	-1.37184572714138	0.0614560012573201	-22.3224046321754	2.23917352400751e-110	9.00119754480998e-110	MAPK8IP2
MAPK8IP3	6831.6229469087	0.366625104756955	0.0260895552832536	14.052562444109	7.4296300628206e-45	1.64705382710386e-44	MAPK8IP3
MAPK9	2478.57738350203	0.154768611411098	0.0365918119061473	4.2295968236844	2.34110502534474e-05	2.93551348295003e-05	MAPK9
MAPKAP1	4301.30633805454	0.264364303886495	0.0396978676670044	6.65940816025808	2.74932437243921e-11	3.91663406364975e-11	MAPKAP1
MAPKAPK2	13054.8744555283	0.803069358747717	0.045942636390165	17.4798274946109	2.04115608977647e-68	5.74196761557529e-68	MAPKAPK2
MAPKAPK3	11349.3481603409	1.27519486395467	0.0676676488935212	18.8449707475615	3.23143847588109e-79	9.99126142293638e-79	MAPKAPK3
MAPKAPK5	1787.14284396951	-0.537124443555666	0.0112044858850176	-47.9383390784486	0	0	MAPKAPK5
MAPKBP1	2319.56391573572	-0.861492490468797	0.0450742761952271	-19.1127304349264	1.97841337343378e-81	6.25565064731802e-81	MAPKBP1
MAPRE1	3411.0282548937	0.219432895151698	0.020422472050083	10.7446784411589	6.27803020484818e-27	1.13328140510903e-26	MAPRE1
MAPRE1P1	1.22237358402849	-0.524605779070366	0.135844357494481	-3.86181501201978	0.00011254777407528	0.00013835774644056	MAPRE1P1
MAPRE2	5046.34355074497	1.04079076974459	0.0418428114306703	24.8738250169707	1.42870718161352e-136	6.90605745870704e-136	MAPRE2
MAPRE3	4689.73018267221	-0.791373475359017	0.0512290110929346	-15.447760135822	7.81109793121257e-54	1.90010234945618e-53	MAPRE3
MAPT	6591.95748987424	-1.90897680107549	0.0810719711553758	-23.5466928196047	1.35721893473767e-122	5.96904423264424e-122	MAPT
MARCKS	2967.3752789979	0.110206338652038	0.0564063726852214	1.95379233596619	0.0507257810198295	0.0564906448984132	MARCKS
MARCKSL1	1610.16602136257	0.341622601802639	0.0606975763735755	5.62827417852822	1.82021599628823e-08	2.44574965657866e-08	MARCKSL1
MARCO	251.729833045792	0.0962273895697175	0.0912768350266325	1.05423670246279	0.291774560297654	0.310250685800583	MARCO
MARK1	582.356871811609	1.08267866093338	0.0362375791546093	29.8772347985522	3.88877157455843e-196	2.84675791434023e-195	MARK1
MARK2	3999.00033496411	-0.314293352842373	0.0351570173541256	-8.93970468759039	3.90211743117305e-19	6.32582996024369e-19	MARK2
MARK3	5493.55525364784	0.585294901970914	0.0249120183416459	23.4944794092603	4.64475984522469e-122	2.03480949072498e-121	MARK3
MARK4	3279.61543608279	-0.80674676369332	0.0327360167583315	-24.6440112017599	4.26649778336152e-134	2.02748750259479e-133	MARK4
MARS2	376.971210131988	0.076693030583197	0.0376741183796258	2.03569542916425	0.0417809483671523	0.0467403425242128	MARS2
MARVELD1	2343.10125128946	-0.349097489079265	0.0570462006394102	-6.11955722145135	9.38357302502048e-10	1.29694178457765e-09	MARVELD1
MARVELD2	236.1567107764	-2.07514393152841	0.104277988309417	-19.9001147334274	4.05998272301705e-88	1.35742475848867e-87	MARVELD2
MARVELD3	114.341896984497	-4.25565229339641	0.116114941673339	-36.6503417395554	4.51897563123466e-294	5.67662807661236e-293	MARVELD3
MAS1L	4.50342615681943	-1.14433738767643	0.140104019351014	-8.1677698682536	3.14142440880187e-16	4.87363447236425e-16	MAS1L
MASP1	1531.92433417718	3.33166875136812	0.0721118265289264	46.2014195415183	0	0	MASP1
MASP2	245.942294819432	-1.04805261062104	0.0409851821273634	-25.5715006307443	3.16653468555368e-144	1.61750257873586e-143	MASP2
MAST1	157.152318393697	-3.36594554601127	0.11025438057444	-30.5289053230743	1.07766156160638e-204	8.32217321770758e-204	MAST1
MAST2	14293.4277787468	-0.271010523566559	0.0719728464251155	-3.76545512686556	0.000166245979752969	0.000203439420906404	MAST2
MAST3	914.610222134139	-0.605213883141953	0.0472681403808101	-12.8038437363121	1.56032626528413e-37	3.18740729702447e-37	MAST3
MAST4	4301.19180646277	0.511760674790143	0.0318819762335694	16.0517237401142	5.55982217227593e-58	1.41020655098125e-57	MAST4
MASTL	418.994603569368	-0.902819968861779	0.0374455277821805	-24.1102214959676	1.95298982446417e-128	8.93866509793531e-128	MASTL
MAT1A	238.353137986158	-4.59792140195473	0.14728977448125	-31.2168405318596	6.29572533744555e-214	5.13732329099534e-213	MAT1A
MAT2A	13798.6051299633	-0.0457758270374424	0.0411693664497207	-1.11189049006493	0.266185238085327	0.283879404631434	MAT2A
MAT2B	2813.685212435	0.220257233852169	0.0161714410242131	13.6201364814912	3.03999092543381e-42	6.55285314917183e-42	MAT2B
MATK	68.9046166100245	-0.142639248065135	0.0736616362020323	-1.93641161694965	0.0528173078112566	0.0587544406074916	MATK
MATN1	8.0943578947467	-0.164552091289923	0.0678093808621733	-2.42668623717985	0.0152374274448435	0.0173997038463986	MATN1
MATN2	2640.5953893125	0.125152980249275	0.0762035284660105	1.64235151270059	0.100517177292483	0.110208899283834	MATN2
MATN3	76.4012170725841	-1.53376169390082	0.0767031283489047	-19.9960774340793	5.95781551599439e-89	2.00535970649617e-88	MATN3
MATN4	77.5202125797492	-3.88809957168668	0.141078924925309	-27.5597476642607	3.38178929618498e-167	2.02918630402086e-166	MATN4
MATR3	192.478317688919	-0.194585781578081	0.0236303857183029	-8.2345579923126	1.80221794703666e-16	2.80613487281437e-16	MATR3
MAU2	5583.70853895843	-0.44297630016925	0.0250290806879643	-17.6984646656345	4.30894935691658e-70	1.23100138666649e-69	MAU2
MAVS	9554.10454028412	-0.0614114385481966	0.0378030974921953	-1.62450811235443	0.104267410441237	0.114188577924969	MAVS
MAX	3389.9411789107	0.11362824100361	0.0214353391409313	5.3009770573974	1.15184564664251e-07	1.52190057877362e-07	MAX
MAZ	769.590289451514	-0.464624026917208	0.0307809866549793	-15.0945137699817	1.75980366288271e-51	4.19135032224818e-51	MAZ
MB	370863.446003313	0.492765286416009	0.163832402770485	3.00774009343153	0.00263198128878075	0.00309682300668948	MB
MB21D2	416.851402601414	-0.169141943063426	0.0337774600007829	-5.00753884571265	5.51304275895988e-07	7.18767890954131e-07	MB21D2
MBD1	4919.39607726138	-0.218635888389816	0.0165849197216325	-13.1828125827247	1.10204319604616e-39	2.3027138214773e-39	MBD1
MBD2	4078.44704891712	-0.577791754335757	0.0221036598126273	-26.1400944112286	1.27733541659584e-150	6.82496730013113e-150	MBD2
MBD3	5131.99463054338	0.29212812739592	0.0295148917322918	9.89765200718347	4.26162685852986e-23	7.32209077793223e-23	MBD3
MBD4	1500.63122693399	0.0394173342664592	0.0152048521628159	2.59241812050339	0.00953038644293373	0.0109803178673355	MBD4
MBD5	838.122612664835	-0.141663168757473	0.0197778322126531	-7.16272477358983	7.90890378194656e-13	1.15906681575202e-12	MBD5
MBD6	4816.49488250516	-0.374645164715182	0.0201418348728595	-18.6003493266646	3.19220884336768e-77	9.69838842016229e-77	MBD6
MBIP	669.898620718386	-0.432715031537787	0.0383477340412076	-11.2839791543563	1.57458924407809e-29	2.9399627613992e-29	MBIP
MBL1P	43.8488643664077	1.35974192584631	0.0524327668497046	25.9330568944402	2.82379728123108e-148	1.48759657183028e-147	MBL1P
MBLAC1	104.961231310937	0.156529822559597	0.0295614608599665	5.29506384346439	1.18974836693564e-07	1.57117308731629e-07	MBLAC1
MBLAC2	300.723634730944	-0.449936953916894	0.032220556475066	-13.9642825307837	2.57485335757988e-44	5.67596562451573e-44	MBLAC2
MBNL1	13017.3219937587	-0.907607869590667	0.0422629374492637	-21.4752670866818	2.65191313825492e-102	9.98474971799346e-102	MBNL1
MBNL2	4357.7845788298	-0.126710757418331	0.0344050568494033	-3.68291085734765	0.000230585809728159	0.000280989382677809	MBNL2
MBNL3	683.095930015092	0.223727455830814	0.0618619732918842	3.61655866965637	0.000298545674721489	0.000362724128689357	MBNL3
MBOAT1	828.408552793619	-0.184140492993025	0.0610471740662079	-3.01636391544214	0.00255826021656451	0.00301165667113843	MBOAT1
MBOAT2	1748.17832955222	-0.739997305365372	0.0754189973680778	-9.81181573859781	1.00150001511629e-22	1.70978772497234e-22	MBOAT2
MBOAT4	4.74899646272509	0.948706722882495	0.0581983248168025	16.3012720017088	9.6659385390048e-60	2.4970803622363e-59	MBOAT4
MBOAT7	1829.86130212144	-0.048552563649945	0.0415219682278982	-1.16932230628998	0.242273799275279	0.259069185027581	MBOAT7
MBP	4074.0608846902	-0.898465267542059	0.0479813613440462	-18.7252975400112	3.0794610569418e-78	9.43868184675794e-78	MBP
MBTD1	1702.11302242709	-1.05853043355477	0.0297944703439	-35.5277479792989	1.83336184953847e-276	2.10340004165341e-275	MBTD1
MBTPS1	4819.03913748165	0.652213866471276	0.0195281728799022	33.3986118661676	1.4360915489112e-244	1.38315056029697e-243	MBTPS1
MBTPS2	847.771368589121	-0.244679507585144	0.0265250926843834	-9.22445438726775	2.85008179798459e-20	4.69991960842073e-20	MBTPS2
MC5R	3.03442576870521	-3.34327470432807	0.19161212120915	-17.4481378486426	3.55639236128106e-68	9.98574620112624e-68	MC5R
MCAM	11434.8021004028	0.207791798894562	0.0604243548034329	3.43887492999356	0.000584137037037394	0.000703441985798109	MCAM
MCAT	792.532416889708	0.153902962349322	0.0278220612378019	5.53168800233299	3.17163677280744e-08	4.24133671698289e-08	MCAT
MCC	2709.4744713058	-0.0804919451324048	0.0503012837884723	-1.60019663654889	0.109554968080586	0.119855292355575	MCC
MCCC1	1771.40471498887	0.541911470811923	0.0320485659785909	16.9090707888125	3.85742345435756e-64	1.03886115502529e-63	MCCC1
MCCC1-AS1	36.3921711654863	-0.998542348239873	0.0546179320978135	-18.2823169952977	1.14458723936183e-74	3.40107542022984e-74	MCCC1-AS1
MCCC2	4388.44932246248	0.987807301035886	0.0314496910462876	31.4091257552271	1.51875178849243e-216	1.25696785952424e-215	MCCC2
MCEE	702.257804177198	0.425117154789375	0.0267038807989443	15.9196769185017	4.62760236036487e-57	1.16212988405312e-56	MCEE
MCF2	21.650337015407	3.37196756181298	0.0684267818756388	49.2784764880703	0	0	MCF2
MCF2L	5579.45978280958	1.30518282251608	0.0434766433674778	30.0203217503311	5.32928441726108e-198	3.95597726990172e-197	MCF2L
MCF2L2	51.1729489366597	-1.32914351063091	0.0654482681683354	-20.3083068174134	1.08583477023873e-91	3.74088262183108e-91	MCF2L2
MCFD2	6153.29352468988	-0.370977446135576	0.0445254671743473	-8.33180356497885	7.96199778460468e-17	1.24596993932599e-16	MCFD2
MCHR1	22.0075332478199	0.762870354706249	0.0830630428830627	9.18423318274323	4.14469727499625e-20	6.8142018126959e-20	MCHR1
MCL1	21797.9456856327	-0.161995223548726	0.0270110435761565	-5.9973700420714	2.00538736645505e-09	2.75207577826922e-09	MCL1
MCM10	79.7051993460334	-2.22353843025009	0.0694465170635369	-32.0179977955664	6.12569291674119e-225	5.30137491318549e-224	MCM10
MCM2	391.382124228199	-0.853624753355447	0.0438822575927423	-19.4526170753947	2.76929801188162e-84	8.95618640170339e-84	MCM2
MCM3	2233.61690216193	0.272145645685774	0.0217674672363979	12.5024029084428	7.24284138257863e-36	1.45349373163654e-35	MCM3
MCM3AP	3931.65976556146	-0.670160673769921	0.0303284782187675	-22.0967458022744	3.39683166991395e-108	1.34122322636808e-107	MCM3AP
MCM3AP-AS1	250.169801243543	-0.135313863945992	0.0272033801888106	-4.97415626318563	6.55324326374508e-07	8.52532572021936e-07	MCM3AP-AS1
MCM4	1695.15954155933	-0.770767319221389	0.0404331918580047	-19.0627374145531	5.15080803885146e-81	1.62097369768121e-80	MCM4
MCM5	1212.12558471381	-0.555986692497546	0.0244928495910196	-22.6999594486303	4.48408871883713e-114	1.8560147396594e-113	MCM5
MCM6	1075.46879593085	-1.04240237356768	0.0219102192999727	-47.5760812475746	0	0	MCM6
MCM7	3833.7669919298	-0.991506159385768	0.0214654484939595	-46.1907963239056	0	0	MCM7
MCM8	774.153541277632	-0.513465658343292	0.0347609624186346	-14.7713303262292	2.24242638221413e-49	5.22806855410395e-49	MCM8
MCM9	646.562306323968	-0.704599645386427	0.0348507458762683	-20.2176345920397	6.84891987110921e-91	2.34208599163824e-90	MCM9
MCMBP	3010.14403996669	-0.457141914551898	0.0167398851036142	-27.3085455319642	3.35784108111263e-164	1.97854328317867e-163	MCMBP
MCMDC2	69.600415051798	0.298726631431149	0.0563163860406529	5.30443539497561	1.13022261217972e-07	1.49344030256531e-07	MCMDC2
MCOLN1	1595.49913369121	-0.433410144991732	0.0213902236131303	-20.2620670466336	2.78041444414667e-91	9.54246718952988e-91	MCOLN1
MCOLN2	67.817296843017	-1.85886713972786	0.0736972681555046	-25.2230128232918	2.24030325169539e-140	1.11218143501844e-139	MCOLN2
MCOLN3	526.487728879925	-2.41037160669595	0.0792098975255556	-30.4301821109955	2.1912647846187e-203	1.68065434119817e-202	MCOLN3
MCPH1	1181.63637041193	-0.46540853877509	0.0220909076783914	-21.0678775879516	1.56803744820465e-98	5.73238060624125e-98	MCPH1
MCRS1	3069.68498874114	1.03624699895221	0.0281723104317323	36.7824641668373	3.52120091999388e-296	4.47319250252716e-295	MCRS1
MCTP1	733.713743991334	-0.776380222401406	0.0600816179841833	-12.9220924543975	3.37827572123663e-38	6.94759982382961e-38	MCTP1
MCTP2	405.936720500602	-1.68357164724314	0.086373622159317	-19.491733762627	1.29034351705765e-84	4.18286937701328e-84	MCTP2
MCTS1	1804.14629826572	0.0870949624272908	0.0146134709662143	5.95990936230348	2.52377875651727e-09	3.45505676447391e-09	MCTS1
MCU	2459.90715561069	-1.63979758028809	0.0527803204410134	-31.0683521165943	6.44802394083825e-212	5.19100532017126e-211	MCU
MCUR1	1900.63831039653	-0.335258688226287	0.0303578209460663	-11.043568931443	2.35489910442608e-28	4.33485415469617e-28	MCUR1
MDC1	2537.35117462292	-0.149535362795553	0.017364734544917	-8.61143960529621	7.21487466225406e-18	1.14710262140289e-17	MDC1
MDFI	480.358149281118	-2.57711171130106	0.0972217872264805	-26.5075533460172	7.93162542842354e-155	4.36494005921896e-154	MDFI
MDFIC	1725.40689720112	0.135413319155404	0.0481588812812324	2.8118036705345	0.00492645632188788	0.00573839395951234	MDFIC
MDGA1	644.726094393789	0.0442399502781735	0.0754560240807666	0.5863011047444	0.55767318877273	0.577466352456162	MDGA1
MDGA2	4.91417422542379	-1.54775594844286	0.139538552923135	-11.0919592902432	1.37248264082389e-28	2.5360357234111e-28	MDGA2
MDH1	19824.1549938956	2.18090328058861	0.0652644459966233	33.4164068549889	7.92080105991806e-245	7.64106858947401e-244	MDH1
MDH1B	55.9673980336709	0.545744073037428	0.0552262597668627	9.88196693640458	4.98447676974565e-23	8.55262285122404e-23	MDH1B
MDH2	24206.3065199618	0.261896777907909	0.0646181178524944	4.05299297800267	5.05665207739763e-05	6.28450663112639e-05	MDH2
MDK	856.671790065911	-0.744006354924104	0.0763801343646534	-9.74083590076021	2.01886764020109e-22	3.42877973311254e-22	MDK
MDM1	413.015419447041	0.0798335638798717	0.0300090035816721	2.66032038226787	0.00780663536098726	0.00902551336757429	MDM1
MDM2	2769.83781295103	-0.783600981979673	0.0281792412373366	-27.8077388734451	3.49698236979163e-170	2.15579382324038e-169	MDM2
MDM4	3874.10669426518	-0.313905655327306	0.0232360227889276	-13.5094399837173	1.37563882749568e-41	2.94200719184387e-41	MDM4
MDN1	4860.7516505037	-0.393081749015336	0.0238027428490556	-16.5141366903828	2.90285122459657e-61	7.6216780767157e-61	MDN1
MDP1	409.566960154908	0.372101835638328	0.0206179095530956	18.0475054796455	8.25351331082809e-73	2.41618951224941e-72	MDP1
MDS2	2.45512240419161	-0.405927474945199	0.105367266443068	-3.85250076848611	0.000116917609668291	0.000143661016494124	MDS2
ME1	2230.25693663628	-1.08275101864768	0.0587861656441864	-18.4184664330928	9.34127466851941e-76	2.80347257932674e-75	ME1
ME2	2324.32396271083	0.56763314151675	0.0529878527173169	10.7125145180915	8.89134224434483e-27	1.60309547015676e-26	ME2
ME3	1448.89231294119	0.976546059907669	0.0471914091560896	20.6933015430342	3.98005742227767e-95	1.40922528832455e-94	ME3
MEA1	1343.8948839985	-0.160652064948406	0.0268100674789649	-5.9922290413649	2.06984124693031e-09	2.83944614281303e-09	MEA1
MEAF6	2422.36519093232	-0.440720555571584	0.0149465790591805	-29.4863830597333	4.30377697251012e-191	3.0440978106937e-190	MEAF6
MECOM	1131.80426221568	1.14969319430413	0.0564186210087537	20.3779031416905	2.6266887820793e-92	9.08066540545603e-92	MECOM
MECP2	4352.74557937898	-0.060055552266072	0.018652719965471	-3.21966728591025	0.00128339455510963	0.00152864324664385	MECP2
MECR	1571.4494239927	-0.0302879964511014	0.034949002353148	-0.866634078565428	0.386142535192318	0.406583515208055	MECR
MED1	1951.43280258672	-0.359514218833599	0.0188563245501643	-19.0659753377265	4.84165092174381e-81	1.52448064093599e-80	MED1
MED10	1087.78814061227	-0.0376401957258193	0.019236574960026	-1.95669945424466	0.0503828141087101	0.0561225889090898	MED10
MED11	470.931569748738	0.0464176224230994	0.0295136409366564	1.57275147863739	0.1157763747899	0.126484828706257	MED11
MED12	3428.65477963865	-0.441918458739195	0.017227853767761	-25.6513936498678	4.0793477013248e-145	2.09806679918708e-144	MED12
MED12L	76.3579416784082	-0.492242393113504	0.060237664765354	-8.17167124640296	3.04146394960788e-16	4.72058911509669e-16	MED12L
MED13	4354.04953066676	-0.954576316590078	0.0294171187930376	-32.449687656563	5.47182592364969e-231	4.88098803030813e-230	MED13
MED13L	7023.39889216175	-1.17474553312307	0.021358929867961	-55.0002055526771	0	0	MED13L
MED14	4031.82008515527	-1.1026771826823	0.039177260759082	-28.1458468845777	2.69394921948644e-174	1.7093330948176e-173	MED14
MED15	5814.42007656095	-0.50109934406361	0.0218388913513644	-22.9452739153036	1.64259855631433e-116	6.92306640417098e-116	MED15
MED15P9	0.212975726656387	0.234257624284609	0.268120191925688	0.873703776661237	0.382279593702511	0.402751666056356	MED15P9
MED16	3312.0592719135	-0.659111727356476	0.020418723203771	-32.2797718926298	1.3449743427814e-228	1.18564559962821e-227	MED16
MED17	1312.29362168885	0.0081972999596679	0.0183313235646246	0.447174473287181	0.654749090774308	0.67157483663979	MED17
MED18	496.460980470105	-0.100094080342344	0.0281051521562032	-3.56141392816661	0.00036886303197083	0.000446800581287054	MED18
MED19	510.098647544471	-0.134246778100854	0.02363695512402	-5.67952925393641	1.35065949188942e-08	1.81876283015421e-08	MED19
MED20	805.621524815743	0.276829785644455	0.0297966267688578	9.29064178277342	1.533607774279e-20	2.53805953340041e-20	MED20
MED21	1338.96045105519	0.066920837406229	0.0250282349342536	2.67381369809028	0.00749941003411582	0.00867589203239838	MED21
MED22	1592.25262566609	0.344835675455062	0.020363714391398	16.933829891109	2.53346114427529e-64	6.83628152572319e-64	MED22
MED23	1863.0891132927	-0.525916379442467	0.0179140245474348	-29.3578016514317	1.89993008523946e-189	1.32766465312095e-188	MED23
MED24	6444.93361051834	-0.453424502437073	0.0326641761577785	-13.8814002302365	8.21238026617514e-44	1.80062189002946e-43	MED24
MED25	3719.33386671181	-0.142556385130731	0.0464086297697197	-3.07176457995201	0.0021279748273259	0.00251300104091671	MED25
MED26	611.022143235512	-1.00983922300926	0.023221572113593	-43.4871169819781	0	0	MED26
MED27	826.209893440349	-0.109112948951238	0.0189355725480205	-5.76232636613064	8.2962375110379e-09	1.12260821947075e-08	MED27
MED28	3150.53881962957	-0.71134298503622	0.0235130850500311	-30.2530690261455	4.75421846927014e-201	3.59431695360486e-200	MED28
MED29	2305.53230144377	-0.142976604887732	0.0138737655426568	-10.3055370546757	6.6519084987408e-25	1.17094665446737e-24	MED29
MED30	422.887349473289	-0.466838640732933	0.0283775104694929	-16.4510076116369	8.24845074545683e-61	2.15438714261417e-60	MED30
MED31	172.0896448951	0.0998230014136956	0.022227167185194	4.49103570337968	7.08776673683025e-06	9.00210887107044e-06	MED31
MED4	1500.326036173	0.0194704044210413	0.0161734227926051	1.20385181731251	0.228646857641192	0.244875778462584	MED4
MED6	959.467910937585	-0.478635032227484	0.0166041354920776	-28.8262543060948	1.00575700268107e-182	6.74287962952028e-182	MED6
MED7	478.368254308576	-0.000627337040686407	0.0251163207703966	-0.0249772666315769	0.980073096550927	0.981873097229143	MED7
MED8	1302.73354080548	-0.42436040788968	0.028228282688359	-15.0331641699437	4.45220847859563e-51	1.0557792757634e-50	MED8
MED9	1665.34689651889	0.818768330489095	0.0333449913968881	24.5544621902498	3.87549704264049e-133	1.82960457027462e-132	MED9
MEDAG	2167.46539485594	-0.743960578548922	0.0722600276237868	-10.2956032956736	7.37557746855501e-25	1.2973204026916e-24	MEDAG
MEF2A	6447.48673013848	0.0967810778453855	0.0331857303561959	2.9163461767029	0.00354157309861611	0.00414700171392627	MEF2A
MEF2B	358.687329150986	-0.372560905405688	0.0472255118746781	-7.88897548414826	3.04677362254481e-15	4.64551685409361e-15	MEF2B
MEF2C	8069.95436368607	-1.72300183703395	0.0887533505655832	-19.4133722958522	5.94913833511123e-84	1.92056024337047e-83	MEF2C
MEF2D	14075.7344466873	-0.607994477819714	0.053287894887751	-11.4096171203691	3.74373554881529e-30	7.0433720332592e-30	MEF2D
MEFV	46.2892400228165	1.18041180276536	0.0571163342921356	20.6667990408462	6.89395506461947e-95	2.43759742915371e-94	MEFV
MEG3	10233.9345491834	0.726964110851214	0.0524830606745271	13.8514046533885	1.24748521744609e-43	2.72921504609226e-43	MEG3
MEG8	57.7943599182437	0.806218721894987	0.0570967944449053	14.120209895022	2.85140781289727e-45	6.35171291176386e-45	MEG8
MEGF10	311.924462542571	-3.99715163303253	0.0854940146297952	-46.7535844508054	0	0	MEGF10
MEGF11	51.9813972512086	-1.85405587291849	0.0771695843081614	-24.0257335780725	1.49739664845837e-127	6.81533174940557e-127	MEGF11
MEGF6	4449.2701420196	-2.04553523919682	0.064788088611376	-31.5727054623687	8.75115104199308e-219	7.35088520330926e-218	MEGF6
MEGF8	3457.66319098524	1.27380248115681	0.0253847146654325	50.1799014858103	0	0	MEGF8
MEGF9	2011.68951192399	-0.985985766607503	0.0407923534365676	-24.1708478070705	4.50817368982826e-129	2.07389814951696e-128	MEGF9
MEI1	48.4149767203367	-0.311002219880846	0.0560082592198005	-5.55279210982687	2.81142358137091e-08	3.76186990918441e-08	MEI1
MEIG1	3.07656849694766	0.418049661760448	0.0821161160907442	5.09095755696084	3.56259773232747e-07	4.65995653100035e-07	MEIG1
MEIOB	8.00955684837943	-1.22208594449949	0.0851583153932759	-14.3507529341754	1.05386833078746e-46	2.38895401366391e-46	MEIOB
MEIS1	1456.75678174088	0.899173474992214	0.0501491531204392	17.9299832408484	6.88004185581769e-72	1.99980031400895e-71	MEIS1
MEIS2	792.463459201632	1.87518543494545	0.0667497284704391	28.092779969523	1.20022713074804e-173	7.59145768819237e-173	MEIS2
MEIS3	421.886709352106	0.199061855744245	0.0592453572370666	3.3599570502666	0.00077954590388927	0.000934510243467684	MEIS3
MEIS3P1	97.1134077220567	0.737170652268655	0.0574083494563553	12.8408264520667	9.6835162361824e-38	1.98330840559244e-37	MEIS3P1
MEIS3P2	18.2620606134437	0.835679212680746	0.0642201565088976	13.0127246352158	1.03581900908835e-38	2.14073225977031e-38	MEIS3P2
MELK	54.6204235250315	-1.66856317323048	0.104725950431555	-15.9326620226855	3.76002982626076e-57	9.45047429524155e-57	MELK
MEMO1	193.462892740246	-0.274231604814648	0.0434253846168839	-6.31500693048613	2.70149369374731e-10	3.77470992634831e-10	MEMO1
MEMO1P1	20.9067683653444	-0.804014985303176	0.0401639480839366	-20.0183254799281	3.81322863201415e-89	1.28542937462335e-88	MEMO1P1
MEN1	1622.87144664864	-0.445217097675428	0.0327712159099095	-13.5856142445054	4.87425544787109e-42	1.0481599846748e-41	MEN1
MEOX1	1207.96291610021	1.12213206692372	0.0621305828872599	18.0608649521267	6.47992594302721e-73	1.8979034640487e-72	MEOX1
MEOX2	1118.421615903	-0.027227673335432	0.0582279862451135	-0.467604584860892	0.640067385581922	0.657264860687974	MEOX2
MEP1A	2.34715046372224	-0.346103488507477	0.142033537393622	-2.43677299642484	0.0148189789178408	0.01693261644662	MEP1A
MEP1B	3.25733537597188	-0.719992389139599	0.0945314911924057	-7.61642898104881	2.60789969138269e-14	3.91696306588067e-14	MEP1B
MEPCE	2850.96701719508	-0.340473550928994	0.0215779396465034	-15.7787794621145	4.35528581488971e-56	1.08436376146376e-55	MEPCE
MEPE	0.39568847314611	0.0991406951380106	0.232371748505732	0.426646938689989	0.669636503836467	0.685828783884857	MEPE
MERTK	813.281895544879	-0.302926867910421	0.0554687446602056	-5.46121729932977	4.7288080322585e-08	6.30169332163793e-08	MERTK
MESP1	258.912268493909	-0.854285152933589	0.0784112189563523	-10.8949352440131	1.21853216974963e-27	2.22057072156945e-27	MESP1
MESP2	12.7936822062983	-0.698691653749456	0.0814163527643334	-8.58171153615636	9.34718030602507e-18	1.48363100863026e-17	MESP2
MEST	1101.93625650578	-2.30055178890234	0.106980330807678	-21.5044370449566	1.41491811917125e-102	5.33849110526129e-102	MEST
MESTP1	9.38873661498073	2.55044231015846	0.0853110652952738	29.8957972372167	2.23157358967325e-196	1.63827716915612e-195	MESTP1
MET	1731.12489532837	-0.853439638801	0.0358239765787111	-23.8231408209486	1.92305349236827e-125	8.64125958964585e-125	MET
METAP1	2517.18046909093	0.482981009904112	0.0235514528308539	20.5074826327222	1.84604714731896e-93	6.45757767176226e-93	METAP1
METAP1D	593.201281701349	-0.189228719485626	0.0338249050903466	-5.59436069311043	2.21436180738192e-08	2.96892051949069e-08	METAP1D
METAP2	4332.52689381013	-0.399724788682298	0.0263367801535699	-15.1774357515042	4.98907565631018e-52	1.19473660887641e-51	METAP2
METRN	947.255153508973	1.65440737644568	0.0294438691208979	56.1885182158841	0	0	METRN
METRNL	4350.81916997697	-0.385853446878085	0.0784372551071063	-4.91926249014197	8.68709077922925e-07	1.12784941303214e-06	METRNL
METTL1	480.971982363278	-0.371442653443711	0.0383937939984772	-9.67454931540351	3.86792070852886e-22	6.54753062575024e-22	METTL1
METTL13	1487.1869135577	-0.35041837583813	0.0211727447079704	-16.5504463720387	1.58919990959779e-61	4.18846084519325e-61	METTL13
METTL14	968.013621347764	-0.253531269819646	0.0172644665835285	-14.6851493263935	8.02572173720129e-49	1.86078074435034e-48	METTL14
METTL15	583.855368155708	0.0603831470322095	0.0288636841515529	2.09201107922188	0.0364375246216943	0.0408795188977949	METTL15
METTL15P1	18.3714554738754	-0.132058872772211	0.0496063849082199	-2.6621345824039	0.00776468262805175	0.00897816366826564	METTL15P1
METTL16	1673.032716789	-0.193946394220753	0.014582714909341	-13.299745309875	2.32258117216572e-40	4.88934436675888e-40	METTL16
METTL17	2326.54650879489	-0.0593797446311304	0.0185905467491436	-3.19408274712877	0.00140275903214584	0.00166882990798078	METTL17
METTL18	172.783920208832	0.450326394608493	0.0276792397516967	16.269463997142	1.62574616366553e-59	4.1885010293607e-59	METTL18
METTL21A	386.41438057293	0.665483378991847	0.0335587352525225	19.8304070157657	1.6271777758474e-87	5.41620324390329e-87	METTL21A
METTL21C	64.297223730511	-6.97952125861068	0.227127610244238	-30.7295147917303	2.29676922337545e-207	1.80542108253194e-206	METTL21C
METTL22	1668.6742546878	-0.370927197929619	0.0480517890555441	-7.71932128272801	1.16950773546382e-14	1.76687442266758e-14	METTL22
METTL23	941.885552175357	-0.102081743246625	0.0146888233050463	-6.94962020623907	3.6627091836721e-12	5.30557882154031e-12	METTL23
METTL24	65.8636794643392	1.07285057486427	0.0739703126784105	14.5037993759542	1.14625564655353e-47	2.62616111666159e-47	METTL24
METTL25	281.026961667303	-0.437692762892575	0.0228561192580057	-19.1499159569386	9.69430723237928e-82	3.075017171631e-81	METTL25
METTL2A	659.30014890834	0.275018947819861	0.0199312500550829	13.7983792817714	2.60646816912617e-43	5.67752099618105e-43	METTL2A
METTL2B	1128.45962664914	-0.000398448176871012	0.0207243856758803	-0.0192260549047173	0.984660772633902	0.98597533338059	METTL2B
METTL3	2499.04181331603	-0.323890614110318	0.0198363403526793	-16.3281436168023	6.22498315748946e-60	1.61115631657754e-59	METTL3
METTL4	367.001781160146	0.322923426039628	0.0232323380226434	13.8997386197158	6.35730960945317e-44	1.39541434312604e-43	METTL4
METTL5	1154.86957973728	0.415816117398841	0.0311957017738352	13.3292759500477	1.56408272438504e-40	3.29916254062047e-40	METTL5
METTL6	428.21758842257	-0.13885747866185	0.0157544790336381	-8.81384134412628	1.2092916405648e-18	1.94621893802476e-18	METTL6
METTL7A	5336.85281058219	-1.18238457808211	0.0412474795512033	-28.6656200802362	1.02401002190666e-180	6.78190007518096e-180	METTL7A
METTL7B	302.584827658953	2.7198987861884	0.112874077208848	24.0967532443773	2.70350785236731e-128	1.23548730262666e-127	METTL7B
METTL8	1001.84383115191	-1.09185180185426	0.0370382523583751	-29.4790313346783	5.3467588065846e-191	3.78032228112056e-190	METTL8
METTL9	3675.02816075681	-0.544000949910274	0.0199063217774787	-27.3280496513292	1.96947466081139e-164	1.16161577225642e-163	METTL9
MEX3A	80.0683527560106	-1.1543175823782	0.0778780420414445	-14.8221186886531	1.05406627908951e-49	2.46418793375198e-49	MEX3A
MEX3B	212.308259521927	1.03398317348765	0.0388761326933445	26.5968629555753	7.37961641598135e-156	4.0962218656824e-155	MEX3B
MEX3C	1208.27841935531	0.112563716620031	0.0218314859391134	5.15602634350973	2.52245424072123e-07	3.31049130848811e-07	MEX3C
MEX3D	604.546536264944	-0.287270383876905	0.0577342308170953	-4.97573761373891	6.49996451640033e-07	8.45723608671647e-07	MEX3D
MFAP1	1585.88427912655	0.073384216940575	0.0188389003943179	3.89535564202616	9.80547484546889e-05	0.000120796846902057	MFAP1
MFAP2	376.77014954587	-0.935740719607253	0.0792643058405744	-11.8053228333233	3.66382071824401e-32	7.06961483000433e-32	MFAP2
MFAP3	1793.16241750626	0.275956023650791	0.0263189511067296	10.4850692009618	1.01171571090107e-25	1.80066190547065e-25	MFAP3
MFAP3L	853.315367171996	-2.05084510672273	0.0655016403252367	-31.3098282201732	3.42939033997303e-215	2.82399156037761e-214	MFAP3L
MFAP4	7453.99064742018	-0.0438997818633002	0.068894307496892	-0.637204777263791	0.523991466319883	0.544468389818992	MFAP4
MFAP5	2965.2323767862	0.145990234475654	0.0652341045048829	2.23794341293864	0.0252247455097158	0.0285238170689361	MFAP5
MFF	3255.17813160942	0.179921610674587	0.0336510001845236	5.34669429401789	8.95751183977517e-08	1.18570608594597e-07	MFF
MFGE8	20088.1144739939	0.935274831693512	0.0364558586718712	25.654993895814	3.71894256792457e-145	1.91325193384425e-144	MFGE8
MFHAS1	1104.479921088	0.669874817476905	0.040603974039238	16.4977648943812	3.80726169445827e-61	9.98172411330371e-61	MFHAS1
MFN1	2789.90573324785	0.281490316320388	0.0183993876354906	15.2988959142	7.77646636037145e-53	1.87319912957375e-52	MFN1
MFN2	22311.7651293478	1.0894033405961	0.0548503425735523	19.8613771488346	8.78679087372756e-88	2.93072118802983e-87	MFN2
MFNG	605.579508229579	1.23259267671503	0.0564464804399218	21.8364841724175	1.04493476493664e-105	4.04165679063697e-105	MFNG
MFRP	1.72872220132944	0.746711140827085	0.0918163931219751	8.1326560044142	4.19985177025053e-16	6.50503628603337e-16	MFRP
MFSD1	1916.96168140328	-0.194499950641322	0.0324288094899576	-5.99775180465855	2.00067990017385e-09	2.74582486146916e-09	MFSD1
MFSD10	2335.52246665185	0.233896107785023	0.0336820735123113	6.94423125997662	3.8052670853679e-12	5.51030591293602e-12	MFSD10
MFSD11	1250.0164291824	0.00289671293328693	0.0206316559900483	0.140401378090259	0.888342869080194	0.894905142219071	MFSD11
MFSD12	1107.23138014069	-0.357437928025996	0.0370974511958878	-9.63510744009328	5.68325157275893e-22	9.60332409285962e-22	MFSD12
MFSD2A	2348.69534661359	-5.02199182793774	0.127470728124022	-39.3972161440202	0	0	MFSD2A
MFSD2B	8.13405653937519	0.0255325905458665	0.0534615095490138	0.477588282883372	0.632943272118562	0.650505957259848	MFSD2B
MFSD3	1043.59843025475	0.309540717716381	0.0357409255348429	8.66067996517374	4.68958434029805e-18	7.47650409261405e-18	MFSD3
MFSD5	1936.18768433775	-0.625955865232313	0.0487546392078413	-12.838898521305	9.92769009400319e-38	2.03262453801355e-37	MFSD5
MFSD6	2243.39340726885	-0.33427479022221	0.0580038402119788	-5.76297688223023	8.26431188697222e-09	1.11837226189586e-08	MFSD6
MFSD6L	17.434424536389	0.0472051984018144	0.107797578606161	0.437905925273875	0.661454480162793	0.677950355714311	MFSD6L
MFSD8	983.371155000288	-0.477980023998178	0.0284354076103285	-16.8093255615778	2.08530346218789e-63	5.58428259786435e-63	MFSD8
MFSD9	490.681215220525	-0.634239898408517	0.0284546916616574	-22.2894665649515	4.67529384480197e-110	1.87396937208373e-109	MFSD9
MGA	1994.4769246936	-0.100891649298623	0.017381746432838	-5.80445985036441	6.45738309959346e-09	8.76154015043204e-09	MGA
MGAM	45.0670162878421	1.49195131587332	0.0748440429833263	19.9341357896138	2.05829393886207e-88	6.89584016256395e-88	MGAM
MGARP	24.5001594598104	1.24462285930105	0.0653433393954837	19.0474326965156	6.90043964075087e-81	2.16893336778691e-80	MGARP
MGAT1	8540.2205796221	0.406343838375851	0.0305661321833666	13.2939240051109	2.51058814613159e-40	5.28203567303819e-40	MGAT1
MGAT2	23.4107952016837	0.371267091156674	0.0413761709038225	8.97296881385356	2.88627830910009e-19	4.69424429364932e-19	MGAT2
MGAT3	542.444698667994	0.354489096512059	0.0658306663709867	5.3848626491846	7.24999894416805e-08	9.61804340732324e-08	MGAT3
MGAT4A	1085.52715453608	0.570122286702306	0.0335328625376689	17.0018973495586	7.95044568722281e-65	2.15341517929127e-64	MGAT4A
MGAT4B	4324.00990768552	0.995053708222864	0.0223350809851224	44.5511573871472	0	0	MGAT4B
MGAT4C	55.0943844408398	4.97569317427183	0.0956655734883514	52.0113243755099	0	0	MGAT4C
MGAT5	2232.95514092386	2.45498220417286	0.0439865506418259	55.8121100279789	0	0	MGAT5
MGAT5B	32.0961376230076	-0.659836485983581	0.0655662382693254	-10.0636623878463	7.99669353584691e-24	1.38799036099489e-23	MGAT5B
MGLL	9936.18347931527	0.959139634883259	0.0425024886306695	22.5666699947342	9.21284480473646e-113	3.78026941714294e-112	MGLL
MGME1	1216.17786770426	-0.768684258314263	0.0334433942131677	-22.9846364700509	6.64056913004185e-117	2.80800763236748e-116	MGME1
MGMT	1095.75748619988	-0.0547137751996824	0.0263759139439973	-2.07438405038223	0.0380436574020685	0.0426362767335721	MGMT
MGP	18098.0526800761	0.1136146656826	0.0863052051435082	1.31642889317836	0.188030130049942	0.202763456001258	MGP
MGRN1	4675.82967469938	-0.245025250731463	0.027079797924592	-9.04826732510247	1.45254804903429e-19	2.37120861799821e-19	MGRN1
MGST1	4188.6817055988	-1.49731464404113	0.0952991187604285	-15.7117365146389	1.25688690590538e-55	3.11256310265548e-55	MGST1
MGST2	1702.3961861019	0.73156074688563	0.0305811769617543	23.9219290938521	1.81130777680504e-126	8.18202039906338e-126	MGST2
MGST3	6821.57066934747	1.34547401826879	0.0472828438136035	28.4558607255703	4.12375873992442e-178	2.68081549575224e-177	MGST3
MIA	91.42101753404	-1.64669943368661	0.100467682601608	-16.3903395703511	2.24188742742294e-60	5.82424817160346e-60	MIA
MIA2	1676.00211518322	-0.340994430788478	0.0366763916838383	-9.2973821887375	1.43946025682713e-20	2.38378326431879e-20	MIA2
MIA3	2842.34956281837	-0.0825160400273013	0.0208918794365644	-3.94967050608592	7.82588472205871e-05	9.67539497814415e-05	MIA3
MIB1	2169.16611985305	-0.460105501991112	0.019321029608838	-23.8137154854649	2.40802110658726e-125	1.08069777959804e-124	MIB1
MIB2	5760.84812266618	-0.108285186869369	0.0424664237101504	-2.54990124924239	0.0107753435618056	0.0123821870064514	MIB2
MICA	1197.21209174648	0.593049141123122	0.03891999673962	15.2376462179763	1.98907913032936e-52	4.77979087238804e-52	MICA
MICAL1	2328.50785233754	-0.00359995119057206	0.0436182275449075	-0.0825331837903248	0.934222731488925	0.938236535132017	MICAL1
MICAL2	2291.04976430281	0.777083228849712	0.0617551345990622	12.5832974682159	2.60907372669275e-36	5.26052152264742e-36	MICAL2
MICAL3	5229.57860636593	1.26670239301598	0.0263294502932974	48.1097166444996	0	0	MICAL3
MICALL1	2983.99713746073	-0.886008197935118	0.0503627191218943	-17.592540938679	2.80990695590665e-69	7.96427887155969e-69	MICALL1
MICALL2	1080.03407654465	0.719560607447715	0.0465634317420708	15.4533413996112	7.16317748667972e-54	1.74319802538491e-53	MICALL2
MICB	132.93174287844	1.03970397897239	0.053622388279619	19.3893635164245	9.49039793236375e-84	3.05884786357171e-83	MICB
MICD	2.81588072768625	0.349178719541018	0.0899849448993479	3.88041266160233	0.000104279386623005	0.000128342215137476	MICD
MICU1	3621.72452201781	-0.395771735649206	0.0357722238816972	-11.0636603683927	1.88254738159398e-28	3.47139268757153e-28	MICU1
MICU2	2518.9515053595	0.467854946794316	0.0354883864771779	13.1833253984423	1.09457587401037e-39	2.28737639982129e-39	MICU2
MICU3	422.568678234084	0.293975636834411	0.0393501838704278	7.47075637060333	7.97351607723372e-14	1.18866470315763e-13	MICU3
MID1	682.508229464144	0.701617395504509	0.0583334620277693	12.0277002446813	2.54141461878171e-33	4.96128451932432e-33	MID1
MID1IP1	5023.32468911296	-0.925110098930442	0.0582843746512638	-15.8723518003874	9.84805232312727e-57	2.46557426799185e-56	MID1IP1
MID2	1757.95919251593	-2.00743561723748	0.0272252311933855	-73.7343827487935	0	0	MID2
MIDN	10553.5146276831	-0.285700666752751	0.0512515401469672	-5.5744796338507	2.48270847030215e-08	3.32573561347738e-08	MIDN
MIEF1	1857.21656483892	0.0471197165540747	0.0208185512832573	2.26335232999471	0.0236139788370649	0.0267342913865412	MIEF1
MIEF2	1346.43819111533	0.377723086038205	0.0495156625618186	7.62835568577176	2.37766806008705e-14	3.57325118964994e-14	MIEF2
MIEN1	1163.20072568697	0.586898956709254	0.0262481553292893	22.3596267755378	9.73231662370747e-111	3.92893993145006e-110	MIEN1
MIER1	1537.77963026746	-0.258771910811505	0.0211641272320728	-12.2269115080425	2.23267220500987e-34	4.4102197259281e-34	MIER1
MIER2	1578.74472661677	0.443166243479517	0.0265271394315644	16.7061452148963	1.18235989180043e-62	3.14847047519224e-62	MIER2
MIER3	992.704975328861	-0.228942731562307	0.0176823241767761	-12.9475474645465	2.42580728510601e-38	4.99736289072938e-38	MIER3
MIF4GD	1518.11921759874	-0.881384923107306	0.0323438674960517	-27.2504493538041	1.64160047025779e-163	9.63496904633536e-163	MIF4GD
MIIP	1427.41865097824	-0.143995572895208	0.0244332093588157	-5.89343670659674	3.78245021737596e-09	5.16051889972598e-09	MIIP
MILR1	71.5827471908058	0.758713170754593	0.0688623252320861	11.017826775345	3.13537455477557e-28	5.76446505571597e-28	MILR1
MINK1	8991.24211572015	-0.980570648171634	0.0536930346427884	-18.2625298550403	1.64490000033399e-74	4.87886717844986e-74	MINK1
MINPP1	548.147012629502	-0.222447913728924	0.0271073269877434	-8.20619140461561	2.28315337152012e-16	3.54944674330544e-16	MINPP1
MIOS	4207.45096327628	-1.94125015318911	0.0627693138780288	-30.9267384531442	5.2217812006622e-210	4.16285577471746e-209	MIOS
MIPEP	1323.87336671442	0.412376694306582	0.0382419002078824	10.7833735265483	4.12475260021315e-27	7.46603032241698e-27	MIPEP
MIPEPP3	68.0716605542431	-0.158641805704213	0.0471434085627319	-3.3650898511743	0.000765187365744349	0.00091742499312085	MIPEPP3
MIPOL1	268.66416085038	-0.306137406692938	0.0283932694292103	-10.782041407954	4.18493591324388e-27	7.57344238205519e-27	MIPOL1
MIR1183	0.00685720172100614	0.569676779700652	2.20527081387159	0.258325089198693	0.796156024826533	0.807654755116102	MIR1183
MIR1283-1	0.000731264793061974	0.585479495271664	3.77224799824086	0.155207053074107	0.876658088121405	0.884074075309435	MIR1283-1
MIR145	1.75407581779359	0.301007836326695	0.114697589281651	2.62436061831727	0.00868118160445662	0.0100185889256202	MIR145
MIR151A	0.00509061411685526	0.578012039975991	2.66261526500209	0.21708432591576	0.828142628820322	0.838530513072034	MIR151A
MIR155HG	24.8414122222419	0.634811441942919	0.0710213684805197	8.93831610858132	3.95145368751786e-19	6.40408011425309e-19	MIR155HG
MIR17HG	25.3240301917052	-0.213506035040599	0.0692866800824218	-3.0814874487653	0.00205969159912835	0.00243284176351112	MIR17HG
MIR181A2	0.0373101608401357	0.494831264548614	0.677466006823637	0.730414898407489	0.465136614359745	0.48566845679175	MIR181A2
MIR205HG	1772.2873914048	-9.05270418392254	0.171288833006406	-52.8505216891982	0	0	MIR205HG
MIR22HG	2455.63655172186	0.988751528247189	0.0499203608469012	19.8065781471323	2.612468746202e-87	8.67657747239523e-87	MIR22HG
MIR320B2	0.554021736641127	-1.14762904650732	0.137732773744719	-8.3322873365957	7.92952108656316e-17	1.24099555798316e-16	MIR320B2
MIR320C1	0.0721280204751236	0.487866221465724	0.482465481164947	1.01119404498688	0.311923565418796	0.330874254631924	MIR320C1
MIR454	0.0438118553425215	0.552097773470016	0.687256064157281	0.803336343269671	0.421780357216024	0.442348415884739	MIR454
MIR497HG	127.853013454453	0.323697877418616	0.0493407182096471	6.56046140316066	5.36415381113217e-11	7.59897164981429e-11	MIR497HG
MIR499A	0.00616724378880786	0.617084271170466	2.51695879588126	0.245170589276337	0.806324347895723	0.817542220709187	MIR499A
MIR512-1	0	NA	NA	NA	NA	NA	MIR512-1
MIR548J	0.0167977747746585	0.573145322624877	1.31268583878543	0.436620328863442	0.662386717180125	0.67878989502217	MIR548J
MIR554	0.22201196954932	-0.274319453683925	0.209993197291408	-1.30632542969119	0.191441912827382	0.206257234426963	MIR554
MIR558	0.0353804536995784	0.49373353387272	0.660804529293925	0.747170323424203	0.454960755252769	0.475567537036473	MIR558
MIR562	0.0156705948577826	0.555603226157101	1.16442045165427	0.477150006570018	0.63325530780313	0.650724217850358	MIR562
MIR571	0.138776605147272	0.785448547013395	0.274503352740283	2.86134409351472	0.00421848928157637	0.00492745607408061	MIR571
MIR573	2.33862791081049	-0.868521202143738	0.0849083631007107	-10.2289241062577	1.47144976976218e-24	2.57912047765228e-24	MIR573
MIR581	0.0254378150562866	0.54986417170276	1.03141743959121	0.533115061464051	0.593953933660135	0.612813937056003	MIR581
MIR590	2.06997283075173	-1.1332672600533	0.0947770800427836	-11.9571869015349	5.95451002520904e-33	1.15790358608391e-32	MIR590
MIR597	0.0321468888257402	0.493919693637649	0.793684042681925	0.622312742950775	0.533736243656925	0.554146159999325	MIR597
MIR600HG	475.522350524946	0.642184444598117	0.0382719449386942	16.7795090013533	3.44674103998157e-63	9.21229182787057e-63	MIR600HG
MIR604	0.163016577733013	0.210782012711071	0.230196034370042	0.915663092493751	0.359843628479794	0.379870112377713	MIR604
MIR606	0.0083500667015325	0.610140697780704	2.38155346995943	0.256194414896382	0.797800721023033	0.809219066835838	MIR606
MIR616	2.24939094679248	-0.647902411018807	0.103521063823877	-6.25865294546336	3.88316948080525e-10	5.40819604053968e-10	MIR616
MIR619	0.0677498739806828	0.448881888650406	0.447109441035634	1.00396423660987	0.315395852055181	0.334458953334039	MIR619
MIR623	0.361002425372623	-0.521240374092969	0.144167664106876	-3.6155151525973	0.000299750940129438	0.000364139335488596	MIR623
MIR624	0.0254523365849386	0.537874187593071	0.88969339993954	0.604561287775792	0.545470535323684	0.565448609637872	MIR624
MIR635	3.70960122240563	1.03530458308161	0.0536594976066644	19.2939671308631	6.03590963901914e-83	1.93262912507975e-82	MIR635
MIR637	14.5060347051304	0.607446656973383	0.060246995733047	10.0826049429081	6.59539789584169e-24	1.14631415972817e-23	MIR637
MIR640	0.0166028286133655	0.562029582324852	1.18269788677916	0.475209762871418	0.634637469150594	0.651986592979103	MIR640
MIR645	0.211124792183782	0.689317706895399	0.210062409641659	3.2814900489397	0.00103260168017909	0.00123408995119531	MIR645
MIR648	0.0260147686243879	0.65987272006222	0.953855290563175	0.691795418645336	0.489065814116227	0.509766862762375	MIR648
MIR663A	0	NA	NA	NA	NA	NA	MIR663A
MIR765	1.24233073168238	0.407249177547506	0.0654848434931461	6.21898374988297	5.0038512025372e-10	6.95178864682197e-10	MIR765
MIR941-1	0	NA	NA	NA	NA	NA	MIR941-1
MIS12	924.624682699553	-0.135018794283636	0.0214574822993315	-6.29238754109763	3.12619803951538e-10	4.36305558298312e-10	MIS12
MIS18A	208.025944518236	-0.423996682017108	0.035189088076458	-12.0490954780033	1.96089892434927e-33	3.83383746466941e-33	MIS18A
MIS18BP1	645.327773318125	-0.735646815792526	0.0453900324253172	-16.2072326562649	4.48305583428036e-59	1.1487471611798e-58	MIS18BP1
MISP	32.8516547446311	-2.99732940508529	0.117789544072075	-25.4464810836796	7.72190643207079e-143	3.90235928365262e-142	MISP
MITD1	558.073647725756	0.0662915694245815	0.0252073680917573	2.62984890700504	0.00854228245744147	0.00986398271322111	MITD1
MITF	3927.75199168342	-0.237709772536726	0.0608049304708522	-3.90938318152795	9.25320887709136e-05	0.000114055747053219	MITF
MKI67	411.779033280327	-1.44950679722051	0.106692037990925	-13.5858947351236	4.85561738976649e-42	1.04427680565336e-41	MKI67
MKKS	1227.83361891453	0.413385979193585	0.0390077960005008	10.5975220745176	3.05980040360738e-26	5.48108936862737e-26	MKKS
MKLN1	2724.2731013247	-0.433085166440648	0.0265342895418823	-16.3217170656504	6.91625543531654e-60	1.78904316843128e-59	MKLN1
MKNK1	2202.32711546701	0.175955669220657	0.0219974683624968	7.99890543407448	1.25530076581219e-15	1.9267282644428e-15	MKNK1
MKNK2	60385.4226779581	-2.44456191172359	0.0797767716247819	-30.6425274166422	3.32358344955274e-206	2.58994916343718e-205	MKNK2
MKRN1	5681.58000083075	-0.387227543865872	0.022563823585455	-17.161432875033	5.16241228180448e-66	1.41637834910475e-65	MKRN1
MKRN2	851.751209486894	0.0250673047873562	0.0368238186552665	0.680736156725862	0.496038453600725	0.516705526489593	MKRN2
MKRN3	14.477386114146	-0.934318272432819	0.0943986809507698	-9.89757762526448	4.26479686583509e-23	7.32683798262049e-23	MKRN3
MKRN4P	1.61110241454105	-0.673173913581615	0.137623146405326	-4.89142946637037	1.00106267632051e-06	1.29790616799521e-06	MKRN4P
MKRN5P	5.88026651201129	0.0999652594500596	0.0668938955681568	1.49438537853139	0.135074920987646	0.146993117197234	MKRN5P
MKRN9P	1.33723268115755	-0.748894872620547	0.136537082846825	-5.48491923956439	4.13658352122543e-08	5.51983987884203e-08	MKRN9P
MKS1	764.957818931751	-0.366732333613256	0.0257748323614547	-14.2283111086957	6.11405762485885e-46	1.37385034708631e-45	MKS1
MKX	67.7113587525565	-2.64736029323946	0.0882860561185711	-29.9861655354042	1.48670910223787e-197	1.10042148640558e-196	MKX
MLANA	243.330070070826	-4.66757040696608	0.120115474738402	-38.8590264254587	0	0	MLANA
MLC1	39.7932787019588	-0.595948144931988	0.0820973434671926	-7.25904298194665	3.89838596216438e-13	5.74450275907998e-13	MLC1
MLEC	6314.0510229014	1.028576931527	0.0369936199873242	27.8041708780983	3.86221140401101e-170	2.37931784680363e-169	MLEC
MLF1	1613.03723966374	2.12122023396182	0.071106150730663	29.8317404635867	1.51473234554808e-195	1.10570547251464e-194	MLF1
MLF2	8365.54848093752	0.171006320408157	0.0192507706741306	8.88308958134113	6.5028555477524e-19	1.05078907284642e-18	MLF2
MLH1	2337.62181103784	0.459016781566858	0.0379370518506723	12.0994320637681	1.06344346153105e-33	2.08552628293065e-33	MLH1
MLH3	1318.91906186669	-0.159073901273973	0.0178198505538144	-8.92678088368832	4.38584956357256e-19	7.10426329468817e-19	MLH3
MLIP	9567.24591019238	0.751861490452231	0.127095469126545	5.91572221747438	3.30422463373311e-09	4.51353374046363e-09	MLIP
MLKL	660.836911432276	0.854672963830265	0.055586459920195	15.3755602543733	2.38769055396866e-53	5.77699162123519e-53	MLKL
MLLT1	5274.96997179453	-0.0559791087515209	0.0193414043480513	-2.89426288516434	0.00380049829089851	0.0044458519453122	MLLT1
MLLT10	2602.32144318545	-0.200336517363215	0.0169976015590377	-11.7861638694958	4.60021210806928e-32	8.86315082493365e-32	MLLT10
MLLT11	719.881430965613	1.76136301396592	0.0857000276483656	20.5526539757133	7.286847982445e-94	2.55892607358549e-93	MLLT11
MLLT3	557.820587116775	0.228405413402575	0.0294096794939478	7.76633466711458	8.0789915818638e-15	1.22261393413308e-14	MLLT3
MLLT6	13058.7682742452	-0.128605403634018	0.0317832133363181	-4.04633107021507	5.20266384709853e-05	6.46374159097389e-05	MLLT6
MLPH	2080.05624999132	0.273025864701068	0.0734373540587548	3.71780639703643	0.000200960180795539	0.00024535297168343	MLPH
MLST8	1968.53414273004	-0.169642561943143	0.0266263519190082	-6.37122811488258	1.87520484733456e-10	2.62975712502877e-10	MLST8
MLX	3116.02774368651	0.307015623375899	0.0349498862269749	8.78445272702891	1.57127641617376e-18	2.52405378971478e-18	MLX
MLXIP	16540.467464739	-1.52564548480081	0.0621818530521905	-24.5352206458098	6.21978869189449e-133	2.93095330478515e-132	MLXIP
MLXIPL	4030.70434844129	-3.74485279730051	0.0908528737860211	-41.2188700394935	0	0	MLXIPL
MLYCD	4007.01872205665	1.52450172966496	0.0692860554868807	22.0030093927576	2.69491914703777e-107	1.0545921644745e-106	MLYCD
MMAA	539.262049065136	-0.622898679869243	0.0369095272628027	-16.8763656991348	6.71537743939317e-64	1.8058486597926e-63	MMAA
MMAB	1465.32347439823	0.398339661392865	0.0226142872349732	17.6145132169732	1.90621867598242e-69	5.4139858608961e-69	MMAB
MMACHC	425.212920347053	1.02986050264221	0.04142590910276	24.8602993862505	2.00101557540128e-136	9.65950157489902e-136	MMACHC
MMADHC	5239.75973026026	-0.359293715804747	0.0401706509451291	-8.94418455641962	3.74705956227081e-19	6.07719787191971e-19	MMADHC
MMD	956.524364747382	-0.700592752097703	0.0724786582151686	-9.66619373689068	4.19697951576959e-22	7.1018827094725e-22	MMD
MME	2175.76771382193	-2.05943693532465	0.0794449860205551	-25.922805685834	3.6849957442418e-148	1.93901223011098e-147	MME
MMEL1	15.6862516045092	-1.40782052589585	0.0891731596981797	-15.7874917818415	3.79367367512971e-56	9.45058397813588e-56	MMEL1
MMGT1	1772.61657618619	-0.0390094582750409	0.0227305367976398	-1.71616968936217	0.0861309891384472	0.0948167768762958	MMGT1
MMP1	11.8444500687279	1.2157304063425	0.12978977713527	9.36691959240702	7.46802378800875e-21	1.24197982453756e-20	MMP1
MMP10	3.79409120009233	-1.36063863049479	0.167985256748186	-8.09975028067145	5.50721156928593e-16	8.51239184773451e-16	MMP10
MMP11	306.163744324931	1.74532253620724	0.0657302777086688	26.5527941923948	2.38431059010793e-155	1.31818104829646e-154	MMP11
MMP12	6.73890665815893	-2.79676931064902	0.205457291954863	-13.6124120202239	3.37904879685295e-42	7.28109377449724e-42	MMP12
MMP13	7.42670766592892	-4.71120271709884	0.210395015049462	-22.3921784268096	4.69092771671007e-111	1.89969380941503e-110	MMP13
MMP14	9723.19452919524	-1.52477283049731	0.0628652721648092	-24.2546127295835	5.91121800090966e-130	2.73541992890424e-129	MMP14
MMP15	1766.85615676804	2.99513275686276	0.0472642029202403	63.3700046082895	0	0	MMP15
MMP16	152.266297612387	1.08865142440072	0.0759569249060139	14.3324841776806	1.3712637895099e-46	3.10413977300901e-46	MMP16
MMP17	273.87215509187	-0.764929791299314	0.0598679874346041	-12.7769418027435	2.20573232092407e-37	4.49766510069711e-37	MMP17
MMP19	1029.81843840643	-0.399126867089696	0.0848936170361864	-4.70149442353912	2.58264318622935e-06	3.31598858739761e-06	MMP19
MMP2	29520.5745115274	-0.82918424361307	0.0742414665429244	-11.1687481703188	5.79924071850413e-29	1.07576393418995e-28	MMP2
MMP20	1.85853813020269	-3.03066935083158	0.212558575969795	-14.2580431629455	3.99500313122804e-46	9.00388773822912e-46	MMP20
MMP21	40.9507166071118	-0.150161059783105	0.0397605283220469	-3.77663643115732	0.000158960503694663	0.000194749066018351	MMP21
MMP23B	29.7163540034529	2.38368191134105	0.0796666537311355	29.9206983060399	1.05879229607411e-196	7.79203602683157e-196	MMP23B
MMP24	48.6041362626418	-0.491647574150742	0.0459222306168465	-10.7060908746533	9.53015089935651e-27	1.71741161617095e-26	MMP24
MMP25	99.99230399544	1.64452200533599	0.0579297831189783	28.3881954461733	2.82847958478338e-177	1.82885994991687e-176	MMP25
MMP27	62.2544010852938	-6.07360091846743	0.124652418093006	-48.7242928086302	0	0	MMP27
MMP28	914.387657226713	-2.16953648214126	0.0715518308464708	-30.3211875430057	6.02705766310456e-202	4.57776645542384e-201	MMP28
MMP3	2845.64649845032	-8.84719426412522	0.135686346411005	-65.2032757763726	0	0	MMP3
MMP7	698.44349342208	-7.65525297689068	0.169240707140139	-45.2329295135348	0	0	MMP7
MMP8	19.1642874357634	1.70288358879537	0.131209991221503	12.9783073144227	1.62430689175768e-38	3.34965612997252e-38	MMP8
MMP9	142.63913753651	0.265893179277787	0.0909163905909794	2.92459013770141	0.00344910173162274	0.00404135131621044	MMP9
MMRN1	1138.54903260909	-2.42490349381903	0.0939474435203009	-25.8112770604028	6.62531999195555e-147	3.45688072971571e-146	MMRN1
MMRN2	4191.10840683566	0.736287197036836	0.0503233181827996	14.6311337094718	1.77799542576873e-48	4.10592631934098e-48	MMRN2
MMS19	4481.74720778743	-0.325711411028711	0.0200316139959773	-16.2598685804408	1.90145373082466e-59	4.89601896847013e-59	MMS19
MMS22L	266.543410455395	-0.952655172724574	0.0515305118530063	-18.4872057052737	2.61772239305067e-76	7.89571394056721e-76	MMS22L
MN1	5041.10053941569	-1.87147769141678	0.0976625184564043	-19.1627015255826	7.58331686239463e-82	2.40796060751395e-81	MN1
MNAT1	1121.44916442334	-0.92193239603541	0.0540529109044555	-17.0561100338338	3.14834847735733e-65	8.56352688741452e-65	MNAT1
MND1	0.264371215429647	-0.130408342878104	0.171640441434059	-0.759776319546486	0.447388300069896	0.467951004622789	MND1
MNDA	140.360935131129	0.543539310911202	0.0490733545824827	11.0760577819806	1.63932714071942e-28	3.02475685322779e-28	MNDA
MNS1	67.0573263289556	0.0618745199466205	0.0444079958287471	1.3933193514346	0.163523241368887	0.176993678544966	MNS1
MNT	1164.76806091982	-0.329562763996263	0.0321387081587049	-10.2543874000424	1.13090806477836e-24	1.98551410066081e-24	MNT
MOAP1	2632.63660230053	0.713734082254862	0.035589621765383	20.0545565490974	1.84178497966554e-89	6.22960755711375e-89	MOAP1
MOB1A	3683.17863766051	-0.180191472197196	0.0260530226953152	-6.91633651513296	4.63472711201719e-12	6.7011825496724e-12	MOB1A
MOB1B	1459.98741440269	0.130906061878713	0.0207600321108715	6.30567723496733	2.86936441147127e-10	4.00678215583697e-10	MOB1B
MOB2	2938.83139949898	-0.28501601106389	0.0245734011010323	-11.5985577206859	4.19081415742492e-31	7.97619429560224e-31	MOB2
MOB3A	2079.18215036183	-0.285442620083617	0.0272965591066635	-10.457091641779	1.3596510991255e-25	2.41705307479342e-25	MOB3A
MOB3B	1123.27819701739	-2.31948026138351	0.0389549645777859	-59.5426099477497	0	0	MOB3B
MOB3C	1802.1255138966	0.0683263211596159	0.0411613556438149	1.65996284842681	0.0969219266475696	0.106416078169131	MOB3C
MOB4	2169.07483196774	0.0108453662570646	0.0306543475034723	0.353795371303733	0.723492242600926	0.737378771320307	MOB4
MOBP	31.7052055888167	0.220977106041079	0.0832717266433379	2.65368709102849	0.00796176198379436	0.00920131468093748	MOBP
MOCOS	337.418408809044	-2.60015898652837	0.068219357764583	-38.1146799344142	0	0	MOCOS
MOCS1	3207.23798416094	0.260348653171479	0.0468197713061075	5.56065623365225	2.68762130505419e-08	3.59701643957476e-08	MOCS1
MOCS2	2116.57878909691	0.915518083820359	0.0469108276104446	19.5161358359092	8.00697053354715e-85	2.60074840444573e-84	MOCS2
MOCS3	330.209700338457	-0.418882932343237	0.0286205999488895	-14.6357145933794	1.66220055898272e-48	3.839999006962e-48	MOCS3
MOG	40.6143942010195	5.09153034293968	0.099632399590656	51.103158850519	0	0	MOG
MOGAT1	13.2931921941394	0.32801516675417	0.117189144290419	2.79902348242496	0.00512574096743121	0.00596550482671036	MOGAT1
MOGAT2	43.4695958663938	-2.83593873692808	0.135467031460745	-20.9345307588723	2.59608548805858e-97	9.3783132391215e-97	MOGAT2
MOGS	2799.35466290916	-0.118038252788394	0.0201624301482863	-5.85436635962392	4.78832059482943e-09	6.51606887114639e-09	MOGS
MOK	473.379376940016	0.960776344905294	0.0439473884359744	21.8619667538384	5.98109359771886e-106	2.31588870407694e-105	MOK
MON1A	699.718227247497	-0.066600672272085	0.038605429116145	-1.72516337201475	0.0844980345518059	0.0930874614422924	MON1A
MON1B	1553.4733046359	0.117948103796944	0.0232584417796975	5.07119543579665	3.95324536215722e-07	5.16680242243463e-07	MON1B
MON2	3038.24953781093	-0.389983796860667	0.0213437041115338	-18.271608096831	1.39285094366372e-74	4.13468170133422e-74	MON2
MORC1	0.568815426944801	-0.388223738080666	0.24419259134758	-1.58982603009472	0.1118740247431	0.122303189566412	MORC1
MORC2	2323.84653861274	-0.463561548817362	0.0237055564837186	-19.5549743426502	3.74193509176148e-85	1.21849807501444e-84	MORC2
MORC2-AS1	7.6080230108725	-0.9787203410831	0.0669789721725504	-14.6123523448782	2.34286745898313e-48	5.40483879650842e-48	MORC2-AS1
MORC3	2532.93906620637	-0.740813781192714	0.0206287665290457	-35.9116857592835	2.00728121383195e-282	2.38030758433393e-281	MORC3
MORC4	1272.24270532628	-1.291545413334	0.0245479265179134	-52.6132181629077	0	0	MORC4
MORF4	2.64096089638481	0.0168820401505634	0.0887583087740423	0.190202363967311	0.849150558758497	0.858355825750331	MORF4
MORF4L1	14405.7955240471	0.0869579890256177	0.0296023411216925	2.93753756394271	0.00330830090398469	0.00387814043843633	MORF4L1
MORF4L1P1	652.304733140063	-0.113759670420503	0.0403918181637386	-2.81640380631911	0.00485645837417499	0.00565869034847071	MORF4L1P1
MORF4L2	8779.03303527638	-0.209684144000999	0.0235951108828292	-8.88676239083038	6.29153604258977e-19	1.01691604833131e-18	MORF4L2
MORN1	195.324382846485	-0.770369822671682	0.0339554842600962	-22.6876405817309	5.93364048403178e-114	2.45374367914211e-113	MORN1
MORN2	360.974509984781	0.810142106881971	0.0316029355674331	25.6350270104915	6.21065640964413e-145	3.18967263994305e-144	MORN2
MORN3	103.672935621105	-2.67665048730318	0.100884323689436	-26.5318771977203	4.15736623119618e-155	2.29631020336798e-154	MORN3
MORN4	299.458201182792	1.13759509636505	0.0302895027951329	37.5574040967039	0	0	MORN4
MORN5	1.66436265446492	-0.269431194085541	0.141245915832862	-1.90753263552316	0.0564516490723117	0.0627236673631678	MORN5
MOSPD1	726.784720044483	0.504117075089732	0.0334134869487471	15.0872333636713	1.96511001253268e-51	4.67476481242247e-51	MOSPD1
MOSPD2	740.449324156435	-0.710083386169377	0.0444657612991007	-15.9692168856162	2.09398395026097e-57	5.277766044336e-57	MOSPD2
MOSPD3	891.292901613124	-0.638595992036046	0.0467919503929224	-13.6475608875803	2.08749318978316e-42	4.51104020519647e-42	MOSPD3
MOV10	2515.20877995876	-0.0371932220045564	0.0499238073171092	-0.744999710625238	0.456271894819746	0.476815496719959	MOV10
MOV10L1	27.1452088344441	-0.448615351857539	0.0861028751452675	-5.21022499075278	1.88611764126841e-07	2.48187161260765e-07	MOV10L1
MOXD1	435.06535529023	0.320938500860279	0.095429966153983	3.36307885033116	0.000770783446207441	0.000924067453558452	MOXD1
MPC1	4474.27083861472	2.01160241084631	0.0503325309916568	39.9662478960129	0	0	MPC1
MPC2	2949.97357682001	0.937908867152112	0.0525775592530461	17.8385775314926	3.54608603762618e-71	1.02444382544229e-70	MPC2
MPDU1	1430.55321865333	0.191404588137427	0.0264143121856975	7.2462453987754	4.28483477427959e-13	6.31034204138156e-13	MPDU1
MPDZ	3109.36732587141	0.817519505902755	0.0449805848340593	18.1749416758079	8.15152105059491e-74	2.40353039200261e-73	MPDZ
MPEG1	491.818193663917	0.156820410567078	0.0641186235958463	2.44578566682204	0.0144536895841765	0.0165183712910139	MPEG1
MPG	1001.95826290745	0.0379321130250345	0.0258298805845896	1.46853613592256	0.141958647994272	0.154292816238672	MPG
MPHOSPH10	1946.86455100788	-0.358870591706036	0.0268227914264688	-13.379315597701	7.98795015442655e-41	1.69185893316663e-40	MPHOSPH10
MPHOSPH6	650.009436867192	-0.524407162200817	0.0375689808395509	-13.9585144574576	2.79192679308636e-44	6.15297186610524e-44	MPHOSPH6
MPHOSPH8	3675.3705689253	0.196982656340445	0.0161069860105896	12.2296409899988	2.15890680876998e-34	4.2668512807058e-34	MPHOSPH8
MPHOSPH9	575.387654655676	0.36064297302074	0.0352530264930958	10.2301279889082	1.45327185405175e-24	2.54775483490315e-24	MPHOSPH9
MPI	1868.91347120392	0.701322764594135	0.0400526021875382	17.5100424514326	1.20104461338998e-68	3.38500142251966e-68	MPI
MPL	48.8760001192227	1.27413489077717	0.0439510524134004	28.9898607840546	8.83131738379172e-185	5.98992254052881e-184	MPL
MPLKIP	763.637455289899	-0.426975585165825	0.017134032259754	-24.9197374379144	4.54689849561001e-137	2.20616495470285e-136	MPLKIP
MPND	447.318975049525	0.517560446374412	0.025376640397847	20.3951523235646	1.8463874986526e-92	6.40031222092153e-92	MPND
MPO	77.5590688498051	1.00049425720873	0.0929861440056911	10.7596058306009	5.33980736856585e-27	9.65079040577851e-27	MPO
MPP1	1357.93815665852	0.71550037512654	0.0296024419957119	24.1703159229291	4.56660483638848e-129	2.1002415344872e-128	MPP1
MPP2	473.121289405336	2.28787233336995	0.0502710215101116	45.5107587760029	0	0	MPP2
MPP3	893.901046553407	3.10870667935187	0.0581081121552253	53.4986693604419	0	0	MPP3
MPP4	7.52374117504759	-0.515005314423495	0.075562208999606	-6.81564662073577	9.38407097472556e-12	1.34857625431929e-11	MPP4
MPP7	1624.79774969365	-1.56166655611019	0.0620537111621158	-25.166368406723	9.35574906706155e-140	4.62545561538519e-139	MPP7
MPPE1	790.893897527838	-0.225221837359392	0.0208367106554089	-10.8088959473518	3.12407250577535e-27	5.66442679053809e-27	MPPE1
MPPED1	26.4301276337429	-1.95825839553335	0.119165924967115	-16.4330398649929	1.10954638909846e-60	2.89253360610593e-60	MPPED1
MPPED2	254.467377145881	0.934665772721063	0.0575373341909453	16.2445095148004	2.44287390345538e-59	6.28202473372861e-59	MPPED2
MPRIP	16683.6636447677	0.543688052627111	0.0261600624688408	20.7831328107376	6.15108956141431e-96	2.1917213617383e-95	MPRIP
MPRIPP1	15.6991293873668	0.640882345901468	0.0504954417755177	12.6918851160976	6.55878873958852e-37	1.33090695638973e-36	MPRIPP1
MPST	3401.93345358838	-0.251116712768046	0.0339553081357757	-7.39550681631029	1.40869932650758e-13	2.0913811609454e-13	MPST
MPV17	1296.32735333438	0.797374835228577	0.0250258807677643	31.8620088790509	8.97535510218264e-223	7.69358891401856e-222	MPV17
MPV17L	740.192186923229	-1.43863656550813	0.0626997183747443	-22.9448648702004	1.65811729943095e-116	6.98683743142709e-116	MPV17L
MPV17L2	629.830945818039	0.734232266578546	0.0264895746514781	27.7177824196425	4.2630576127225e-169	2.59693062898875e-168	MPV17L2
MPZ	549.487886157678	-0.311267258936977	0.079069414385645	-3.93663291116378	8.26328622764716e-05	0.00010208456206429	MPZ
MPZL1	3666.38071282345	0.212456959977488	0.0425292930474889	4.99554412391138	5.8670107010155e-07	7.64252548150952e-07	MPZL1
MPZL2	1466.9540625896	-1.46135398848317	0.0728119172274388	-20.0702583331025	1.34304685488847e-89	4.55209686214412e-89	MPZL2
MPZL3	1450.43612773708	-2.84711820571032	0.102480461514786	-27.7820587810246	7.146319898376e-170	4.39347351402549e-169	MPZL3
MR1	815.375347307576	-0.82645856092728	0.0461578036017063	-17.9050668887704	1.07665723436673e-71	3.12494467523951e-71	MR1
MRAP	22.1432342869487	-3.82980548718077	0.173101871806354	-22.1245758189437	1.83354179594703e-108	7.25238098634201e-108	MRAP
MRAP2	70.0128924839512	-0.872967946661039	0.0643685911578936	-13.5620172969093	6.72604983648019e-42	1.44326645734271e-41	MRAP2
MRAS	5996.73478122107	1.44457474487483	0.0588951989105433	24.5278863404302	7.44807662166497e-133	3.50884133123766e-132	MRAS
MRC1	775.298123825804	-0.258562740113137	0.0734274426534871	-3.5213365843793	0.000429377227373122	0.000519192548528486	MRC1
MRC2	4521.33609724437	0.816134346060807	0.0614995699202409	13.27056997503	3.42962162394973e-40	7.20801154147333e-40	MRC2
MREG	607.050101749727	-4.08384445489181	0.0918897253244404	-44.442884560518	0	0	MREG
MRFAP1	13956.9365319376	0.007559933284059	0.0249748267170906	0.30270213161822	0.76211687316586	0.775077165754726	MRFAP1
MRFAP1L1	2564.80615303766	0.169070685649188	0.0145385201681887	11.629153702942	2.92987849019658e-31	5.58694308284202e-31	MRFAP1L1
MRGBP	824.89972484286	0.308651463809915	0.0174148726048116	17.7234408091299	2.76472576979002e-70	7.90718598379253e-70	MRGBP
MRGPRF	851.063194059261	-0.863492730569047	0.0624388757619131	-13.829408682207	1.69407347172851e-43	3.69950461780722e-43	MRGPRF
MRGPRX2	26.730389475616	-3.2752453172206	0.129620475066095	-25.2679626081489	7.18964735805389e-141	3.58407206015863e-140	MRGPRX2
MRI1	790.995531664692	-0.498991839340013	0.0330644645709106	-15.0914840393035	1.84251038606635e-51	4.38601288806934e-51	MRI1
MRM1	370.852583691301	0.385361412056538	0.0360876401906286	10.6784874272996	1.28345776762641e-26	2.30919772863998e-26	MRM1
MRO	94.422936064709	1.04727564432078	0.0746897688933551	14.021674719815	1.14871539239521e-44	2.54279707064759e-44	MRO
MROH1	2427.62478916575	0.202308133675658	0.0369644391646647	5.4730475626707	4.42361322597372e-08	5.89935262118484e-08	MROH1
MROH2A	12.7327601783287	-4.98507379327179	0.189808525334575	-26.2636980319225	4.98579778194887e-152	2.6854980811748e-151	MROH2A
MROH2B	4.08999174313843	0.930130689402433	0.125266357150234	7.42522342441003	1.1258969893752e-13	1.67456595106527e-13	MROH2B
MROH5	22.2621640054485	0.634554528705649	0.111166021540582	5.70816981584614	1.14197454205115e-08	1.53982649673878e-08	MROH5
MROH6	812.789522818138	-2.30095447298288	0.0871795467952049	-26.3932832592959	1.63638133320645e-153	8.89924482750732e-153	MROH6
MROH7	768.422513787021	2.16170812262448	0.0660150176917664	32.7457023902926	3.49555034069911e-235	3.2005799431803e-234	MROH7
MROH8	218.014938242163	0.111249308701912	0.0475402279863459	2.34010885967699	0.0192781198384269	0.0219178573366717	MROH8
MROH9	0.761101068109287	-0.588188593266628	0.168920458460477	-3.48204473648317	0.000497600553239567	0.000600879288848558	MROH9
MRPL1	1063.86682428335	0.379120935924822	0.0492671162750299	7.69521264058583	1.41259056216141e-14	2.13143694127976e-14	MRPL1
MRPL10	2663.6908040521	0.491334877853345	0.032268449212917	15.2264794199241	2.35959991321682e-52	5.66486503571832e-52	MRPL10
MRPL11	1510.73139645747	0.249219466594394	0.0311992350824865	7.98799925496547	1.37146279957541e-15	2.10394595663516e-15	MRPL11
MRPL12	3677.73390731829	1.17215659514809	0.0515098994847825	22.7559480191644	1.25304385112702e-114	5.21285933999016e-114	MRPL12
MRPL13	969.14687020662	0.674037947372076	0.0306135190957326	22.0176564890912	1.95095303807803e-107	7.65288856797617e-107	MRPL13
MRPL14	2484.38334907819	-0.932673380680845	0.057030686938283	-16.3538864907968	4.08100089455964e-60	1.05716070086297e-59	MRPL14
MRPL15	3363.07464197817	0.451164016363453	0.0555244292184432	8.12550480417353	4.45504343968133e-16	6.89599087900902e-16	MRPL15
MRPL16	1861.64086449886	1.03780423185028	0.0379210230906895	27.3675166771829	6.68306654688624e-165	3.95729871416116e-164	MRPL16
MRPL17	1311.95865002864	0.759606884820235	0.022778048803052	33.3481981441033	7.73620054268306e-244	7.41135422931548e-243	MRPL17
MRPL18	1720.07353716268	0.305708522810003	0.0245227337195961	12.4663312950999	1.13952688126826e-35	2.28146183847291e-35	MRPL18
MRPL19	1751.30630187912	-0.108471016227314	0.0416381006524005	-2.60509039864335	0.00918500226512688	0.0105905217636785	MRPL19
MRPL2	1958.85205449991	0.239873765990476	0.0399257357490113	6.00799863773121	1.87827419499184e-09	2.57959973937957e-09	MRPL2
MRPL20	3216.55372435317	0.202774924461231	0.0355178325661178	5.70910187393212	1.13573897957519e-08	1.5316479900609e-08	MRPL20
MRPL21	1796.30898682149	0.673190495296179	0.0336100684190139	20.0294294823673	3.05133515325103e-89	1.02975410749291e-88	MRPL21
MRPL22	987.6381514914	0.77892277241222	0.0213354633881792	36.5083597314216	8.17107541523315e-292	1.01230233000421e-290	MRPL22
MRPL23	2082.36216754327	0.381068736141282	0.0413863427765195	9.20759628844231	3.33509391847524e-20	5.49218055314909e-20	MRPL23
MRPL24	2549.48382906292	0.304800063039379	0.0375115591955457	8.12549703547305	4.45532881078134e-16	6.89599087900902e-16	MRPL24
MRPL27	1909.16683735109	0.334553126803307	0.0358740352836507	9.32577347817287	1.10177010710089e-20	1.82825992790589e-20	MRPL27
MRPL28	2549.91512112405	0.711372101532878	0.0272015876462349	26.1518596188021	9.38675613471525e-151	5.02291906007757e-150	MRPL28
MRPL3	2496.32680466569	-0.176481270358503	0.0328042169081781	-5.37983488075602	7.45541880168134e-08	9.88691571011241e-08	MRPL3
MRPL30	1961.30707623991	-0.0278857611709952	0.0346964331247467	-0.80370685570864	0.421566293826788	0.442149674018296	MRPL30
MRPL32	1980.85539013833	0.654542335893027	0.0285137262290309	22.9553419512954	1.30314152734456e-116	5.50137209984275e-116	MRPL32
MRPL33	3794.08904849869	0.720713688601572	0.0652003362478092	11.0538339229161	2.10048574008024e-28	3.87009660257774e-28	MRPL33
MRPL34	2693.38414999972	0.75663545164342	0.0462007201881011	16.3771354334492	2.78556648683126e-60	7.23459563258543e-60	MRPL34
MRPL35	2616.59204060771	1.2418488317485	0.0483983445303365	25.6589113491289	3.3628110035484e-145	1.73053061391866e-144	MRPL35
MRPL35P3	0.550821540446039	-0.387868790967732	0.14953762801076	-2.59378723688077	0.00949252098963163	0.010937391687535	MRPL35P3
MRPL36	1198.56619824236	-0.0122944646336959	0.0459707219888063	-0.267441190866863	0.78912948828977	0.80087500246401	MRPL36
MRPL37	4293.64003955931	-0.0649946438733559	0.0396872209312647	-1.63767183360915	0.101490169293709	0.111255376496928	MRPL37
MRPL38	3697.57931348578	0.0826815877099479	0.0390994851597411	2.11464645562856	0.034460091107569	0.0387092730126272	MRPL38
MRPL39	1253.3408265491	0.620188383830149	0.0349106806110882	17.7650040896987	1.31930574308796e-70	3.78527616852508e-70	MRPL39
MRPL4	1736.35165372332	0.427154744330761	0.0257393023278028	16.595428224539	7.52055243010391e-62	1.98762977968434e-61	MRPL4
MRPL40	2113.96095356867	0.187093928751298	0.0494271753510712	3.78524419860952	0.000153557715635381	0.000188206743320793	MRPL40
MRPL41	5608.40838743983	1.6741931538066	0.0530389607684587	31.5653461068983	1.10424349763142e-218	9.25826138838529e-218	MRPL41
MRPL42	1651.13420567479	0.104977795794761	0.0148206184720169	7.08322638444347	1.4083631826654e-12	2.05428617220322e-12	MRPL42
MRPL43	2157.81412028242	-0.287847025619334	0.0214365034584418	-13.4278907088263	4.15066221103179e-41	8.82438531484389e-41	MRPL43
MRPL44	1386.19606880002	0.284046748282844	0.0385488399725909	7.36849016688458	1.72571258743943e-13	2.5578058696169e-13	MRPL44
MRPL45	2107.24999065133	-0.295056426758315	0.0335546574760186	-8.79330766434408	1.45220099906875e-18	2.33381574718655e-18	MRPL45
MRPL45P2	180.550353834896	-1.07437548192801	0.0345897867042913	-31.0604830007442	8.23568064112996e-212	6.62720103804114e-211	MRPL45P2
MRPL46	1492.37458128675	0.914382819758446	0.0481281568341273	18.9989162250665	1.74102464794575e-80	5.45236337642161e-80	MRPL46
MRPL47	1227.68621752321	0.733785625761027	0.0367497966988361	19.9670662609208	1.06529563354974e-88	3.576349626917e-88	MRPL47
MRPL48	786.733890978636	0.525613600746132	0.0309051806622823	17.0072974654249	7.25061130757965e-65	1.96445295225378e-64	MRPL48
MRPL49	2486.52533366342	-0.200193258953565	0.0201450594766947	-9.9375858971855	2.85666056547532e-23	4.91801327841634e-23	MRPL49
MRPL50	971.88374529162	0.904653840346521	0.0351175126211291	25.7607607379977	2.44215692156042e-146	1.26726050000026e-145	MRPL50
MRPL50P2	0.662235450803159	-0.645077090828955	0.152949061115052	-4.21759431621297	2.46922549608967e-05	3.09400864228806e-05	MRPL50P2
MRPL51	3462.98553501983	0.632075197557633	0.0422036792819307	14.9767794730696	1.04142610805417e-50	2.45923014181858e-50	MRPL51
MRPL52	1547.35970185567	0.730424269428596	0.028091397998408	26.0017059126068	4.73696439099296e-149	2.51015884610728e-148	MRPL52
MRPL54	973.451177480059	0.548311480310742	0.0225523501057131	24.3128311568664	1.43433659238782e-130	6.65965772493504e-130	MRPL54
MRPL55	1395.67068938191	0.224758763315994	0.0192353781543554	11.6846553008942	1.52697779333916e-31	2.92198652683089e-31	MRPL55
MRPL9	1073.42379675731	-0.540561685205589	0.0227030891857773	-23.8100498474997	2.62805607259359e-125	1.17885964023816e-124	MRPL9
MRPS10	2745.60636056811	0.202168516581177	0.0437293751337481	4.6231741469627	3.77912194617411e-06	4.83221864988494e-06	MRPS10
MRPS11	914.300185860063	0.567406202176789	0.0355691988482317	15.9521783045444	2.75130515274985e-57	6.92771633160583e-57	MRPS11
MRPS11P1	0.0274443913981373	0.51760599520265	1.06099416024752	0.487849994463585	0.625656096452076	0.643604514099881	MRPS11P1
MRPS12	1374.642231901	0.866333900201766	0.0326500214230474	26.5339458426887	3.93502343369568e-155	2.17483441295536e-154	MRPS12
MRPS14	1059.19665043979	0.218780456554892	0.016578483605098	13.1966506567353	9.17234603902173e-40	1.91856148092529e-39	MRPS14
MRPS15	4277.34404839438	0.0966250865130147	0.0487716959598926	1.98117134561969	0.0475720614712963	0.0530572911118218	MRPS15
MRPS16	3428.79867533973	0.0358395665252195	0.0419366800838851	0.854611439282516	0.392766292633263	0.413219522717204	MRPS16
MRPS17	1074.71936966434	0.180340681005369	0.0480844880549544	3.75049601857594	0.000176485107512858	0.000215749298495005	MRPS17
MRPS18A	1051.56885534025	-0.413765391809917	0.0507228042667421	-8.15738399702821	3.42358611449451e-16	5.3090949041192e-16	MRPS18A
MRPS18AP1	7.08304219255578	-0.953146368452955	0.0775825673568664	-12.2855739494756	1.08273842250119e-34	2.14580803076559e-34	MRPS18AP1
MRPS18B	5326.07974764891	0.18840822813746	0.0491314385301302	3.8347793953136	0.000125677041500449	0.000154287146153556	MRPS18B
MRPS18C	373.726541291594	0.429011709519745	0.0364794232054253	11.7603753519859	6.24560171334675e-32	1.19999014240532e-31	MRPS18C
MRPS2	1883.7644870446	0.42344805927452	0.0297488511815909	14.2340978711997	5.6284570324789e-46	1.26520798004062e-45	MRPS2
MRPS21	2343.86462928182	0.532939909655659	0.016341070229453	32.6135254406466	2.63754727192643e-233	2.38226234028839e-232	MRPS21
MRPS21P1	0.0931002502358424	0.590671360020341	0.48615340004538	1.21498967191262	0.224370030549878	0.240495707986683	MRPS21P1
MRPS22	1535.89033573946	0.240935447059463	0.0403462588205578	5.97169239733073	2.34804935842214e-09	3.21741923581921e-09	MRPS22
MRPS23	2019.31507432598	1.42402029921342	0.0384638182052592	37.0223333423179	5.00733532879258e-300	6.4753623027008e-299	MRPS23
MRPS24	4098.87754796901	0.252203405717106	0.0504275724722516	5.00129975235043	5.69450941308105e-07	7.42074844933795e-07	MRPS24
MRPS25	4204.94511464129	0.858209668658112	0.0363436542631176	23.6137418225729	2.78475369360919e-123	1.23044553850415e-122	MRPS25
MRPS26	1834.31265953737	0.558375437668178	0.0204788209212507	27.2659954308579	1.07395106912615e-163	6.3156462578699e-163	MRPS26
MRPS27	4266.04358599401	0.336640733891077	0.028330250860381	11.8827304265724	1.45534551302433e-32	2.81968298137456e-32	MRPS27
MRPS28	1542.25198026416	0.402699847650872	0.0542019000431355	7.42962603396545	1.0890513604285e-13	1.62016640818789e-13	MRPS28
MRPS30	2192.46151312195	0.286533764945615	0.0378485609360896	7.57053261362964	3.71697098511747e-14	5.57390825583969e-14	MRPS30
MRPS31	914.765500987806	0.456919504458651	0.0313901512798755	14.5561421601554	5.3386754539974e-48	1.22766347531179e-47	MRPS31
MRPS31P5	259.511642602859	0.113220627110776	0.0331945069544197	3.4108241844424	0.000647668395940415	0.000778542824395554	MRPS31P5
MRPS33	1767.86808156958	0.544467310239873	0.0491519896403231	11.0772181192276	1.61822541918177e-28	2.98612770586273e-28	MRPS33
MRPS33P2	0.204104204915445	0.645146548792926	0.280932529304191	2.29644658947404	0.0216503597098248	0.0245730217614474	MRPS33P2
MRPS34	1885.01917523953	0.179017655837771	0.0282964974095387	6.3264952282548	2.50792052007313e-10	3.50641376946303e-10	MRPS34
MRPS35	2652.83492673898	0.10102914024406	0.0432382386390606	2.33656928274576	0.0194615912136022	0.022122259625919	MRPS35
MRPS36	1509.82530203593	1.34766162704807	0.044895410381402	30.017803949206	5.74817660297712e-198	4.26340861269844e-197	MRPS36
MRPS5	2798.72589914712	0.535854362475944	0.0384922786489992	13.9210870668961	4.71675146758307e-44	1.03721284104523e-43	MRPS5
MRPS6	1924.63957754853	-0.726878284333179	0.0386978735691119	-18.7834166917472	1.03219301437502e-78	3.1761549490196e-78	MRPS6
MRPS6P2	0.177830468077383	0.140541854650362	0.289029354699858	0.486254604817935	0.626786660418454	0.644656992011918	MRPS6P2
MRPS7	4099.49995649898	0.622737178633351	0.0525228235583193	11.8565061138019	1.99111539260823e-32	3.85150098671188e-32	MRPS7
MRPS9	1454.68866134167	0.471831854265052	0.0512562933099209	9.20534482296883	3.40575955987007e-20	5.60650003083869e-20	MRPS9
MRRF	2820.21970424966	-0.337480995155362	0.0159318728566087	-21.1827572434694	1.37730238183445e-99	5.07529583938628e-99	MRRF
MRS2	2091.08239074485	0.424408402581937	0.0407855312816861	10.4058569116276	2.33148888089504e-25	4.13163332791805e-25	MRS2
MRS2P2	5.46724909729248	-1.12821509569397	0.0941800320032954	-11.9793450022876	4.55911471856649e-33	8.8770821037226e-33	MRS2P2
MRTO4	1554.23589756779	-0.419217217934994	0.025580839483027	-16.387938254065	2.33221641465663e-60	6.05804151229928e-60	MRTO4
MS4A1	25.7723057983029	-0.199635071425637	0.104163597748227	-1.91655315044103	0.055294724725991	0.0614533765384062	MS4A1
MS4A14	172.03027721809	0.389814488073636	0.076935626585786	5.06676172499848	4.04640266437444e-07	5.28740522367918e-07	MS4A14
MS4A15	1.13821392097585	-0.078416827276394	0.153316507333149	-0.511470217006695	0.609021838071286	0.627461201185967	MS4A15
MS4A18	0.244130185825189	-0.120464985153966	0.300697596080829	-0.40061838446352	0.68870110806795	0.704152484739928	MS4A18
MS4A2	145.978882587342	-1.39377363754599	0.0896526796853468	-15.5463689700933	1.68385683620633e-54	4.12564405996326e-54	MS4A2
MS4A3	3.59582216605494	1.82730706457478	0.150895431818469	12.1097573501965	9.37711490723758e-34	1.84015529756005e-33	MS4A3
MS4A4A	325.018714100663	0.041585022071356	0.0735355165664248	0.565509348585212	0.571727367413481	0.591135229225162	MS4A4A
MS4A4E	117.036670414405	0.258018363381886	0.0615471063464502	4.19220949120653	2.76250716807115e-05	3.45716709763965e-05	MS4A4E
MS4A6A	659.091082420171	0.370321951684139	0.0618135693144925	5.99094916845895	2.0861984384019e-09	2.86166715611313e-09	MS4A6A
MS4A6E	8.37038441400362	-1.35712199087197	0.184911182257231	-7.33931812184335	2.14684782757449e-13	3.17624786259294e-13	MS4A6E
MS4A7	504.589181373072	-0.217033124200714	0.0800502762523592	-2.71121018391636	0.00670381165943582	0.00776946392489726	MS4A7
MS4A8	17.385351039922	-4.43415375976498	0.197524629388354	-22.4486119705455	1.32030249028087e-111	5.36495826806905e-111	MS4A8
MSANTD1	44.7404876374031	-0.738785567755139	0.0528143452126433	-13.9883504146574	1.8362168046231e-44	4.05517589253104e-44	MSANTD1
MSANTD2	768.168280209936	-0.0344958139871362	0.0330050860142134	-1.04516661378434	0.295945970898566	0.314500467686704	MSANTD2
MSANTD2P1	0.0191361329766508	0.545093094574866	1.39108046682961	0.391848715852634	0.69516999754474	0.710242075361988	MSANTD2P1
MSANTD3	840.019444190372	0.410032227174664	0.0362924546892152	11.2980020416341	1.34237302171759e-29	2.50742521157396e-29	MSANTD3
MSANTD4	886.00489994164	0.468432783661094	0.0409155286497519	11.4487774964612	2.38485056855807e-30	4.49713964850344e-30	MSANTD4
MSC	334.817141841558	1.86309880885187	0.0674065494456166	27.6397297321236	3.70845554641013e-168	2.2454055933713e-167	MSC
MSH2	848.024699513879	-0.154722624696439	0.0284036331356546	-5.44728288657616	5.11450864186492e-08	6.80963535963095e-08	MSH2
MSH3	675.252688209237	-0.534185866340949	0.021481729765368	-24.866985674596	1.69408250764365e-136	8.1822321492067e-136	MSH3
MSH4	53.9249096577817	-0.49343879391345	0.0777741648533947	-6.34450777894676	2.23137712715806e-10	3.12462229995895e-10	MSH4
MSH5	584.498151648364	-1.13653553745348	0.0502018854594124	-22.6392998400898	1.77845774800035e-113	7.3342538194168e-113	MSH5
MSH6	1277.0967437388	-0.36797898972583	0.0177803474747696	-20.695826684377	3.77695485567969e-95	1.33783873193802e-94	MSH6
MSI1	104.447587780701	2.86489813563287	0.0832298553779077	34.4215200498032	1.20165802430187e-259	1.26055047176328e-258	MSI1
MSI2	4676.82469772488	0.0137693082888812	0.0557772209743938	0.246862573078038	0.805014582356032	0.816260209372553	MSI2
MSL1	6985.95164310318	-0.407949018224443	0.0169739143690737	-24.0338798319686	1.23076666981878e-127	5.60461189562557e-127	MSL1
MSL2	1673.08787287264	-0.51233066933227	0.0165462670353166	-30.9635199431233	1.67103714119186e-210	1.33690398127087e-209	MSL2
MSL3	2042.33296265417	-0.710935552844485	0.023070120778834	-30.8162908924492	1.58553527350553e-208	1.25400792875101e-207	MSL3
MSL3P1	0.229681379169772	0.224137919003638	0.169875165327979	1.31942723099573	0.18702632301229	0.201741421413245	MSL3P1
MSLN	41.520542462127	-0.543797004831495	0.123520581275656	-4.40248094054807	1.07019994125441e-05	1.35333116561437e-05	MSLN
MSLNL	2.38387088145605	-2.24566664981827	0.150131081414521	-14.958039525592	1.38032725658774e-50	3.25694992080692e-50	MSLNL
MSMB	149.118646674341	-4.85865323653042	0.175070439786429	-27.7525620113685	1.62274301531219e-169	9.92558512355919e-169	MSMB
MSMO1	1673.59218783452	-1.41384418718436	0.0704794990095893	-20.0603609142	1.6389018595938e-89	5.54859363824488e-89	MSMO1
MSN	14375.9961133965	0.396529213085192	0.0386771695929228	10.2522810551719	1.15583111018919e-24	2.02867743901283e-24	MSN
MSNP1	4.36512074327547	0.380618434143149	0.0701646531553402	5.42464641420637	5.80693745524695e-08	7.72070914631068e-08	MSNP1
MSR1	320.531279187372	-0.328389163243454	0.0792095108416881	-4.14582996099785	3.38585030403716e-05	4.2263845310986e-05	MSR1
MSRA	796.359896883497	1.16974948687081	0.0262546295478409	44.5540274997714	0	0	MSRA
MSRB1	1968.49876608785	-0.128086335627939	0.0487629953438172	-2.62671180727989	0.00862143178177092	0.00995282456895135	MSRB1
MSRB2	2185.87383201645	1.92155431482362	0.0544951595653207	35.2610090538473	2.32656684683514e-272	2.61426528151557e-271	MSRB2
MSRB3	4889.73745413269	0.740115863532976	0.0524383885181018	14.1140085431399	3.11364162300172e-45	6.93242583248658e-45	MSRB3
MSS51	2493.00336732393	-2.7321966121925	0.107319926711067	-25.4584278607298	5.69460106006234e-143	2.88026169379551e-142	MSS51
MST1	666.360767826685	-1.14236380621253	0.0488814424656253	-23.3700919733673	8.61173440387866e-121	3.73902149069512e-120	MST1
MST1L	110.275734053045	-1.24395383213661	0.0752283148780899	-16.5357131042013	2.02961987158748e-61	5.34062086075812e-61	MST1L
MST1P2	224.079933670804	-1.40945776898372	0.0751171858532706	-18.7634527701406	1.50310733347551e-78	4.620463645815e-78	MST1P2
MST1R	1101.74326729902	-2.19939912720963	0.102345156511863	-21.4900167450004	1.93041701433869e-102	7.27279963899345e-102	MST1R
MSTN	115.606767576731	-2.5946969737189	0.08883675552184	-29.2074711472439	1.55868462823487e-187	1.07998006131085e-186	MSTN
MSTO1	498.328728961538	0.185765305184145	0.0356174049653729	5.21557663633117	1.83246277411981e-07	2.41144545631484e-07	MSTO1
MSTO2P	142.944325448549	-0.479010411459161	0.0453412094657618	-10.5645706654754	4.34954381400882e-26	7.77132885319829e-26	MSTO2P
MSX1	488.61181274402	0.721237742352031	0.0607397558824711	11.8742285324228	1.61113491931872e-32	3.12118377988122e-32	MSX1
MSX2	202.888582281988	-1.17098800477988	0.0566728102059854	-20.6622540954605	7.57446722769633e-95	2.67769019178636e-94	MSX2
MT-ATP6	1260839.01953114	2.41927537441566	0.0542607029353936	44.5861414161223	0	0	MT-ATP6
MT-ATP8	178280.631624761	2.24040169406278	0.0526590626724788	42.5454153636822	0	0	MT-ATP8
MT-CO1	3437641.11750281	2.48825800151576	0.0604127936015558	41.1876003934981	0	0	MT-CO1
MT-CO2	1266838.38684203	2.44186469980435	0.052756682712553	46.2854101936043	0	0	MT-CO2
MT-CO3	1660439.35300256	2.44061716890182	0.0498098731293589	48.9986626258494	0	0	MT-CO3
MT-CYB	1513644.37668918	2.3663353149962	0.0537839887601354	43.9970215959536	0	0	MT-CYB
MT-ND1	1232936.15757964	2.05786146622872	0.0537052899531414	38.3176679247841	0	0	MT-ND1
MT-ND2	1087529.9027127	2.16126529908178	0.0489074625048775	44.1909105152662	0	0	MT-ND2
MT-ND3	302264.3746231	2.67304154018383	0.0503915330902472	53.0454498257995	0	0	MT-ND3
MT-ND4	2647495.57125006	2.48572072842761	0.0534537985333885	46.5022280292198	0	0	MT-ND4
MT-ND4L	278070.586265852	2.65231894601184	0.0558129156883162	47.5215980620606	0	0	MT-ND4L
MT-ND5	645749.930488919	1.97745470000849	0.0585945658899656	33.7480902874499	1.14030737238254e-249	1.13032340364857e-248	MT-ND5
MT-ND6	199247.245564378	1.59775406623047	0.0645058275364352	24.7691429945303	1.92851801579345e-135	9.25246609869347e-135	MT-ND6
MT-RNR1	193933.747237298	2.89300691647733	0.0539099156084273	53.6637255656377	0	0	MT-RNR1
MT-RNR2	1586755.9681341	3.08284393715286	0.0591890148079476	52.0847313839545	0	0	MT-RNR2
MT1A	628.68269170957	-1.13211354516642	0.117363433368477	-9.64622039994357	5.10008939267345e-22	8.62520754955983e-22	MT1A
MT1E	3550.67592713759	-0.980476184976194	0.0627496711621998	-15.6252003686488	4.90377680662831e-55	1.20690301197862e-54	MT1E
MT1F	118.035475411666	-1.36193014381909	0.0667772454887117	-20.3951231269238	1.84748992573211e-92	6.40290068407849e-92	MT1F
MT1G	226.941561180928	-2.91436862235089	0.081389646525966	-35.8076087899106	8.40861976583444e-281	9.90599243486818e-280	MT1G
MT1H	25.6925531794603	-3.02782784836435	0.115095472229916	-26.3070978354033	1.59068695141141e-152	8.59620408656763e-152	MT1H
MT1JP	32.8787967277051	-0.103439929079372	0.100162351937325	-1.03272264557143	0.301733712781232	0.320405177192954	MT1JP
MT1L	185.930808238736	2.18814546084182	0.0633183717305534	34.5578289687124	1.08727729433365e-261	1.15265480419906e-260	MT1L
MT1M	1135.42962673259	-1.51947894390666	0.0906170971794214	-16.7681264485674	4.17465564468675e-63	1.11512058554691e-62	MT1M
MT1X	29235.5040541221	-3.29288362364378	0.076972965355589	-42.779742321629	0	0	MT1X
MT2A	26021.2075688926	-1.82568701689845	0.0759530192287699	-24.0370565309523	1.14014121002001e-127	5.19323935262403e-127	MT2A
MT4	236.132532850368	-9.79406197752726	0.271387926460774	-36.0887903351252	3.40014330663482e-285	4.1077838699821e-284	MT4
MTA1	2898.70975613133	0.41408648257949	0.0152627569145422	27.1305167800289	4.29954915621437e-162	2.49263073626457e-161	MTA1
MTA2	3956.87308359048	-0.384941218920718	0.0359817499333357	-10.6982350673302	1.03735202528685e-26	1.8688324466762e-26	MTA2
MTA3	1582.88486423185	-0.537545155592462	0.0263591377717802	-20.3931236388146	1.92457142116148e-92	6.66747693462813e-92	MTA3
MTAP	1184.93801445552	-0.161342973755372	0.0192461491047489	-8.38313019800728	5.15384132496937e-17	8.09195793203433e-17	MTAP
MTATP6P1	148278.671035078	2.61624511516675	0.0599943904077055	43.6081623196346	0	0	MTATP6P1
MTBP	121.294863042558	-0.824107817978321	0.0370111325403368	-22.2664847415885	7.80924270829279e-110	3.12178942909124e-109	MTBP
MTCH1	12023.4991178396	0.772238353805995	0.0205179906624796	37.6371335044106	0	0	MTCH1
MTCH2	3492.75208987723	-0.169123143571091	0.0413000289710012	-4.09498849721971	4.22189348510681e-05	5.25757901248065e-05	MTCH2
MTCP1	51.7369877554952	0.320737610883531	0.0289538987950793	11.0775275258626	1.61264424871445e-28	2.97613380368144e-28	MTCP1
MTDH	5925.75706112979	-0.495249060599045	0.0288654263597247	-17.1571711578823	5.5554462966074e-66	1.52398032284715e-65	MTDH
MTF1	1164.21398240836	-0.583304213381937	0.0245070713268802	-23.8014655281208	3.22508723983249e-125	1.44486797919922e-124	MTF1
MTF2	953.13664512698	-0.51493701190936	0.0234057178059201	-22.0004793776979	2.84951119416325e-107	1.11436130797594e-106	MTF2
MTFMT	603.670838652966	0.606055478280591	0.0262190143144329	23.115112986798	3.26309417306881e-118	1.3932390467128e-117	MTFMT
MTFP1	660.642133690165	0.679288093037326	0.0545152329148048	12.4605189543793	1.22570399069505e-35	2.45290689677617e-35	MTFP1
MTFR1	783.895258942116	0.0364447587004437	0.0271997627851758	1.33989251995633	0.180280290294118	0.194686274256669	MTFR1
MTFR1L	5649.82330198032	1.06065914401008	0.0457278778888415	23.1950222266689	5.11163249265812e-119	2.19186509052737e-118	MTFR1L
MTFR2	43.9007044691757	-1.53382489307969	0.0547647641018189	-28.0075139231494	1.31611333206096e-172	8.26923423749714e-172	MTFR2
MTG1	1126.98636836894	-0.292327792327627	0.0189302614405076	-15.4423536751634	8.49430378841376e-54	2.06545944205371e-53	MTG1
MTG2	1959.16023845597	-0.129442445783427	0.0247441432103618	-5.23123571840717	1.6838063375399e-07	2.21695420436335e-07	MTG2
MTHFD1	3305.29747568159	-0.412680739844779	0.0458751829607058	-8.99572956904082	2.34668369979443e-19	3.82009886778799e-19	MTHFD1
MTHFD1L	410.878637227698	0.0313424130455096	0.0672580256310617	0.466002573691886	0.6412136583339	0.658329268446275	MTHFD1L
MTHFD1P1	10.8116971390374	-2.76925413828157	0.10735429442658	-25.795466805247	9.96887220975882e-147	5.19090739507864e-146	MTHFD1P1
MTHFD2	2705.25190351783	-0.473510698160472	0.0512121612566726	-9.24605965733924	2.32921181173921e-20	3.84591284380091e-20	MTHFD2
MTHFD2L	564.861582765236	-0.0531591986182578	0.0261857752552293	-2.03007923577294	0.0423484857908299	0.0473487635230266	MTHFD2L
MTHFR	2799.86182676221	0.859395795216774	0.0283194775768622	30.3464565292307	2.79805009936447e-202	2.12791296318799e-201	MTHFR
MTHFS	489.520265532969	0.302530129278431	0.0427683008503671	7.07369998955274	1.50856248717759e-12	2.19865867797618e-12	MTHFS
MTHFSD	890.196218430346	-0.344609098369899	0.0181509874422663	-18.9856942750919	2.23956465026586e-80	7.00510916931984e-80	MTHFSD
MTIF2	2001.38642806388	0.351531202945979	0.0417995465721082	8.40992861823401	4.10260323033628e-17	6.44817608917169e-17	MTIF2
MTIF3	2171.91375491221	0.965474571286515	0.0369199637751461	26.1504745011819	9.73351444977925e-151	5.20692403002901e-150	MTIF3
MTM1	885.928792348067	-0.491160924275427	0.0193807789055659	-25.3426823900442	1.08208568150033e-141	5.43185285908739e-141	MTM1
MTMR1	2158.15202460323	-0.939632078162999	0.0268450195874281	-35.0021006728206	2.09021130987294e-268	2.2984663279794e-267	MTMR1
MTMR10	3141.57983418824	-0.58564472289186	0.0300794091703783	-19.4699543323674	1.9744745968773e-84	6.3948393699871e-84	MTMR10
MTMR11	784.805722453346	-0.512380531335027	0.0550408200374228	-9.30910060908712	1.28919356205385e-20	2.13710040616368e-20	MTMR11
MTMR12	1898.14744135155	-0.379844193343226	0.0339874912835704	-11.1759997280777	5.34451514266973e-29	9.9202533597853e-29	MTMR12
MTMR14	2984.9046619251	0.282064159608057	0.0344521809909257	8.18712056813905	2.67550109279805e-16	4.15652845183894e-16	MTMR14
MTMR2	1362.84221361223	0.277004328083715	0.0260116151395559	10.6492552114718	1.75765656751937e-26	3.15606741864501e-26	MTMR2
MTMR3	851.223578113018	-0.368700838644307	0.0233272987965883	-15.8055521927053	2.84883132658465e-56	7.1066813622298e-56	MTMR3
MTMR4	2441.40388072468	-0.235104806474069	0.0325155857565572	-7.23052656145544	4.81124874781796e-13	7.07980779117723e-13	MTMR4
MTMR6	1688.52224513097	0.00480539180711249	0.0234021021107087	0.205340177748971	0.837306355487795	0.8472373077648	MTMR6
MTMR7	120.538649138282	-0.733593698346265	0.031046125038737	-23.6291549245177	1.93368875514276e-123	8.55662027564522e-123	MTMR7
MTMR8	34.7889359831629	-0.674320602098883	0.037815818571899	-17.8317071417296	4.00988146719327e-71	1.15750282698759e-70	MTMR8
MTMR9	1070.69913464833	0.472732097371475	0.0268093786244398	17.6330866893173	1.37264448670189e-69	3.90408807159435e-69	MTMR9
MTO1	1229.43944325259	-0.0526487296584714	0.0198513907655429	-2.65214313094157	0.00799826284422837	0.00924231155854121	MTO1
MTOR	4793.12018429723	-0.150463812046694	0.0333839950195047	-4.50706429709162	6.57307201464526e-06	8.35311467247648e-06	MTOR
MTPAP	1225.06171959914	-0.525929567037655	0.0215919416908312	-24.3576781823649	4.80706654481586e-131	2.23770377225835e-130	MTPAP
MTPN	5206.27867309621	0.0306268033924951	0.0197418853153236	1.55136163052891	0.120815044901142	0.131877486099415	MTPN
MTR	5117.67774415569	0.047962609424521	0.0253909522530871	1.88896457865969	0.0588965751515486	0.065367608934153	MTR
MTRF1	563.163190406439	-0.102205658566336	0.0337189925535482	-3.0311006001744	0.00243664049144278	0.00287092325477559	MTRF1
MTRF1L	537.309821033636	0.350991891292256	0.0344782293390922	10.1801019953856	2.43306219677199e-24	4.25384155051405e-24	MTRF1L
MTRNR2L12	280.635178857055	2.68764570217031	0.0779445959494057	34.4814886706819	1.51974176971117e-260	1.60075316539326e-259	MTRNR2L12
MTRNR2L2	0.422683723183153	2.22811228922345	0.199229886019519	11.1836247750759	4.90449777877202e-29	9.10539031721073e-29	MTRNR2L2
MTRNR2L3	2.50045166011763	1.90078174684055	0.0914828821110815	20.7774580662266	6.92282505055834e-96	2.46377567685055e-95	MTRNR2L3
MTRNR2L4	6.519324904353	0.977904588813708	0.0629532304228039	15.5338269735476	2.04785166779556e-54	5.01133467536539e-54	MTRNR2L4
MTRNR2L8	232.487093947094	1.40624826265505	0.0789479916213571	17.8123373853456	5.66921135265987e-71	1.63386925326978e-70	MTRNR2L8
MTRR	2032.48597449004	-0.536513840320003	0.0330526801148351	-16.2320827980058	2.99134601361828e-59	7.68148638960665e-59	MTRR
MTSS1	2614.11683657376	-0.580851562598904	0.0318661259222618	-18.2278688038799	3.10174814313644e-74	9.17727947478617e-74	MTSS1
MTTP	35.9767055816178	2.78448976687506	0.0744621479077837	37.3947011349104	4.76438164201224e-306	6.34346404865846e-305	MTTP
MTUS1	8138.56625739492	0.454115323846016	0.0366469294960958	12.3916336263423	2.90073381779198e-35	5.78315532772991e-35	MTUS1
MTUS2	1110.80339237891	8.18027765672015	0.0664842315982933	123.040869392106	0	0	MTUS2
MTX1	340.939563143226	-0.211795688817791	0.0225716982901734	-9.38324117640704	6.39752264124951e-21	1.06512953260389e-20	MTX1
MTX1P1	13.4782914437573	-1.21381267487613	0.0635479816304715	-19.1007274146706	2.48993962926966e-81	7.86340408183914e-81	MTX1P1
MTX2	1798.14657542046	0.427572487447127	0.0394112131051334	10.8490060000572	2.01605839154463e-27	3.66391389259918e-27	MTX2
MTX3	1428.65878872731	0.108898332206891	0.0197550596529827	5.51242740441177	3.53918187217071e-08	4.72722511545187e-08	MTX3
MUC1	899.402782189669	-2.54624062012428	0.098074328548707	-25.9623558764385	1.3187908907133e-148	6.95970531331869e-148	MUC1
MUC12	8.20131163213042	0.0123989045756076	0.0857523523931366	0.144589672814619	0.885034851445843	0.891872158141221	MUC12
MUC13	7.79232025695838	0.689403061964641	0.0937581748972936	7.35299148815386	1.93819284396878e-13	2.86990288593255e-13	MUC13
MUC15	580.03681385087	-8.03189060251859	0.178577054675635	-44.9771703151204	0	0	MUC15
MUC16	73.4084969946682	-2.26578100921769	0.131077705781024	-17.2857847619248	6.01964807263473e-67	1.66630301330921e-66	MUC16
MUC17	2.46942704759706	-0.277717497597328	0.163908712696477	-1.6943424972875	0.090200219508382	0.0991932403549626	MUC17
MUC19	5.7857262929083	-0.55954976665037	0.112581839986759	-4.97016007835881	6.68976471551328e-07	8.70167314429905e-07	MUC19
MUC2	12.1757567179921	-0.153982557159553	0.0997314006895113	-1.54397267154543	0.122594953248917	0.133771701123462	MUC2
MUC20	752.175460920539	0.177544526502861	0.0486044500345067	3.65284508675262	0.000259350708070564	0.0003155933276535	MUC20
MUC21	19.2296265231081	-0.256067085085945	0.111200591866023	-2.30274930006183	0.0212929526116744	0.0241765131804434	MUC21
MUC3A	889.472920144329	2.4394754002102	0.0843128548183229	28.933611671278	4.51194649628493e-184	3.04992673224278e-183	MUC3A
MUC4	57.6301512951842	-0.850529473287281	0.0743893120989194	-11.4334902325254	2.84441263581355e-30	5.35924972339122e-30	MUC4
MUC5AC	11.462242593032	-0.0172459904419407	0.0990079981349236	-0.174187851151567	0.861717832960291	0.870275062338319	MUC5AC
MUC5B	109.863204691635	-2.08051145117956	0.0998458506366208	-20.8372349768582	1.99006097814639e-96	7.12047061570526e-96	MUC5B
MUC6	72.5055166511374	-0.561122144000492	0.105017129462713	-5.34314874984013	9.13457428128171e-08	1.20869943867504e-07	MUC6
MUC7	171.350960591795	-0.982731448870225	0.179357068082655	-5.47918997213616	4.27277413135618e-08	5.70030439031666e-08	MUC7
MUCL1	3886.8262130827	-10.0606375344219	0.179600584708807	-56.0167304061599	0	0	MUCL1
MUL1	2358.24039331827	0.398078568606253	0.0287706815955795	13.8362578336488	1.54018525541116e-43	3.36548613530666e-43	MUL1
MUS81	1848.86390189664	0.367514238912506	0.0207086156779319	17.7469244988764	1.82054896070193e-70	5.21842386012666e-70	MUS81
MUSK	381.376989731812	-0.984170738090192	0.115716800498238	-8.50499438156497	1.81604388373468e-17	2.86961077520259e-17	MUSK
MUSTN1	8251.69566844984	-2.3893545702047	0.106968003789003	-22.3370960059959	1.61187292555476e-110	6.48822104939875e-110	MUSTN1
MUTYH	632.602013336086	-0.300440292849847	0.0216780164192715	-13.8592151163221	1.11891036565112e-43	2.44970876819336e-43	MUTYH
MVB12A	1308.42926274675	-0.541848561829571	0.0275634952076146	-19.658194933126	4.91920617937247e-86	1.61559260052698e-85	MVB12A
MVB12B	1600.55315874651	-0.589165741167822	0.0425521276257617	-13.8457410719724	1.34981429800429e-43	2.95201156340362e-43	MVB12B
MVD	1937.10720921234	-0.282794100083405	0.0394318857103117	-7.1717112937729	7.40660111390094e-13	1.08633770595071e-12	MVD
MVK	1250.81503174818	-0.949232802426804	0.0474775706351423	-19.9932892464425	6.30026424416066e-89	2.11824909710751e-88	MVK
MVP	6185.74347183243	-0.00500069446024434	0.0316521906830844	-0.157988889625792	0.874465553556533	0.882110082912365	MVP
MX1	1341.12845890345	0.804675761368126	0.0585598133769628	13.7410916286267	5.76006972741498e-43	1.25074807193241e-42	MX1
MX2	860.539602262944	0.54863749138443	0.0555390852510043	9.87840345055933	5.16492184034637e-23	8.86055065739779e-23	MX2
MXD1	1654.25116341266	-0.571974450295369	0.0411214852099919	-13.9093820997591	5.55573300142592e-44	1.22021412589883e-43	MXD1
MXD3	334.215656626654	-0.306547298761174	0.0413703246793205	-7.40983545904839	1.26456213308279e-13	1.87863191859563e-13	MXD3
MXD4	4749.36167167383	0.373718388978179	0.0287901470828215	12.980773870418	1.57283321830326e-38	3.24425011603952e-38	MXD4
MXI1	4221.09312066054	0.0241862593540855	0.0262898563633373	0.919984461680614	0.357580879186782	0.377547856545326	MXI1
MXRA5	1713.02398752071	0.638106913623891	0.101491839794361	6.28727309423889	3.23090736112634e-10	4.50814381890049e-10	MXRA5
MXRA7	6741.71910717872	1.80010302833442	0.0336870372256333	53.436074424636	0	0	MXRA7
MXRA8	5175.50916491907	-0.295635264765093	0.0544236546669426	-5.43210974298395	5.56916534166022e-08	7.40840565439149e-08	MXRA8
MYADM	4058.19238377004	0.938230267713275	0.0516871530346705	18.1520980094209	1.23588954834228e-73	3.64052491567817e-73	MYADM
MYADML	0.447419981421416	0.23177284730987	0.275206693281171	0.842177363299353	0.399688682585463	0.420158606354877	MYADML
MYB	361.247020084149	-5.45227911332074	0.122389857151039	-44.5484555684397	0	0	MYB
MYBBP1A	4337.28630489197	-0.913794269453407	0.0246770176879122	-37.0301744323432	3.74479265570435e-300	4.84964119390892e-299	MYBBP1A
MYBL1	123.939331850325	0.942888321632363	0.0430818242061765	21.8859887900751	3.53266407580972e-106	1.36991568351251e-105	MYBL1
MYBL2	82.5429244303361	-1.10595655572034	0.102558227853914	-10.7836940912795	4.11039851057071e-27	7.44079682107636e-27	MYBL2
MYBPC1	265758.137559519	-9.94899129815057	0.156727603825318	-63.4795087484354	0	0	MYBPC1
MYBPC2	56205.1233063611	-11.0053042617411	0.179543212484116	-61.2961309395909	0	0	MYBPC2
MYBPC3	48023.0575913466	12.0494565274188	0.0759677736201585	158.612737391338	0	0	MYBPC3
MYBPH	1650.35109824884	-7.83400083619766	0.166411726138452	-47.0760145212357	0	0	MYBPH
MYBPHL	30.7256431796926	-0.515630107427439	0.0957854099860716	-5.38318004278959	7.3181273184605e-08	9.7069935789262e-08	MYBPHL
MYC	6383.46407149719	-1.84651346807992	0.0630467030886164	-29.288025822453	1.47349432835525e-188	1.02489843140351e-187	MYC
MYCBP	940.689618598332	-0.326435235375095	0.0206465234231115	-15.810663552668	2.62685449073635e-56	6.55657344533349e-56	MYCBP
MYCBP2	6296.1568404841	-1.25779744273048	0.0354210857986445	-35.5098499769483	3.46381302248254e-276	3.96389689877357e-275	MYCBP2
MYCBPAP	45.3401582677893	-0.138247807496301	0.0507704069739132	-2.7229997893721	0.00646920991168926	0.00750288303719595	MYCBPAP
MYCL	1336.59400767702	-4.95255163978177	0.127918323714595	-38.7165145380709	0	0	MYCL
MYCN	43.0714521923873	0.829046093829142	0.0890705591119957	9.30774547835402	1.30574454035283e-20	2.16433770450196e-20	MYCN
MYCT1	1164.00607269573	0.815189280754821	0.0555481522892405	14.6753626747135	9.2718484335693e-49	2.14859093270702e-48	MYCT1
MYD88	1394.82971262939	-0.207997432489901	0.0537677319504083	-3.8684434872898	0.000109532314676193	0.000134705964096888	MYD88
MYEF2	445.767437814953	0.548379962796778	0.0494844376384263	11.0818671276754	1.53634806195809e-28	2.83736549331154e-28	MYEF2
MYEOV	388.174091956436	-5.79632936304714	0.13373729746557	-43.3411581727183	0	0	MYEOV
MYF6	6717.10066344814	-9.59358612316453	0.195419270064968	-49.0923240066093	0	0	MYF6
MYH1	182955.880029245	-11.1097770820367	0.182202849559171	-60.9747712997693	0	0	MYH1
MYH10	2719.67368631614	0.801655281422144	0.0440286018235032	18.2076025179207	4.49190798903901e-74	1.32642447031974e-73	MYH10
MYH11	12201.7806990938	-0.920965363053631	0.0624594615526949	-14.7450096456026	3.31272468089955e-49	7.71141303257115e-49	MYH11
MYH13	14.4129034459312	-0.966984646702572	0.11692911712887	-8.26983620886181	1.34143173757999e-16	2.09374080535657e-16	MYH13
MYH14	16344.3673922691	-1.46712825044672	0.0743021743983129	-19.7454282102414	8.78173078648625e-87	2.90214679433705e-86	MYH14
MYH15	82.3113912048507	-0.837290429517611	0.0916791796607904	-9.13283073229444	6.67311515236986e-20	1.09371524954757e-19	MYH15
MYH16	6.55589764941569	-1.25543362497691	0.0896286954612563	-14.0070500693563	1.41147125118192e-44	3.12136289834469e-44	MYH16
MYH2	145578.58593727	-10.6845380000542	0.185874141490939	-57.4826488200622	0	0	MYH2
MYH3	1901.97739125114	-3.1561362859887	0.0886815953883611	-35.5895298473952	2.03424060942107e-277	2.34883676781198e-276	MYH3
MYH4	149.836513956276	-6.10645499914588	0.186935528473635	-32.666101778545	4.73387852681247e-234	4.30811665122099e-233	MYH4
MYH6	48698.6062613557	3.91455711976556	0.155782460465232	25.1283559655885	2.43714044757184e-139	1.20227364200441e-138	MYH6
MYH7	658242.74712783	1.45683962310217	0.176536755756318	8.25233032555052	1.5533535234452e-16	2.42199365747398e-16	MYH7
MYH7B	9004.22565215162	2.77736113796789	0.122700960118494	22.6352029787359	1.95163701386528e-113	8.04474877183165e-113	MYH7B
MYH8	1119.82240519793	-8.22701248364838	0.203022618452882	-40.52264002081	0	0	MYH8
MYH9	43348.7931550728	0.107322145522608	0.0392424124822005	2.73485085992832	0.00624085452115416	0.00724130606131855	MYH9
MYL1	76643.0544299566	-10.8896515374415	0.18820297189604	-57.8612092451798	0	0	MYL1
MYL12A	36376.1579125981	1.06539390006478	0.074836114881865	14.2363603688753	5.44921065829412e-46	1.22506857824344e-45	MYL12A
MYL12B	11951.1116482542	-0.0198254377673034	0.0192424213643513	-1.03029849476388	0.302869905457669	0.321573738831161	MYL12B
MYL2	298277.832195748	1.56029445162798	0.176268252125956	8.85181779934504	8.61051888684817e-19	1.38812422068918e-18	MYL2
MYL3	73899.5715800636	3.08854806703415	0.14894469400282	20.7362074071311	1.63305105586797e-95	5.79356563986587e-95	MYL3
MYL4	1083.60917020538	6.52101695144353	0.0885122311753013	73.6736252702573	0	0	MYL4
MYL5	785.462155823326	-0.0784656163735924	0.04563659319912	-1.71935744702138	0.085549305539396	0.0941994769399723	MYL5
MYL6	17665.2072871287	0.0977087800994776	0.0422116667544472	2.31473399683237	0.0206274940238886	0.0234327603132663	MYL6
MYL6B	7570.67529751981	-2.76217429219686	0.102789964365483	-26.8720230544647	4.66440894497227e-159	2.6478721355549e-158	MYL6B
MYL9	27366.1140535495	2.49662005621651	0.0553017696291382	45.1453917832867	0	0	MYL9
MYLIP	2109.8991968789	-0.810187149908095	0.0288677793049397	-28.0654476864959	2.58816220326932e-173	1.63242844502631e-172	MYLIP
MYLK	4691.81868455199	-1.5992802110887	0.0653800464843616	-24.4612889877836	3.81658216209886e-132	1.7895883172686e-131	MYLK
MYLK2	13312.2334576737	-8.14413016549048	0.176898581584057	-46.0384141724768	0	0	MYLK2
MYLK3	3934.35936188893	3.55823472262559	0.139562527173405	25.4956312033854	2.20390784756193e-143	1.11879709994254e-142	MYLK3
MYLK4	1144.96550394506	-2.83057230863795	0.0954095795334862	-29.6675902197483	2.01171726877354e-193	1.44562565090589e-192	MYLK4
MYLKP1	1.01267729032951	-1.63524950589229	0.239182318397792	-6.83683274268063	8.09631733217864e-12	1.16537508633094e-11	MYLKP1
MYLPF	49637.0028593307	-11.0426335867205	0.17913284985325	-61.6449389141459	0	0	MYLPF
MYNN	764.225410672131	-0.305720342819163	0.0186300195500364	-16.4100924316295	1.61958717713958e-60	4.21486031165095e-60	MYNN
MYO10	2714.89624340866	-1.4162665335893	0.0442982473898419	-31.9711640310642	2.74503660860551e-224	2.37108464450613e-223	MYO10
MYO15A	104.943705533469	-0.234524561089231	0.0488761256083406	-4.79834598528836	1.59981254829872e-06	2.06364927853281e-06	MYO15A
MYO15B	7122.02206964598	0.84839712075052	0.0491584706826536	17.2584116016833	9.67354730338885e-67	2.67075958601691e-66	MYO15B
MYO16	103.290860649843	2.53647059242424	0.0859721667684268	29.5033926416724	2.60445102358574e-191	1.84577649116405e-190	MYO16
MYO18A	22223.3798262545	-0.953674348638339	0.0704616500509848	-13.5346581856695	9.76355374073284e-42	2.09056418326314e-41	MYO18A
MYO18B	17622.1776443536	-0.228145828056159	0.15809458240522	-1.44309706623207	0.148993129676499	0.161762685603537	MYO18B
MYO19	2224.48694849128	-1.04167120901905	0.0368895584474431	-28.2375624122237	2.02330255871552e-175	1.295676604747e-174	MYO19
MYO1A	13.0978526004253	-1.14343633490427	0.0659213287277081	-17.3454685603699	2.13430746867765e-67	5.93812499902108e-67	MYO1A
MYO1B	2981.75123781064	0.260591988675488	0.0423247029332239	6.15697147565633	7.41491975899253e-10	1.026975229527e-09	MYO1B
MYO1C	13488.1576636449	0.4794150581974	0.0349742134313531	13.7076723437509	9.1341345760516e-43	1.9800524627108e-42	MYO1C
MYO1D	4124.46703844559	-1.32400916676691	0.062133975091329	-21.3089403151945	9.37941449290877e-101	3.49129115564207e-100	MYO1D
MYO1E	2573.80402788168	-1.11747240823752	0.0447561755497696	-24.9680048509702	1.36143644039917e-137	6.6343306344411e-137	MYO1E
MYO1F	460.13369779054	0.795082079109441	0.0472474206285907	16.8280525906279	1.52020407034357e-63	4.07766256448438e-63	MYO1F
MYO1G	183.407466596062	0.0922245676654829	0.053334338968957	1.72917803892089	0.0837772355533408	0.0923159902788741	MYO1G
MYO1H	15.534940647946	1.0197254562436	0.0727612942506301	14.014669017996	1.26787997815416e-44	2.80520003524496e-44	MYO1H
MYO3A	25.5084496669069	-2.56287935984101	0.0895104616813646	-28.6321767500678	2.67247606096701e-180	1.76540336049421e-179	MYO3A
MYO3B	25.4096502874774	-2.99253529810273	0.0972563454613928	-30.7695635066882	6.69465427122392e-208	5.27860146895759e-207	MYO3B
MYO5A	2213.83094096327	-1.14534470418416	0.0261969119698094	-43.7205997983317	0	0	MYO5A
MYO5B	1384.67918700981	-3.74830891214712	0.100729469651324	-37.2116414900419	4.42388425826226e-303	5.81697155098459e-302	MYO5B
MYO5C	1323.21430813638	-2.09911057143698	0.0550546464707195	-38.1277640671688	0	0	MYO5C
MYO6	2736.60987782644	-1.12377993318282	0.0530801004555188	-21.1713980105323	1.7528029195921e-99	6.45635468704265e-99	MYO6
MYO7A	426.125957111306	0.683049026497092	0.0512800791748643	13.3199682505931	1.77182836732192e-40	3.73561518390278e-40	MYO7A
MYO7B	380.048659291869	2.24260860692264	0.0487422214452812	46.0095691256138	0	0	MYO7B
MYO9A	2393.34943222747	-0.441136537867488	0.0196384051838072	-22.4629512294219	9.5621313764927e-112	3.88901777921928e-111	MYO9A
MYO9B	4148.85201547678	0.447269949638691	0.0317908682952039	14.0691328555555	5.87857972128124e-45	1.30465187477233e-44	MYO9B
MYOC	1351.2463133721	-0.648804940833312	0.0930181374461235	-6.97503689760615	3.05790549737109e-12	4.43449261727036e-12	MYOC
MYOCD	664.773813706797	2.89429077540221	0.0606301878727788	47.7367937812651	0	0	MYOCD
MYOD1	693.7490981129	-8.5027768685162	0.22669963760399	-37.5067951514296	7.13736962541721e-308	9.60237598110128e-307	MYOD1
MYOF	6838.90729513448	-0.941337896030708	0.0668456706029938	-14.0822567496024	4.8825326191452e-45	1.08466579880579e-44	MYOF
MYOG	1621.36946462493	-9.45479710904972	0.22027866197496	-42.9219835651829	0	0	MYOG
MYOM1	40400.6364674207	0.732138838564314	0.131076720369425	5.58557489461792	2.32928377040949e-08	3.1213755044399e-08	MYOM1
MYOM2	37220.2342838397	1.48823942116221	0.140482355965614	10.5937817666333	3.18460309767594e-26	5.70351610399608e-26	MYOM2
MYOM3	21915.950454038	0.600716499928239	0.135624543072588	4.42926100482218	9.45565327724214e-06	1.19757415495417e-05	MYOM3
MYOT	11773.8069409433	-5.8333110129944	0.171131144600862	-34.0867878059236	1.15777741013303e-254	1.1821413023145e-253	MYOT
MYOZ1	46136.2004638321	-8.92649389802887	0.159256578331016	-56.0510215124369	0	0	MYOZ1
MYOZ2	16348.924773735	2.75580753515241	0.147789995178153	18.6467800599792	1.34115125901434e-77	4.08633443018233e-77	MYOZ2
MYOZ3	3024.32870816203	-3.34169511656531	0.135663785624164	-24.6321824294581	5.7128056977453e-134	2.71264086956247e-133	MYOZ3
MYPN	13868.9955480124	-0.479286091574614	0.171952229650735	-2.78732117953997	0.00531457765447194	0.00618048403373276	MYPN
MYPOP	711.80378117756	0.131903583088042	0.0373900266221685	3.52777451647593	0.000419068971410981	0.00050679614070333	MYPOP
MYRF	83.6819612103666	0.424853059245458	0.0592570646875502	7.16966089166949	7.51837635621671e-13	1.10255228340739e-12	MYRF
MYRFL	28.5411168014562	-0.597261031278478	0.103664772034061	-5.76146572803189	8.33865968769224e-09	1.12826377809793e-08	MYRFL
MYRIP	308.154234661252	-1.46262610248387	0.0557017836706579	-26.2581555939355	5.7681616818053e-152	3.10504421154836e-151	MYRIP
MYSM1	3366.62488013723	-0.38151196528551	0.0228250168209195	-16.714641144792	1.02535323906711e-62	2.73199876501584e-62	MYSM1
MYT1	7.82529036699108	1.47238149494829	0.078799226045527	18.6852278739085	6.52994368052559e-78	1.99601827463306e-77	MYT1
MYZAP	4341.92335856815	5.29417475359931	0.0520982236318526	101.61910300455	0	0	MYZAP
MZB1	46.8980784747121	-1.3396204574477	0.124560192603139	-10.7548039983838	5.62534822944547e-27	1.0161755492047e-26	MZB1
MZF1	1323.3079387864	-0.161194701025877	0.0275478344992459	-5.85144727184597	4.8731377952723e-09	6.63098899786051e-09	MZF1
MZT1	663.287130285843	-0.24658451275282	0.037938515689471	-6.49958250267692	8.05432209469489e-11	1.13660906261056e-10	MZT1
MZT2A	1345.18680493145	2.33363681653866	0.0304460674583961	76.6482180244634	0	0	MZT2A
MZT2B	1590.19682705001	1.56690183373757	0.0247047289379456	63.4251781378934	0	0	MZT2B
N4BP1	3556.33155651525	-0.770909519798825	0.0276056587535834	-27.9257787934061	1.29805954614253e-171	8.07965763835121e-171	N4BP1
N4BP2	442.441682742072	-0.569714828407268	0.0364344642292323	-15.6367011416122	4.09393988371606e-55	1.00813969694628e-54	N4BP2
N4BP2L1	1366.16030444589	-0.695329249401338	0.0398818797836258	-17.4347160458273	4.49788191488834e-68	1.26076568592191e-67	N4BP2L1
N4BP2L2	5197.28834147027	-0.0680112597400554	0.0205527772901478	-3.30910313384544	0.000935953531216105	0.00111962383807955	N4BP2L2
N4BP3	937.095912134124	-0.877880049736676	0.052617371627588	-16.6842246691849	1.70707886557688e-62	4.53901427758486e-62	N4BP3
N6AMT1	643.755812676725	0.90965556832114	0.0346671269322404	26.2397160889373	9.36586105317746e-152	5.03568891332878e-151	N6AMT1
NAA10	2972.75985615836	0.0706490483538746	0.0363602852471097	1.94302789083566	0.0520127885101281	0.057891876747663	NAA10
NAA11	3.65894863619996	-0.544663361614684	0.108879918201693	-5.00242258270004	5.66143200262404e-07	7.37900495831116e-07	NAA11
NAA15	2381.77156830038	-0.29353938947366	0.0336089404082129	-8.73396738809205	2.45892038514817e-18	3.93799162393703e-18	NAA15
NAA16	1238.11693157505	-0.869806860254664	0.0212196057020049	-40.9907173804121	0	0	NAA16
NAA20	2568.74592721564	-0.245572620487141	0.0329340209670939	-7.45650282826094	8.88491897323967e-14	1.32354705757437e-13	NAA20
NAA25	2440.59802016285	-1.04163914303763	0.0277687327561073	-37.5112235832417	6.0443280653186e-308	8.13791694119672e-307	NAA25
NAA30	2369.0949472371	-0.530695477177175	0.0443922361185856	-11.9546912608664	6.13611963321176e-33	1.19296132970564e-32	NAA30
NAA35	1673.33429868793	-0.568507645999226	0.0256285223322986	-22.1826150812745	5.05534939744166e-109	2.00753021185412e-108	NAA35
NAA38	1421.70589855177	0.307636888688632	0.0315440779488394	9.75260361667826	1.79796770564589e-22	3.05678283616657e-22	NAA38
NAA40	1222.7163820888	1.04443925825316	0.0277366048233437	37.6556274607245	0	0	NAA40
NAA50	8624.6613373182	-1.45582315151552	0.050819154104389	-28.647134671409	1.74036467517017e-180	1.15135260998671e-179	NAA50
NAA60	2413.84328874171	0.993999153156373	0.0184694855232878	53.8184537897961	0	0	NAA60
NAAA	747.903382447056	-0.246866402120254	0.0367625533129375	-6.71515930949705	1.87860860824703e-11	2.68344973472899e-11	NAAA
NAALAD2	215.846662567523	0.116309898917465	0.0594296129639509	1.95710342229584	0.0503353101598906	0.056073143027922	NAALAD2
NAALADL1	224.372287482988	0.48197595936631	0.0514750738490819	9.3632883515505	7.72928780550301e-21	1.28507351793534e-20	NAALADL1
NAALADL2	228.951971534961	-0.831107904083343	0.056348281827789	-14.7494808559268	3.10040428851369e-49	7.21903732991008e-49	NAALADL2
NAB1	2014.32276055074	-0.0229451093190177	0.0520938520334442	-0.440457144622113	0.659606044601465	0.676248343141073	NAB1
NAB2	1770.24834254834	-0.114126805287046	0.0545995408205804	-2.09025210783509	0.0365951589368209	0.0410538112938872	NAB2
NABP1	1011.46094027845	-1.1555966078443	0.0589152479336062	-19.6145590212332	1.16139760694637e-85	3.80322327135559e-85	NABP1
NABP2	1465.59268256151	-0.469385685856346	0.0327038308250137	-14.352620901443	1.0258587996886e-46	2.3260466372584e-46	NABP2
NACA	53634.292515975	-0.54533971222375	0.0359977946073672	-15.149253396544	7.66321931354289e-52	1.83219034218469e-51	NACA
NACA3P	17.5684953735822	-0.235894236493204	0.0541521606182143	-4.35613711069287	1.32377872753054e-05	1.66989074101452e-05	NACA3P
NACAD	332.049000774836	1.18427274666042	0.0426578563762318	27.7621251338893	1.24399431201979e-169	7.62449493042842e-169	NACAD
NACC1	2021.52434713736	0.407204036871108	0.033878629670644	12.0194954999597	2.80679895177399e-33	5.47698514155921e-33	NACC1
NACC2	2994.99142697253	0.726715275263501	0.0442635007474876	16.417934934908	1.42328847447827e-60	3.70722266373655e-60	NACC2
NADK	2789.2570328091	-0.104532199040081	0.0333408350321629	-3.13526037782924	0.00171701637876453	0.00203476048941015	NADK
NADK2	1334.21715346806	0.184236007069599	0.0311834351632803	5.90813699981788	3.45998229297418e-09	4.72414602971998e-09	NADK2
NADSYN1	2995.52495219795	-0.183603147529482	0.0357216589769276	-5.1398270065808	2.74991526378955e-07	3.60717224101696e-07	NADSYN1
NAE1	1799.87738847631	-0.28335949713625	0.0173346058664898	-16.3464632146049	4.60970942064661e-60	1.19343275249618e-59	NAE1
NAF1	719.136077159751	-1.29099826022862	0.0410610060203316	-31.4409797847958	5.57586649440278e-217	4.62539966662417e-216	NAF1
NAGA	1089.17384687997	0.315803422020818	0.0209786705275831	15.0535479169471	3.2720510326466e-51	7.76944870580022e-51	NAGA
NAGK	2112.62787922417	-0.364586844470289	0.0307147681680659	-11.8700829019881	1.6929978296082e-32	3.27836208377553e-32	NAGK
NAGLU	1627.10084131351	-0.430261929988328	0.0330837657498522	-13.0052284024	1.14257028665285e-38	2.36027171563437e-38	NAGLU
NAGPA	580.497400119826	-0.176874841844467	0.0223292161764745	-7.9212293188696	2.35173749600983e-15	3.59307644420922e-15	NAGPA
NAGS	82.1794522901547	-1.31654691043223	0.0687926158465631	-19.1379102863118	1.22068600899324e-81	3.86654387610195e-81	NAGS
NAIF1	379.07148240496	-0.0202017613266311	0.0185100836795044	-1.09139222039281	0.275100334137625	0.293074576244978	NAIF1
NAIP	49.7544873468511	0.3135250169208	0.0524817025210886	5.97398715856858	2.31524034135505e-09	3.17318725329163e-09	NAIP
NALCN	156.601576015803	2.36528236082142	0.0668994206712632	35.3557973609991	8.16665865853386e-274	9.26326543870624e-273	NALCN
NAMPT	9010.36742598978	0.0321464282343734	0.0605720970688798	0.530713476831056	0.595617345575015	0.614424517919533	NAMPT
NANOG	1.81141518916532	-0.276813989205159	0.103261764941517	-2.68070170369384	0.00734679733997273	0.00850316330719791	NANOG
NANOGP2	0.403821202141742	0.411868296085977	0.246777218572755	1.66898832261759	0.0951196940759487	0.104475539267872	NANOGP2
NANOGP4	1.64968705654091	1.15417704164717	0.118184337757879	9.76590522520592	1.57697340492689e-22	2.68359786935989e-22	NANOGP4
NANOGP5	0.884825231489078	-0.512643461048379	0.178775968982091	-2.8675188503648	0.00413704158544396	0.00483263371703937	NANOGP5
NANOGP7	2.49551862277041	-0.742656388209186	0.129799513031315	-5.72156528838453	1.05547083269023e-08	1.42489353976727e-08	NANOGP7
NANOGP8	3.95660819039954	0.0191975238715399	0.0783649719159374	0.244975827875409	0.806475147741289	0.817649064178594	NANOGP8
NANOS3	7.23125019246827	1.89842958133472	0.058580037082995	32.4074492927524	2.15557387446088e-230	1.91522632350297e-229	NANOS3
NANP	238.694146662455	0.265203477075773	0.0232475319551682	11.4078121319375	3.82222376039227e-30	7.18953499590608e-30	NANP
NANS	928.098880827993	0.379856410954216	0.0285067778873462	13.3251261315937	1.65353094237282e-40	3.48702091069039e-40	NANS
NAP1L1	18615.3898524013	-0.387614050537764	0.0392146018257306	-9.88443162728819	4.86333728701739e-23	8.34715241262396e-23	NAP1L1
NAP1L1P1	8.82713240475143	-0.112852273078908	0.0574178499936838	-1.96545626649766	0.0493614526575257	0.0550086986496701	NAP1L1P1
NAP1L1P3	3.16054583737804	-0.111412876317313	0.0903470759698435	-1.23316526983674	0.217514109946296	0.233327661828453	NAP1L1P3
NAP1L2	200.477371105902	1.26175668845974	0.0469691439728623	26.8635231927741	5.86292702013482e-159	3.32614400534028e-158	NAP1L2
NAP1L3	118.699335367127	1.35006090207357	0.0616617660680285	21.8946194402559	2.92335545605374e-106	1.13436778539391e-105	NAP1L3
NAP1L4	7574.89020227507	0.454970788613642	0.03710714127643	12.2610034878282	1.46672201043815e-34	2.90392244939476e-34	NAP1L4
NAP1L4P1	18.7172563591935	1.06523232258484	0.0540579848175669	19.7053650109184	1.93938644703499e-86	6.39393689250492e-86	NAP1L4P1
NAP1L4P3	2.79750675035361	-0.357472830402876	0.0872046409710053	-4.09924089386175	4.14507430636935e-05	5.16405859152569e-05	NAP1L4P3
NAP1L5	261.464998864952	0.476647064074135	0.0396848436718793	12.0108086607353	3.11781261093158e-33	6.08057906927187e-33	NAP1L5
NAPA	3920.68114812197	-0.344123795104471	0.0264158891678657	-13.0271516857774	8.57493011798687e-39	1.77422203510209e-38	NAPA
NAPA-AS1	64.7748808825861	0.469846711895903	0.0298433050901093	15.7437894521817	7.57671866076621e-56	1.88173996429984e-55	NAPA-AS1
NAPB	1005.0475051411	-0.269924717177696	0.0202970511701273	-13.2987159028778	2.35477696147287e-40	4.95654116972323e-40	NAPB
NAPEPLD	754.460287772817	-0.121574522218996	0.022355496190906	-5.43823859603936	5.38098842554221e-08	7.16019904259205e-08	NAPEPLD
NAPG	1521.48509245774	0.536214633794983	0.0159930968574405	33.5278800956876	1.89175452425387e-246	1.84072828059967e-245	NAPG
NAPSA	27.0694136121375	-0.724264953390889	0.0695086819466237	-10.4197768265417	2.01425284444941e-25	3.57227245841713e-25	NAPSA
NAPSB	44.2320793261481	-0.974543342519393	0.082780498694881	-11.772619854725	5.40203897578904e-32	1.03913340033318e-31	NAPSB
NARF	3282.98646444128	0.305265429592427	0.0205238798870874	14.87367063498	4.88593835065294e-50	1.14565294060315e-49	NARF
NARF-IT1	38.2623585827086	-0.563040957138049	0.0520109676764564	-10.8254274490824	2.6085912330237e-27	4.73311670049991e-27	NARF-IT1
NARS2	814.93650591261	-0.231340080841848	0.0389935805492797	-5.93277348689442	2.9785965598973e-09	4.07058280251376e-09	NARS2
NASP	4029.13390380852	0.141871235164024	0.0203493610201531	6.9717783778823	3.12959302737566e-12	4.53698994006517e-12	NASP
NAT1	70.4742549931769	0.860888777997467	0.0618536736714362	13.9181511282655	4.91453066912429e-44	1.08057245114091e-43	NAT1
NAT10	2931.79312165758	-0.646688023077445	0.0207523595982165	-31.1621442379508	3.47288452861958e-213	2.81854798916506e-212	NAT10
NAT14	292.98341777012	0.82101711657152	0.0378152001611039	21.7112989769655	1.60458246552485e-104	6.15078555407001e-104	NAT14
NAT8	2.65069211149494	-0.970984744377453	0.10947908830035	-8.8691343657668	7.37166857971375e-19	1.18979114232428e-18	NAT8
NAT8L	1095.64358812886	-4.24271393935813	0.09039084119944	-46.9374317470609	0	0	NAT8L
NAT9	1540.96357702934	0.236368159298338	0.0219890686154058	10.749348389078	5.96817365570277e-27	1.07788797006427e-26	NAT9
NAV1	4211.42148209315	1.8030626379271	0.0473118064966998	38.1102048608706	0	0	NAV1
NAV2	2167.31292374404	0.373504492897644	0.0525572244121418	7.1066251514484	1.18914828673002e-12	1.73762954050062e-12	NAV2
NAV3	461.303493250563	-0.649350193599756	0.0483973439023558	-13.4170626162844	4.80379248424953e-41	1.02057203480439e-40	NAV3
NBAS	2707.58443748556	0.179350510328542	0.0266210977814176	6.73715681453732	1.61515840011651e-11	2.31079847087087e-11	NBAS
NBEA	971.554437219199	1.18375188642526	0.040734456510271	29.0602106383029	1.14336894605623e-185	7.81092387019285e-185	NBEA
NBEAL1	1579.64566746507	0.177402962068738	0.0240229598379568	7.3847254154102	1.52768331284387e-13	2.26615799872291e-13	NBEAL1
NBEAL2	8941.66521234625	-1.27428308362341	0.0709835538535201	-17.9518073475582	4.64537323535412e-72	1.35134718179718e-71	NBEAL2
NBL1	7965.1348952187	-0.124383014374467	0.0645539861786157	-1.92680610040578	0.0540037989503529	0.0600484976154001	NBL1
NBN	1474.83327255658	-0.0977498028562744	0.0199585926988395	-4.89763002488439	9.69994481055563e-07	1.25807843889914e-06	NBN
NBPF1	605.358533900831	0.158412374743087	0.0370171831025643	4.27942813217772	1.87374127594022e-05	2.35440574537204e-05	NBPF1
NBPF10	253.061419807252	-1.54526576155974	0.0416207832432567	-37.127262899602	1.0206306613152e-301	1.33133134306775e-300	NBPF10
NBPF11	675.880412526318	-0.68486881108008	0.0447708499444862	-15.2972036923419	7.9812849918662e-53	1.92227871472549e-52	NBPF11
NBPF12	739.915828500942	-0.680640946386707	0.0377857016096388	-18.0131879888948	1.53526332805504e-72	4.48349694489272e-72	NBPF12
NBPF13P	1.85254740140298	-1.23120306228194	0.119093511182072	-10.3381204404971	4.73737689690896e-25	8.36136106689461e-25	NBPF13P
NBPF14	535.083211644914	-1.60244367089701	0.0430887752058266	-37.1893529867686	1.01427563300774e-302	1.32881918993976e-301	NBPF14
NBPF15	800.700220193301	0.291518706202873	0.0440313115696266	6.62071366513567	3.5746880778285e-11	5.07996842890904e-11	NBPF15
NBPF20	137.726911161142	-0.159827775539637	0.0345536582464781	-4.62549506045216	3.73704713001984e-06	4.7807963462076e-06	NBPF20
NBPF2P	10.640870557544	-0.154696652488408	0.0793012830724583	-1.95074589583955	0.0510872807880314	0.0568791527378373	NBPF2P
NBPF3	283.143111513356	-0.130575554705476	0.0576639445025801	-2.26442286998998	0.0235481186721955	0.0266630824140264	NBPF3
NBPF8	560.102484456334	-0.160618988441042	0.0378875289202408	-4.23936300462272	2.24154937209515e-05	2.81185576634737e-05	NBPF8
NBPF9	590.950086231996	-0.02597925769583	0.0291389433275034	-0.891564852020866	0.372626216454983	0.392926279796506	NBPF9
NBR1	10342.2749230977	-0.515443682278199	0.0349170385053575	-14.7619530275774	2.57708530179945e-49	6.00208468336031e-49	NBR1
NBR2	326.098258480447	-0.480320979676328	0.0393945096749469	-12.1925868259198	3.40440325826559e-34	6.71517237037464e-34	NBR2
NCALD	1374.89424498213	0.0471125281507145	0.0550984835789584	0.855060340874906	0.392517743601073	0.41300630714069	NCALD
NCAM1	5056.75475137035	4.12336740471102	0.0800267337897835	51.5248743693875	0	0	NCAM1
NCAM2	114.940434118657	1.68877490912122	0.0481932014266811	35.0417664551802	5.2046221481889e-269	5.75128319763956e-268	NCAM2
NCAPD2	1668.17711897582	-0.50060419110275	0.0247533049624227	-20.2237314113288	6.05272781983239e-91	2.0709970249915e-90	NCAPD2
NCAPD3	909.999632931754	-0.349428031287579	0.0317332337077867	-11.0114221104998	3.36647390112506e-28	6.18177054923516e-28	NCAPD3
NCAPG	67.7585600654704	-1.11302028895642	0.0763665315769983	-14.5747131102084	4.06828076787871e-48	9.37084096002362e-48	NCAPG
NCAPG2	497.922681809901	-0.643418912799171	0.0242257367608391	-26.5593124845334	2.00484178057475e-155	1.11009402928718e-154	NCAPG2
NCAPH	72.5303436740049	-1.11948097010196	0.0658220488822456	-17.0076895069719	7.20226273306971e-65	1.95164731985531e-64	NCAPH
NCAPH2	2041.06144382015	0.0880866694385512	0.0166670615098403	5.28507495976686	1.25653294520593e-07	1.65851661142777e-07	NCAPH2
NCBP1	1915.5085744294	-0.110960808320559	0.0172573768655387	-6.4297609761387	1.27804754775168e-10	1.79735421149047e-10	NCBP1
NCBP2	2668.86726373769	-0.18407441735032	0.0187836298634938	-9.7997255422963	1.12891968552162e-22	1.92531343051394e-22	NCBP2
NCCRP1	5830.04690940273	-9.04813627388859	0.164100673117975	-55.137715781237	0	0	NCCRP1
NCDN	1636.56920198375	0.989011078782166	0.0253249988859091	39.0527590243035	0	0	NCDN
NCEH1	818.90181886159	2.31681569886896	0.0484090140174714	47.8591796567638	0	0	NCEH1
NCF1	50.9341883805226	1.55102374825469	0.0582437419634801	26.6298780944949	3.06130246459472e-156	1.70450063919485e-155	NCF1
NCF1B	22.7021339460067	1.40281544320061	0.0659181432362283	21.2811735029215	1.69643046234166e-100	6.29638036136336e-100	NCF1B
NCF1C	35.4102431725456	1.43350202610045	0.0617271462458906	23.2232026471804	2.65452716242111e-119	1.14070526261023e-118	NCF1C
NCF2	551.399871569748	-0.617644244853722	0.0669387819174994	-9.22700155516655	2.78313574867828e-20	4.59036344254698e-20	NCF2
NCF4	334.717996455884	0.604079239688517	0.0531283664183269	11.3701828309959	5.88641600958174e-30	1.10445460275673e-29	NCF4
NCK1	1656.45201579404	-0.786245711042974	0.0183002669394946	-42.9636198008753	0	0	NCK1
NCK2	2936.9587972216	-0.364191744802568	0.0233881534715733	-15.5716331024259	1.13472646227785e-54	2.78400041535554e-54	NCK2
NCKAP1	11955.5587089215	-0.234852958387844	0.0313133575195047	-7.50008868392849	6.37746707926299e-14	9.52545510237413e-14	NCKAP1
NCKAP1L	479.403537663413	-0.368405405388135	0.0579889303679018	-6.35302984640076	2.11114734402537e-10	2.95718335847799e-10	NCKAP1L
NCKAP5	213.945775455794	0.149327017399159	0.0734564623751165	2.03286426504721	0.0420662382231838	0.0470448778737283	NCKAP5
NCKAP5L	1975.92933528865	1.23956814908316	0.0272803642561737	45.4381084300456	0	0	NCKAP5L
NCKIPSD	1780.03797073525	0.438339287068561	0.0265961867457204	16.481283247836	5.00119570472279e-61	1.30966720804066e-60	NCKIPSD
NCL	23686.7841264587	-0.648864189207756	0.026078445486093	-24.8812449175231	1.18753986891542e-136	5.74647988718992e-136	NCL
NCLN	3099.78588562885	0.0670079737192262	0.0212357802638543	3.15542790924812	0.00160262866259807	0.00190145785364012	NCLN
NCLP1	8.70046286732821	0.878915533508987	0.0640179145039306	13.7292122106699	6.7867429762814e-43	1.47243775239293e-42	NCLP1
NCMAP	58.1220995688721	-1.92574620873222	0.102683003632573	-18.7542839672187	1.78606865173014e-78	5.48652249143248e-78	NCMAP
NCOA1	5393.78012257271	-0.718621259876365	0.0278275123888489	-25.8241286477455	4.7521821316079e-147	2.48241528006598e-146	NCOA1
NCOA2	2615.86999231315	0.0646726534218463	0.0215831399148665	2.99644322730354	0.00273149094799614	0.00321285732846827	NCOA2
NCOA3	4715.26900236893	-0.379155795582406	0.0335657935680587	-11.2958984513094	1.37490757875744e-29	2.56793020597766e-29	NCOA3
NCOA4	10346.1255201326	0.251267452625471	0.0318188200198378	7.89681868997075	2.86112094625024e-15	4.36392460205479e-15	NCOA4
NCOA5	2049.71566351586	-0.292298261939842	0.0190457481987063	-15.3471661438691	3.69999665076276e-53	8.93648728168259e-53	NCOA5
NCOA6	3107.26835558961	-0.417433142925492	0.0179214719141379	-23.2923470195652	5.30020408848256e-120	2.28908286460592e-119	NCOA6
NCOA7	1610.52233376843	-0.828310147260064	0.0504663904718391	-16.4131046329194	1.54118876941309e-60	4.01257434744071e-60	NCOA7
NCOR1	6171.99674300654	-0.59738550386965	0.0216744267922452	-27.5617671274881	3.19847434663868e-167	1.92047153815353e-166	NCOR1
NCOR2	13933.3128372929	-0.393338536210655	0.0262979464516701	-14.9570057469516	1.40193284880143e-50	3.30749583371882e-50	NCOR2
NCR1	3.30831881595925	1.16892250937508	0.0941585945809186	12.4144005608593	2.18315831058074e-35	4.35977731847835e-35	NCR1
NCR3	7.1394227610568	0.343212368586197	0.0805560398950162	4.26054171770961	2.03932011278092e-05	2.56085115801669e-05	NCR3
NCR3LG1	151.092944451124	-0.486013434718517	0.045204303291494	-10.751486016376	5.83144621912125e-27	1.0532998534056e-26	NCR3LG1
NCS1	1219.27886180176	-0.675834571805099	0.0650502085611521	-10.3894297459441	2.77004290892778e-25	4.90493236313288e-25	NCS1
NCSTN	4356.61408976828	0.231674195440511	0.0140481492337915	16.4914389493557	4.22760190876209e-61	1.10821409581515e-60	NCSTN
NDC1	779.646489155085	-0.360248521756581	0.0194236647739322	-18.5468873124323	8.64134366416458e-77	2.61829367612568e-76	NDC1
NDC80	57.8266163504245	-0.133478977970392	0.0687258758980254	-1.94219391497384	0.0521136294705994	0.0579931654364651	NDC80
NDE1	1206.01475119093	-0.69184291005725	0.0475704012555287	-14.5435584270343	6.41684073350812e-48	1.47408818330628e-47	NDE1
NDEL1	4414.58008517861	-1.04717549528266	0.0365405789875853	-28.6578791112871	1.27872751403572e-180	8.46263749270477e-180	NDEL1
NDFIP1	4764.58508412128	0.212427912396963	0.0177287198382364	11.9821348825655	4.40823290452003e-33	8.58608531857444e-33	NDFIP1
NDFIP2	2895.70686161404	-1.13214240118029	0.0474809688535211	-23.8441301539771	1.16507397676856e-125	5.24312416395272e-125	NDFIP2
NDN	1299.89307953886	0.816783768875627	0.048092635595264	16.9835518217276	1.0870370112503e-64	2.94163458200793e-64	NDN
NDNF	315.459935177392	1.08228262152636	0.0468096932216098	23.1209082358763	2.85322946025101e-118	1.21852867174326e-117	NDNF
NDOR1	838.213014853085	-0.0121612988603679	0.0312151949281587	-0.389595480289551	0.696835694787885	0.711741905462819	NDOR1
NDP	24.0370760153908	-2.08270622440506	0.120098504007876	-17.3416500197911	2.28094091242313e-67	6.34217135689353e-67	NDP
NDRG1	14152.3175375552	-1.01938455538258	0.0675180613441478	-15.0979535710697	1.67037525632591e-51	3.97993712629024e-51	NDRG1
NDRG2	46460.4558392948	-1.16565309939362	0.0674880061795275	-17.2720038030583	7.64415141224063e-67	2.11338303750182e-66	NDRG2
NDRG3	1895.21206623865	0.730910910475925	0.0245959460387593	29.7167228015595	4.66958640550025e-194	3.3717298389655e-193	NDRG3
NDRG4	10513.015898551	4.78896722222095	0.074530015674104	64.2555509871564	0	0	NDRG4
NDST1	6006.34227379445	0.115982642329981	0.0301585132486805	3.84576790552019	0.000120175477383321	0.000147603627754992	NDST1
NDST2	1934.66824523068	-0.31697992580618	0.0269456885632549	-11.7636602628309	6.00723711322477e-32	1.15456198243817e-31	NDST2
NDST3	3.87041160582043	-1.98482524329177	0.115741360302962	-17.1487983042219	6.41656583124125e-66	1.75913191483664e-65	NDST3
NDUFA1	6624.29052996621	1.73768506767029	0.0588329425732291	29.5359197019153	9.95943166550666e-192	7.07496959000732e-191	NDUFA1
NDUFA10	11155.8913537983	0.771658492668268	0.032767918618487	23.549206821849	1.27906805038827e-122	5.62671162635369e-122	NDUFA10
NDUFA11	5613.79865772588	1.22754281116395	0.0291887990245741	42.0552695618096	0	0	NDUFA11
NDUFA12	3556.24438837228	1.0207018796135	0.0554946130151433	18.3928101153706	1.49999887050288e-75	4.49350635179271e-75	NDUFA12
NDUFA13	8566.50765822351	1.41234803505272	0.0449888891692345	31.3932631174754	2.50052002163426e-216	2.0685597844411e-215	NDUFA13
NDUFA2	1839.23860410936	0.783265461748599	0.0451719208074954	17.3396536553441	2.36155587883731e-67	6.56530770269503e-67	NDUFA2
NDUFA3	3053.91389578542	1.25584462870751	0.0569190669645978	22.0636896505808	7.05841961852332e-108	2.77723741099537e-107	NDUFA3
NDUFA4	20757.495619943	1.30127267247546	0.0664195525254766	19.5917109194063	1.81971170010158e-85	5.94062936407843e-85	NDUFA4
NDUFA4L2	4525.69737527663	0.856975827440871	0.0636969636416753	13.4539509961849	2.9185171065996e-41	6.21804076646934e-41	NDUFA4L2
NDUFA5	5866.83448951151	0.793314170062387	0.0645433223834043	12.2911889374069	1.01009382336604e-34	2.00249988044185e-34	NDUFA5
NDUFA5P11	3.0705482235623	0.90864174248588	0.0968784312777093	9.37919545663565	6.64780403564382e-21	1.10628751451996e-20	NDUFA5P11
NDUFA6	4830.30913150858	1.05272878600719	0.0531387174063292	19.8109558790707	2.3949402785322e-87	7.95999260595608e-87	NDUFA6
NDUFA7	2466.2690090117	0.44246324986381	0.0596636444272939	7.41596082691521	1.2074618785748e-13	1.79469253374825e-13	NDUFA7
NDUFA8	3702.22001538657	1.69065398280717	0.0525357117416512	32.1810426995089	3.25089165603226e-227	2.83523743702697e-226	NDUFA8
NDUFA9	6080.68728683404	0.872741952244403	0.0577468898372219	15.1132286899694	1.32485902469605e-51	3.15961675987725e-51	NDUFA9
NDUFA9P1	2.4373282827567	0.731260647272306	0.0892178245642417	8.1963514672537	2.47793132341151e-16	3.85059062091943e-16	NDUFA9P1
NDUFAB1	5365.49061793413	1.59489717491701	0.059445637113112	26.8295076370748	1.46305477888334e-158	8.27929867170041e-158	NDUFAB1
NDUFAF1	1465.59455667484	0.499283613380182	0.0562447072171863	8.87698839736548	6.86949640792395e-19	1.10933708476755e-18	NDUFAF1
NDUFAF2	990.480678651313	0.228706556147119	0.038884132023965	5.88174518094329	4.05963016418004e-09	5.53532817644334e-09	NDUFAF2
NDUFAF3	2600.47674745083	1.06621228341187	0.0432386293189597	24.6587900728006	2.96203304184722e-134	1.40945167291282e-133	NDUFAF3
NDUFAF4	1277.4764540101	1.09295415430217	0.0564998984594642	19.3443560803266	2.27427169545307e-83	7.31317698996975e-83	NDUFAF4
NDUFAF4P3	13.3908367746993	-0.70643307136602	0.0723397928066309	-9.76548375324163	1.58354452923485e-22	2.69452548168603e-22	NDUFAF4P3
NDUFAF4P4	0.341226222704294	0.259067779040382	0.227099765597194	1.14076638678654	0.253967151918783	0.271186540615139	NDUFAF4P4
NDUFAF5	1217.7802428902	0.468423194947108	0.0331662305061162	14.1234981425075	2.72139909532548e-45	6.06436062329214e-45	NDUFAF5
NDUFAF6	869.285076079717	0.212167057000832	0.0383895780672052	5.52668374290049	3.26340457311817e-08	4.36275868701821e-08	NDUFAF6
NDUFAF7	1020.51306134908	0.50498238447484	0.0412919148504564	12.2295705177077	2.16078055116514e-34	4.27008570661145e-34	NDUFAF7
NDUFB1	3378.37062644215	1.49874581220365	0.0586842748883208	25.5391382965171	7.24948285414764e-144	3.69264122403825e-143	NDUFB1
NDUFB10	9394.34663135428	0.85921905618681	0.0659573018322849	13.0268981950113	8.60345881360988e-39	1.77992026323171e-38	NDUFB10
NDUFB11	6483.48050292271	0.529073512028195	0.05556995138005	9.52085612617858	1.71758147291129e-21	2.88012893282498e-21	NDUFB11
NDUFB1P1	1.11602899524294	1.84751399587833	0.103448148485742	17.859323950423	2.44583728755115e-71	7.07496657772911e-71	NDUFB1P1
NDUFB2	3970.87819565107	1.25103266222733	0.0542464346894748	23.0620255393496	1.11415329810875e-117	4.73462547668922e-117	NDUFB2
NDUFB3	3111.40052296871	1.27232349857255	0.0674104248455991	18.8742839328895	1.85622707231683e-79	5.75110904109729e-79	NDUFB3
NDUFB4	7109.04211140742	0.923060990234155	0.0475940977897232	19.3944424435222	8.59800282893576e-84	2.77171649218611e-83	NDUFB4
NDUFB4P2	0.25629957280486	-0.0704888449868294	0.275408650364053	-0.255942741426795	0.797995050601986	0.809370571663644	NDUFB4P2
NDUFB5	4849.12447216578	1.02952165956974	0.0517162979828285	19.9071027843403	3.53156792145726e-88	1.18163111810692e-87	NDUFB5
NDUFB6	2358.33755032795	1.2806366553692	0.0450481787736198	28.4281560372235	9.0767275355409e-178	5.88157567916745e-177	NDUFB6
NDUFB7	5462.6572766118	0.980133265013802	0.0466442683029964	21.0129411538189	4.99435962700563e-98	1.81770051851452e-97	NDUFB7
NDUFB8	4309.98427605336	1.17550049840411	0.0359059278795262	32.7383406536165	4.44932941799439e-235	4.06766779346455e-234	NDUFB8
NDUFB8P2	4.19267547257904	-0.0640414982342993	0.0702399155435615	-0.911753633795046	0.361898423261276	0.381994459782235	NDUFB8P2
NDUFB9	10190.1754537976	0.436474920842693	0.0661554014056715	6.59772160048105	4.17524346896048e-11	5.92779853969222e-11	NDUFB9
NDUFC1	3641.41036676198	1.04339684129562	0.0545025951994389	19.1439845658279	1.08635700643224e-81	3.44347816037802e-81	NDUFC1
NDUFC2	4129.28499807869	0.0991599870289146	0.0396843280102673	2.49871906620819	0.0124643078015956	0.0142819862976781	NDUFC2
NDUFS1	13445.7146273181	0.832485360171371	0.0695330970277695	11.972505119956	4.951080413568e-33	9.63507011077162e-33	NDUFS1
NDUFS2	14105.9573647673	0.587101487549308	0.0562577829117866	10.4359158353235	1.69966773359621e-25	3.01673426074397e-25	NDUFS2
NDUFS3	5284.60877601462	0.626211368695501	0.0544286953795746	11.5051695494156	1.24244944008497e-30	2.35127548054768e-30	NDUFS3
NDUFS4	3213.65180572311	0.286800266845612	0.0466745603717065	6.14468062605398	8.01245657588811e-10	1.10896686777304e-09	NDUFS4
NDUFS5	9020.66341613922	1.25133587696792	0.046237419479975	27.0632723677381	2.66582810375741e-161	1.53658570911743e-160	NDUFS5
NDUFS6	3634.27635580763	1.33652527015323	0.0485536420728913	27.5267768408963	8.39572713785786e-167	5.02264819569888e-166	NDUFS6
NDUFS7	2872.5132695141	0.710168784947175	0.0633146931269462	11.2164925686884	3.38428242172537e-29	6.29538781373136e-29	NDUFS7
NDUFS8	5752.9489743358	1.17156772363415	0.0519461260913881	22.5535148005653	1.24032921011479e-112	5.08591483172582e-112	NDUFS8
NDUFV1	14446.6419524511	0.889847122819668	0.0469463845092812	18.9545399953802	4.05080290300523e-80	1.26243945735798e-79	NDUFV1
NDUFV2	8369.63132770111	0.661309175989647	0.0581750880093476	11.3675664037395	6.0655175179177e-30	1.13794039437245e-29	NDUFV2
NDUFV2P1	76.0309389564716	0.542176006777602	0.067000653984582	8.09210021893766	5.86446249616064e-16	9.0599201333151e-16	NDUFV2P1
NDUFV3	4381.43756096145	0.639146042484606	0.0511203544557647	12.5027701644297	7.20945187669753e-36	1.44695443452372e-35	NDUFV3
NEAT1	115555.702938314	-1.02206611566893	0.0394329528715501	-25.9190864807472	4.05851743828363e-148	2.13368494177989e-147	NEAT1
NEB	314627.496968481	-8.99435641369843	0.16134511284694	-55.7460728434392	0	0	NEB
NEBL	15808.1409310174	5.42057378531964	0.0856938919115124	63.2550776304679	0	0	NEBL
NECAB1	132.958100951345	2.07627914749874	0.0580785948602955	35.7494728047933	6.74172158497456e-280	7.90089389655775e-279	NECAB1
NECAB2	23.2315733736721	1.70981669308715	0.0775072648364665	22.0600829702185	7.64425330573006e-108	3.00642787320181e-107	NECAB2
NECAB3	2621.37993237667	0.595123493831219	0.0541251147748782	10.9953299185878	4.02439092164973e-28	7.38064641865307e-28	NECAB3
NECAP1	1446.72335900368	0.0390810031687068	0.0172056000947968	2.27141180507417	0.0231220604407982	0.0262020906512313	NECAP1
NECAP2	2125.96148449061	-0.309106041198286	0.0526416471355093	-5.87189151590546	4.30850663655803e-09	5.87155938865024e-09	NECAP2
NEDD1	1110.69915151976	-0.701362628102095	0.0394946582559949	-17.7584174435953	1.48358917255523e-70	4.25459434366205e-70	NEDD1
NEDD4	5671.00404001162	-2.96275251991168	0.0828161261531266	-35.775067701592	2.69734814871142e-280	3.16731663567869e-279	NEDD4
NEDD4L	3135.8541967203	-0.281810213439814	0.0553666448969407	-5.0898914674056	3.58268511627534e-07	4.68555033261206e-07	NEDD4L
NEDD8	4867.19356073879	0.444944109121125	0.0246559336649427	18.0461269553857	8.46206186759456e-73	2.47643595640659e-72	NEDD8
NEDD9	5116.07418829904	-0.0200400088911062	0.0510221257450442	-0.392770951787573	0.694488661119912	0.709666802271772	NEDD9
NEFH	41.5106111584714	-0.537947728825216	0.0493681904158967	-10.8966466928064	1.195835223916e-27	2.17942997526698e-27	NEFH
NEFL	58.779065358622	-2.2940409183046	0.113775093970569	-20.1629446150842	2.07177957462779e-90	7.06327729599901e-90	NEFL
NEFM	70.8844934558123	-1.99289646561001	0.0907517400057026	-21.959870581928	6.96972559832883e-107	2.71798159652334e-106	NEFM
NEGR1	1179.05168853381	0.357984536730379	0.0452593419632466	7.90962752001752	2.58160140288889e-15	3.94092663275126e-15	NEGR1
NEIL1	938.380806527277	-0.21488585995219	0.0394783073721847	-5.44313761799201	5.23501712401929e-08	6.96802301460154e-08	NEIL1
NEIL2	1339.45886049707	-0.252015284993543	0.0290623069326849	-8.67155128384229	4.26272557596147e-18	6.79898308460769e-18	NEIL2
NEIL3	20.4453719825491	-2.39370565355865	0.15203362919941	-15.7445801048334	7.48261409343787e-56	1.85862475915517e-55	NEIL3
NEK1	792.028273279226	0.460427369531668	0.0243157766865168	18.9353346786976	5.83437298521242e-80	1.81671939295639e-79	NEK1
NEK10	456.370431734038	0.104534400196023	0.0960221121097702	1.08864924858685	0.276308590187529	0.294344356253149	NEK10
NEK11	222.264242358418	-0.748642907466032	0.0425236594731152	-17.60532646395	2.24211111117905e-69	6.36295792406338e-69	NEK11
NEK2	42.7561710948461	-1.88527291727223	0.127952094518954	-14.734209114435	3.88721431991286e-49	9.04053552619526e-49	NEK2
NEK2P4	0.158480128048831	0.288973352541959	0.371951089274161	0.776912236245556	0.437210551514463	0.457810897435394	NEK2P4
NEK3	741.307183047499	0.165738865400043	0.0333506218335895	4.96958846006032	6.70951554864632e-07	8.72673333751318e-07	NEK3
NEK4	673.908778237172	-0.226273413242863	0.0300107167624472	-7.53975371644576	4.70859861877784e-14	7.05132842463606e-14	NEK4
NEK5	45.7113789285536	0.453876139370517	0.0482268594436974	9.41127298368652	4.90163965217875e-21	8.17363736719496e-21	NEK5
NEK6	631.385930095047	-0.609672379748826	0.0437098510372687	-13.9481687830278	3.2278707643811e-44	7.1085027684884e-44	NEK6
NEK7	5350.99776912877	1.5269257116314	0.0401956579063221	37.9873297556161	0	0	NEK7
NEK8	174.425765351979	-0.913462232708085	0.0545003972313394	-16.7606527495696	4.73398132793071e-63	1.26377573608306e-62	NEK8
NEK9	7472.57882829983	0.0803280062879849	0.0320018749970763	2.51010312037415	0.0120695909994366	0.013838516406424	NEK9
NELFA	1719.50594131779	-0.610306852915315	0.0247508819235548	-24.6579840993262	3.02158780321763e-134	1.43741020205393e-133	NELFA
NELFB	4086.57917682158	-0.00555696649849305	0.0179572284588361	-0.30945568862319	0.756974914320762	0.770065297128457	NELFB
NELFCD	12.2915131665665	-0.846460614642257	0.0294352427135719	-28.7567057924063	7.46746019200438e-182	4.97489825744896e-181	NELFCD
NELFE	2729.67081838478	0.0590964255752096	0.018408594427222	3.21026278289992	0.00132613676110741	0.00157882194687133	NELFE
NELL1	24.6012537716389	-3.92235680847561	0.17535184572011	-22.3684945679803	7.97839418024896e-111	3.22449648941764e-110	NELL1
NELL2	518.844133595284	-5.02728522207686	0.118410506533606	-42.4564117597966	0	0	NELL2
NEMF	1994.5277197731	-0.494264910642176	0.0246572171265586	-20.0454458467577	2.21191124356542e-89	7.47449113861857e-89	NEMF
NENF	2886.82605806751	0.863189390506505	0.0266963474611367	32.333613868455	2.35806281738747e-229	2.08792369777629e-228	NENF
NEO1	4149.21192271011	-1.88198155530076	0.0422009345695535	-44.5957316940213	0	0	NEO1
NES	8821.11846666514	1.79358590554747	0.060281831413966	29.7533413215434	1.56986387771898e-194	1.13764571911511e-193	NES
NET1	3557.2567322664	-1.87798921030912	0.0305654318224014	-61.4416057074232	0	0	NET1
NETO1	30.861539403078	-1.25119698263998	0.13041781107706	-9.59375849285408	8.49334187945076e-22	1.43087175640611e-21	NETO1
NETO2	165.256221384199	0.879249437792382	0.0571351604425371	15.3889379321281	1.94193587530221e-53	4.70291775747546e-53	NETO2
NEU1	1684.29958490218	0.0782143019846067	0.0179054789882127	4.36817702760679	1.25287922680806e-05	1.58122968251924e-05	NEU1
NEU2	20.0459685725813	-6.33514430736975	0.259996978006947	-24.3662228535613	3.9023253106221e-131	1.81795439742517e-130	NEU2
NEU3	2093.23287301083	-0.68517409687968	0.0601149772061379	-11.3977269679431	4.29178414017431e-30	8.06434303833796e-30	NEU3
NEU4	168.049473521099	-2.75966372951102	0.131944370984993	-20.915357805032	3.88106598467378e-97	1.39894010392697e-96	NEU4
NEURL1B	3616.95287835481	1.18714758370821	0.0367909389532279	32.2673902184835	2.00643359502982e-228	1.76528891222541e-227	NEURL1B
NEURL2	50.9987078964126	0.234340914530624	0.0502505170618944	4.66345280073402	3.10947528914207e-06	3.98644431876977e-06	NEURL2
NEURL4	3221.06993937548	-0.134341863888851	0.0262463372991145	-5.11849948272146	3.07976082344248e-07	4.03543271093231e-07	NEURL4
NEXN	20213.8703205868	0.662194055578699	0.109197982541321	6.0641601627404	1.32644923895475e-09	1.82828581549958e-09	NEXN
NF1	3212.69979419738	0.0410442573056857	0.0175662949312501	2.33653467998358	0.0194633923261881	0.0221229099743456	NF1
NF1P8	0.11134288619131	0.489024272304226	0.404205496579645	1.20984072815019	0.226340014620657	0.242491763075018	NF1P8
NF2	2452.68149781533	0.591606912059718	0.0371054397492864	15.9439401892844	3.13920607352876e-57	7.90002076465696e-57	NF2
NFAM1	149.745180680157	0.493192095031954	0.0603397149035932	8.17359007777786	2.99345676874982e-16	4.64647885610636e-16	NFAM1
NFASC	2023.72095189225	1.77666394286557	0.0407340262135778	43.6162124890409	0	0	NFASC
NFAT5	3415.06281705498	-0.837882311679574	0.0291052889535082	-28.7879743443873	3.03375577470948e-182	2.02712092429641e-181	NFAT5
NFATC1	2411.85618994149	-0.802627806016284	0.0441586367285066	-18.1760096207442	7.99435547978789e-74	2.3575752456039e-73	NFATC1
NFATC2	843.384725265377	-1.30376971039385	0.0418758630041346	-31.1341574086514	8.31133436388317e-213	6.73019927504548e-212	NFATC2
NFATC2IP	2591.98872784571	-0.198708062464429	0.0135922996304206	-14.619164370075	2.11986173155211e-48	4.89226038841916e-48	NFATC2IP
NFATC3	1564.68683148689	-1.48389132011462	0.046686106815693	-31.7844305581682	1.06240718680796e-221	9.04226561216557e-221	NFATC3
NFATC4	3252.94767486467	0.245180392110152	0.0533379372087762	4.59673554960446	4.29161751071719e-06	5.48013100733632e-06	NFATC4
NFE2	128.757117556718	-0.271446129391252	0.079463827622664	-3.41597098342935	0.000635550187940324	0.00076423105765623	NFE2
NFE2L1	63804.8198589339	-0.597782962228822	0.0759443292215346	-7.87133112315799	3.50887561877904e-15	5.34150274956799e-15	NFE2L1
NFE2L2	6276.50201746242	-0.627424156422618	0.0285596647723089	-21.9688907914269	5.71470998926005e-107	2.23001288785325e-106	NFE2L2
NFE2L3	417.361747478245	-0.958429927191815	0.0502144082334534	-19.0867514107893	3.25385565133854e-81	1.02597049535374e-80	NFE2L3
NFIA	3232.30204109931	0.484042522334845	0.0231363473516378	20.9213025279282	3.42627366296691e-97	1.23575139665533e-96	NFIA
NFIB	5934.60825060782	0.377632709116878	0.0285212874344251	13.2403808904179	5.12880596497598e-40	1.07590765849589e-39	NFIB
NFIC	22379.2063876897	-0.897411304395132	0.0537547557991736	-16.6945471345426	1.43604656190943e-62	3.81948495285634e-62	NFIC
NFIL3	5952.37970352588	-1.28021805334267	0.0531062106389136	-24.1067483057168	2.12386675832313e-128	9.71828304945974e-128	NFIL3
NFIX	15869.9919568836	-1.49006820309421	0.0448953740780675	-33.1897936857183	1.51114168615566e-241	1.42867970023572e-240	NFIX
NFKB1	2910.48243726357	-0.705179412658322	0.0187719749952811	-37.5655418694938	0	0	NFKB1
NFKB2	2360.70237696471	0.119898479490717	0.0384590877034161	3.11755911672514	0.00182355370548512	0.00215888130565194	NFKB2
NFKBIA	9486.6336683484	-0.502954761498454	0.0398791395123824	-12.6119762775294	1.81386756212773e-36	3.66047421366157e-36	NFKBIA
NFKBIB	1616.20265142882	-0.138212400618307	0.0327262618058379	-4.2232871397995	2.40764758581964e-05	3.01769002871044e-05	NFKBIB
NFKBID	276.240073341703	-0.221700982155969	0.0609313666637932	-3.63853618086838	0.000274192111622725	0.000333450358148944	NFKBID
NFKBIE	392.20447776893	-0.365982281146684	0.0462108446956033	-7.91983534508956	2.3782530719771e-15	3.63266300794738e-15	NFKBIE
NFKBIL1	931.473082478134	-0.290416986904381	0.0202347222860096	-14.3524078462484	1.02901568180903e-46	2.33291074159248e-46	NFKBIL1
NFKBIZ	3115.97834566439	-0.697003962917656	0.0707039239463441	-9.85806620077549	6.32558995757624e-23	1.08341526951789e-22	NFKBIZ
NFRKB	2482.94690511807	-1.04070032396052	0.0200447376916602	-51.9188796565552	0	0	NFRKB
NFS1	1754.18413053731	0.558898851777973	0.0271734052253466	20.5678621116152	5.32627250618569e-94	1.87298752459169e-93	NFS1
NFU1	1946.63291803111	0.548770506189543	0.0509511162028391	10.7705296191129	4.74265124378507e-27	8.57669932081324e-27	NFU1
NFX1	4198.92550423823	-0.667948522692126	0.0250884617192142	-26.6237336576349	3.60628194627863e-156	2.00669803137439e-155	NFX1
NFXL1	462.085396791339	-0.764813098094632	0.0208886393178592	-36.613830439436	1.72319574286522e-293	2.15711033152411e-292	NFXL1
NFYA	1249.01968964141	-0.191767407397377	0.020488981741253	-9.3595382054184	8.00859490441873e-21	1.33114235341128e-20	NFYA
NFYB	2159.06919871518	0.240603797934108	0.028367299989566	8.48173065545917	2.21868704332379e-17	3.50338469007645e-17	NFYB
NFYC	3256.2236668948	-0.0153028182881551	0.0228203699453075	-0.67057713458768	0.502489952879339	0.523123106921576	NFYC
NGDN	1639.68910724234	-0.669127415858426	0.0172715020588901	-38.7417037369954	0	0	NGDN
NGEF	595.337839742726	-4.27870363003471	0.107021082442461	-39.9800070452018	0	0	NGEF
NGF	195.336625028014	3.43394118773851	0.0634854599467806	54.0901994034093	0	0	NGF
NGFR	1606.64224438295	0.604852618421047	0.0706514865171137	8.5610742001095	1.11820706408415e-17	1.7723734578303e-17	NGFR
NGLY1	2155.37995601633	-0.629773997145894	0.0492387046374696	-12.7902226872689	1.85940349168315e-37	3.7944816068233e-37	NGLY1
NGRN	14001.8016889451	-0.530167269117898	0.0635923014579302	-8.33697251024375	7.62167718319663e-17	1.19302444325846e-16	NGRN
NHEJ1	1013.9526378545	-0.880362436718474	0.031432834981884	-28.0077325900086	1.30806745283143e-172	8.22155105391711e-172	NHEJ1
NHLRC1	161.662388476321	-1.23079218659539	0.0452656297969404	-27.1904354830953	8.42728452118231e-163	4.92051730995143e-162	NHLRC1
NHLRC2	3503.15488931934	0.809270773330387	0.0295299906326736	27.4050467335728	2.38786935056731e-165	1.41534528085486e-164	NHLRC2
NHLRC3	1099.06771257861	-0.393797027889531	0.0276882096145851	-14.2225529700589	6.63861615246481e-46	1.49079003693262e-45	NHLRC3
NHLRC4	42.0779304229814	0.791238951135464	0.0641818001181757	12.3280891105981	6.39451860563312e-35	1.27036452290036e-34	NHLRC4
NHP2	1408.56631065582	-0.275966129026426	0.0217650770405587	-12.6793086241859	7.70081134860074e-37	1.56123780928215e-36	NHP2
NHP2P1	4.24856899905325	-0.0650975034905056	0.0794425806624039	-0.819428358793396	0.412542060598341	0.433113824380657	NHP2P1
NHS	494.091667398451	-1.27089195081032	0.0605524844816176	-20.9882709469359	8.39442644439165e-98	3.05145538015941e-97	NHS
NHSL1	1394.70457882294	0.841760954796567	0.0827129740981875	10.1768914003421	2.51466419285612e-24	4.3948029257867e-24	NHSL1
NHSL2	841.267628138932	0.470231067673846	0.0509436250788421	9.23042023307333	2.69572196215834e-20	4.4470024780803e-20	NHSL2
NICN1	1463.04433398796	0.155353139110613	0.0258632060111565	6.00672395539821	1.89309421519424e-09	2.5995567142964e-09	NICN1
NID1	9076.34611431178	0.376750783968863	0.0572842215875299	6.576868350968	4.80459809255636e-11	6.8164856765532e-11	NID1
NID2	723.948634773855	1.80595327635985	0.0613690067791114	29.4277742323598	2.42380306930207e-190	1.70366571848913e-189	NID2
NIF3L1	857.666131166637	-0.189462650296837	0.0241886694722791	-7.83270243590566	4.77493495468669e-15	7.25408086077434e-15	NIF3L1
NIN	2796.48739270446	-0.189074844522133	0.0270982961703539	-6.977370213002	3.00756435276892e-12	4.36219208075041e-12	NIN
NINJ1	2449.40286081795	0.0906395427477173	0.0355469155935231	2.54985675224751	0.0107767188851248	0.0123829769341971	NINJ1
NINJ2	443.504313539942	-0.625588248306893	0.0538563183046164	-11.6158747571363	3.42267320755646e-31	6.52319114973255e-31	NINJ2
NINL	554.438749226652	0.811408588050489	0.052376792241233	15.4917579586273	3.9435801723367e-54	9.62032615289782e-54	NINL
NIP7	693.429233466574	-0.37518898934039	0.0266615743147369	-14.0722743867758	5.62314191311299e-45	1.24826954714449e-44	NIP7
NIPA1	710.548263407528	0.357206081192412	0.0214373919820851	16.6627583005864	2.4448439905668e-62	6.48440204423058e-62	NIPA1
NIPA2	948.051915360921	-0.210274707052421	0.0214964089255311	-9.78185276344829	1.3472143064733e-22	2.29499429647259e-22	NIPA2
NIPAL1	894.630908062464	-5.58907716632078	0.111751992243186	-50.013221725464	0	0	NIPAL1
NIPAL2	2147.00339490867	-0.888281895857294	0.0692228179165262	-12.8322123050299	1.0822896165367e-37	2.21540770835538e-37	NIPAL2
NIPAL3	1246.28641864075	0.730489524314176	0.0458647581821379	15.9270331572067	4.11420031393573e-57	1.03377610065825e-56	NIPAL3
NIPAL4	2124.80965380965	-7.27450052708004	0.149708778869427	-48.5910083698213	0	0	NIPAL4
NIPBL	4125.75472604699	-0.54119902935683	0.0157483721498231	-34.3653949886438	8.29511097874294e-259	8.65624885381749e-258	NIPBL
NIPSNAP1	836.949170483609	0.509552249675762	0.0564297249711723	9.02985527461053	1.71898986069621e-19	2.80463486652701e-19	NIPSNAP1
NIPSNAP3A	958.033859481857	0.25360066158517	0.032111102970344	7.89760045985903	2.84323827374344e-15	4.33701653806082e-15	NIPSNAP3A
NIPSNAP3B	1441.63199315697	0.631711774010316	0.0667814649009519	9.45938779491062	3.09751383894066e-21	5.17574924485017e-21	NIPSNAP3B
NISCH	9515.2482227303	-0.197113742416854	0.0301795155864513	-6.53137529170103	6.51684729147096e-11	9.21449753309e-11	NISCH
NIT1	1480.54208204806	0.220513322829015	0.0180552202251874	12.2132723987157	2.64050975373152e-34	5.21353691750806e-34	NIT1
NIT2	2466.04550718137	-0.397488911483836	0.0215515625226185	-18.443623800672	5.86738538727548e-76	1.76295784270315e-75	NIT2
NKAIN2	41.5187286951302	-1.89000628588458	0.0890946729488405	-21.21346005692	7.17374840665464e-100	2.65054690205645e-99	NKAIN2
NKAIN4	8.77970078775341	-1.27571449060464	0.0931445637215776	-13.6960702764998	1.07169483044267e-42	2.32065182759514e-42	NKAIN4
NKAP	837.239594181803	-0.334199003249814	0.0187006548844632	-17.8709786001918	1.98481773658127e-71	5.74693647678936e-71	NKAP
NKAPL	164.314097441935	0.941619914685981	0.0678956675237157	13.86863034165	9.81327668797722e-44	2.15005834542695e-43	NKAPL
NKAPP1	67.2031839653395	-0.301685112257681	0.0380234671446299	-7.93418209628703	2.11887020981517e-15	3.23921720992635e-15	NKAPP1
NKD1	632.362752717659	-2.5342100320113	0.0714637321964526	-35.4614845058022	1.92982000304914e-275	2.20283385382927e-274	NKD1
NKD2	406.611740186076	0.337853399587025	0.0974640749455461	3.46644032455842	0.000527398793761229	0.000636051566829417	NKD2
NKG7	91.7877995572658	0.950786532505393	0.0722196259504453	13.1652098718677	1.39150433296588e-39	2.90417037654711e-39	NKG7
NKIRAS1	1063.12414262676	-0.273086621895223	0.0363011552516499	-7.52280802090481	5.36121182788245e-14	8.02220898700848e-14	NKIRAS1
NKIRAS2	3038.11186249629	0.384584144211783	0.0270008010887448	14.2434345909869	4.92459758019661e-46	1.10823454233178e-45	NKIRAS2
NKPD1	712.992160061528	-6.20216899734528	0.125522122893123	-49.4109632182225	0	0	NKPD1
NKRF	483.393035281052	-0.245881835649279	0.021697430981987	-11.3323017758834	9.07870570791555e-30	1.69916595392169e-29	NKRF
NKTR	9784.30541070008	-0.120008116844603	0.0283610977180516	-4.2314341298651	2.32205999189989e-05	2.91203858953531e-05	NKTR
NKX2-1	4.27442960843314	0.949176949358087	0.130409364378515	7.27844165088552	3.37698232800456e-13	4.97985245239699e-13	NKX2-1
NKX2-5	2075.12746019045	11.1540406350744	0.0935377183948103	119.24644759876	0	0	NKX2-5
NKX3-1	217.212307140002	0.323369691559412	0.0678791764353701	4.7639012218615	1.89885484956724e-06	2.44606312774152e-06	NKX3-1
NLE1	704.234428102704	-0.874050144076435	0.0254296909470812	-34.3712452461699	6.78309063355693e-259	7.08250664122148e-258	NLE1
NLGN1	113.55114531599	2.04284899230719	0.0537207954075491	38.0271546020355	0	0	NLGN1
NLGN2	2506.93336876221	-0.0497062079120583	0.0315622762112589	-1.57486131796563	0.115288459059456	0.125990016484293	NLGN2
NLGN3	109.832650046836	0.00459213522699941	0.0494815319726902	0.0928050333917288	0.926058452203102	0.930555889143019	NLGN3
NLGN4X	176.525482351683	1.3110910848247	0.0685206749415465	19.1342406644879	1.30973639872681e-81	4.14788263783979e-81	NLGN4X
NLGN4Y	117.712402266654	-0.81461491449421	0.127719992141608	-6.37813157388089	1.79261478895974e-10	2.51491378817429e-10	NLGN4Y
NLK	860.289025318904	0.839015182530457	0.0207393735573986	40.455184444621	0	0	NLK
NLN	1514.72655813357	-1.37809743137465	0.0507679266707888	-27.145040614148	2.89745228520541e-162	1.6819425535628e-161	NLN
NLRC3	181.834704097622	0.964177187691078	0.0328573029751117	29.3443801039121	2.81851561772786e-189	1.96804110297592e-188	NLRC3
NLRC4	91.3373383241036	0.991856185568216	0.0532668666663431	18.6205092892187	2.19120243856503e-77	6.67069763176208e-77	NLRC4
NLRC5	2028.77890083664	-0.264350890170289	0.0557654081869544	-4.74040984841443	2.13286337829738e-06	2.74279709049372e-06	NLRC5
NLRP1	4538.3647431189	-0.485236268079052	0.0556056119454606	-8.72639021678214	2.62930345240969e-18	4.20936423397606e-18	NLRP1
NLRP10	307.864349711219	-9.47215532329988	0.24866442357522	-38.0921210485689	0	0	NLRP10
NLRP11	0.900448179172827	0.269656427758091	0.137002774407427	1.96825523369454	0.0490386779490965	0.0546625327736508	NLRP11
NLRP12	16.0445976336629	1.3795422748468	0.0597029334780967	23.1067754041418	3.95794404766355e-118	1.68951744847028e-117	NLRP12
NLRP14	1.90326342910578	-0.396213482071677	0.125650180268623	-3.15330611722663	0.00161432424271787	0.00191495556462368	NLRP14
NLRP2	155.830064984356	-3.3649945376433	0.122143457646161	-27.5495274367571	4.48343524611977e-167	2.68662842428102e-166	NLRP2
NLRP3	96.7190310220602	-0.222155203694299	0.0580156388531662	-3.82922963679776	0.000128545017625854	0.000157764973224449	NLRP3
NLRP6	18.2217062748173	-0.441865038154046	0.0793595713884816	-5.5678858948346	2.5784857673731e-08	3.45300716399964e-08	NLRP6
NLRP7	1.69886746149762	0.197544895113945	0.113307827721546	1.74343555150851	0.0812575627952263	0.0896053288334273	NLRP7
NLRP9	2.41369563547913	-1.2752131699036	0.100153568332516	-12.7325784905617	3.89751689283746e-37	7.92580225801708e-37	NLRP9
NLRX1	2307.09160120287	0.00168467184565533	0.0398073291743872	0.04232064498161	0.966243087713045	0.968664614720569	NLRX1
NMB	302.328246157493	-1.0368694271749	0.078979353275641	-13.1283605673015	2.26507232522325e-39	4.71261753656307e-39	NMB
NMD3	2210.03087521446	0.204359803153433	0.0202001201749223	10.1167617511077	4.65564506388207e-24	8.10583874600455e-24	NMD3
NMD3P1	0.979677445787669	0.0590947745240876	0.121979885767972	0.484463271563451	0.62805712427253	0.645705425440048	NMD3P1
NME1	1410.53584591519	-0.302893163049006	0.038698271440556	-7.82704631947907	4.99465112025821e-15	7.58595298816807e-15	NME1
NME2P1	10.2331015386183	-0.460915006857784	0.0485884096279649	-9.48611017291882	2.39816552533972e-21	4.01276981052615e-21	NME2P1
NME3	1512.92368943332	0.389727022529832	0.0306825753067512	12.7019006270989	5.7710887379652e-37	1.17146333301885e-36	NME3
NME4	2101.94855890002	1.16567476531813	0.036934140279417	31.5609015533995	1.27072170269467e-218	1.06490974721633e-217	NME4
NME5	44.8219420360061	1.63965579369871	0.0654519327936919	25.0512967870176	1.68995749040931e-138	8.29586168117205e-138	NME5
NME6	780.273858804514	-0.0218496942484764	0.0233064339557224	-0.937496242024262	0.348503355919502	0.36830910056402	NME6
NME7	233.585081056159	0.342981440342934	0.0262821467803636	13.049978116673	6.35656585488993e-39	1.31688965305413e-38	NME7
NME8	6.97316661828843	0.358907926998626	0.0841884097058885	4.2631512847489	2.0156395280077e-05	2.53129113601693e-05	NME8
NME9	102.408888924094	-1.58572489747548	0.0557319907020583	-28.4526871819943	4.51397075126445e-178	2.93237053386905e-177	NME9
NMI	361.232801912344	-0.132687862397146	0.04022755684722	-3.29843204003368	0.000972264120231197	0.0011625964147922	NMI
NMNAT1	797.310563865885	0.40258565075947	0.0545208075345946	7.38407351182428	1.53518613684128e-13	2.27710000406063e-13	NMNAT1
NMNAT2	352.82916030886	-0.543403045498396	0.0787448087484583	-6.90081103929325	5.17064742637249e-12	7.46765278579358e-12	NMNAT2
NMNAT3	783.512285251649	-0.779030385788243	0.039784316585451	-19.5813439226736	2.23057213631505e-85	7.27796429686553e-85	NMNAT3
NMRAL1	928.867371246479	0.138619406434286	0.0574411511191622	2.41324213971127	0.0158113114653429	0.0180412916891251	NMRAL1
NMRK1	1214.65984929245	-0.797412348877996	0.0240170760000617	-33.2018913907733	1.01096787160527e-241	9.57812245092974e-241	NMRK1
NMRK2	12346.8565743276	2.79459455320854	0.164370948294596	17.0017547638643	7.96980905860408e-65	2.15833508144926e-64	NMRK2
NMT1	6032.77227922504	-0.171408472379475	0.0247672562254946	-6.92076953615204	4.49196760419775e-12	6.49685913893328e-12	NMT1
NMT2	1299.13312634981	-0.235607612052715	0.035974008394676	-6.54938447414117	5.77747141994425e-11	8.17997978845497e-11	NMT2
NMU	237.452099160452	-6.63190829316764	0.203278065819509	-32.6248100916905	1.82468650057816e-233	1.65222241936154e-232	NMU
NMUR1	67.1877859305108	-0.768403920512183	0.0889679932555841	-8.6368579574987	5.77801512339634e-18	9.19791742450102e-18	NMUR1
NNAT	497.124215463273	-2.73910906298985	0.0762604280845662	-35.9178296239357	1.60955052418046e-282	1.91118199114594e-281	NNAT
NNMT	11090.8548195275	-2.16803694181382	0.0728962237996062	-29.7414163424133	2.23921589848488e-194	1.62205735970327e-193	NNMT
NNT	12746.370963467	0.865900785915742	0.0815738604426681	10.6149296014293	2.5398581433385e-26	4.5537835097845e-26	NNT
NNT-AS1	1510.38825077291	0.919680240075006	0.0650134156441439	14.1460071119621	1.97666386388617e-45	4.41244124675285e-45	NNT-AS1
NOA1	1477.97662913652	-0.78257781837059	0.0283211242577495	-27.6323005841286	4.55486395750652e-168	2.75511109203881e-167	NOA1
NOB1	1276.86779554718	-1.07327693223572	0.0218141176456615	-49.2010242939704	0	0	NOB1
NOC2L	4786.14627088184	-0.649859828991884	0.028300569181476	-22.9627830035746	1.09813736712006e-116	4.6391858121399e-116	NOC2L
NOC3L	961.640282606381	-0.754819979643055	0.0214833900454118	-35.1350498244229	1.96661352670672e-270	2.18659728809436e-269	NOC3L
NOC4L	1115.51795452685	-0.604064183370205	0.0223394071589926	-27.0402960593805	4.96747626847995e-161	2.85503002263434e-160	NOC4L
NOD1	945.16385105618	0.424030754975163	0.0417808049905697	10.148936935774	3.34992473761472e-24	5.84321658932196e-24	NOD1
NOD2	734.758735886994	-2.91927693073367	0.0951219346650285	-30.6898397411059	7.77723335158021e-207	6.08951620538475e-206	NOD2
NODAL	87.5020466606538	-2.24740190475425	0.0661189434314594	-33.9902876258748	3.10021735298304e-253	3.13170665381862e-252	NODAL
NOG	87.2719080846144	-3.32575290148984	0.0947265904021757	-35.1089687422493	4.91884839885166e-270	5.46231894063718e-269	NOG
NOL10	1135.06523060262	-0.365860378123934	0.0218913574497472	-16.7125487290492	1.06197807501252e-62	2.82916491465153e-62	NOL10
NOL11	1984.59308959102	-0.390794293792945	0.0211584242314723	-18.4699148442092	3.6065266625816e-76	1.08618180446932e-75	NOL11
NOL12	920.687987881566	0.317387732828247	0.0209795276102835	15.1284499214688	1.05142905253539e-51	2.5098494065362e-51	NOL12
NOL3	4181.44168341747	0.0146658688122161	0.0389680016375307	0.376356707963469	0.706651726057789	0.721235908644682	NOL3
NOL4	8.17692582428002	0.991809537735788	0.0992990260671623	9.98810942078085	1.71827575802708e-23	2.96754119929439e-23	NOL4
NOL6	3414.17853007561	-0.532949922381774	0.024654866876037	-21.6164185781822	1.25874506615016e-103	4.78940391793893e-103	NOL6
NOL7	1918.07991072186	0.257835124990487	0.0156605203406421	16.4640203123619	6.6531055091507e-61	1.7397233043321e-60	NOL7
NOL8	1784.69725776111	-0.390325846143067	0.016994652433691	-22.9675686317224	9.8364034347819e-117	4.15645770491805e-116	NOL8
NOL9	1382.01472312042	-0.339387245961131	0.0226427326668443	-14.9887935769385	8.69176912692273e-51	2.05436628221817e-50	NOL9
NOLC1	4650.96802554375	-0.623594395127733	0.034698330521178	-17.971884691891	3.23534186868785e-72	9.42690012597118e-72	NOLC1
NOM1	1355.39061154176	-0.673512353249256	0.0174719715593279	-38.5481598892417	0	0	NOM1
NOMO1	3406.34108370556	-0.0720203443171614	0.0464521156665715	-1.55042118714497	0.121040456501793	0.13211552616352	NOMO1
NOMO2	721.503507588984	0.496988361218799	0.0475981453921123	10.4413387774801	1.60530589460792e-25	2.85065713809186e-25	NOMO2
NOMO3	356.879369564326	-0.179605221030715	0.0628802318352281	-2.85630659729999	0.00428601033883629	0.00500502576123205	NOMO3
NONO	11079.8683882103	-0.475569590809197	0.0119402289491091	-39.8291852556713	0	0	NONO
NONOP2	58.7535818851647	-1.00949994932051	0.0455911791161099	-22.1424400266016	1.2337373676056e-108	4.88528516371939e-108	NONOP2
NOP10	1958.36289871844	0.387786875304109	0.026899998735035	14.4158696483152	4.11226568996819e-47	9.3619444397518e-47	NOP10
NOP14	2321.6049054389	-1.09250507587189	0.0328602648085697	-33.246995489427	2.25596894888358e-242	2.1441233922309e-241	NOP14
NOP16	1072.97534744442	-0.540899137485257	0.0470679478369332	-11.4918784936025	1.44925748337583e-30	2.74034495359751e-30	NOP16
NOP2	2378.91929805576	-0.637284567544408	0.0350537233529455	-18.1802247118738	7.40298141246356e-74	2.18389164873413e-73	NOP2
NOP56	4044.54055166783	-0.317079464711876	0.0220879925007762	-14.355286688038	9.87164664751213e-47	2.23859298692197e-46	NOP56
NOP58	1852.37889539137	-0.579608931443684	0.0243403302497428	-23.8126979172687	2.46718897622895e-125	1.10697579165248e-124	NOP58
NOP9	2150.82170560458	-0.525504797672918	0.0317075222468828	-16.5735056047964	1.08322413103296e-61	2.85868898735147e-61	NOP9
NOS1	2072.96772471381	-6.79472495118963	0.115849177076469	-58.6514736026531	0	0	NOS1
NOS1AP	138.659085216149	0.185306300730684	0.0677456781634608	2.73532283909782	0.00623191221493289	0.00723139636311526	NOS1AP
NOS2	54.6605585905456	0.516225219443419	0.0627105759834448	8.23186856997932	1.843154206955e-16	2.86912996189873e-16	NOS2
NOS3	1155.22341130991	1.70408093936125	0.0578787123843092	29.4422745282638	1.58095606671818e-190	1.11428309150329e-189	NOS3
NOSIP	2323.85899351884	-0.213584526001412	0.0356297861898679	-5.99454975292972	2.04049989248718e-09	2.79983524389525e-09	NOSIP
NOSTRIN	1014.78244141056	0.327470216576405	0.0630074718871688	5.19732353589468	2.02178309430145e-07	2.65922237911153e-07	NOSTRIN
NOTCH1	5238.87839706539	0.0456551619075466	0.0521047827249694	0.876218257132623	0.3809113931581	0.401404167441691	NOTCH1
NOTCH2	7277.77568017891	-1.0889832166645	0.0511331551637432	-21.2970080406199	1.21007563410105e-100	4.49960162971554e-100	NOTCH2
NOTCH3	16113.7289400459	-0.243682314550315	0.0454788103450287	-5.35815059148643	8.40781487264421e-08	1.11359778914332e-07	NOTCH3
NOTCH4	4603.80842056701	1.2504741399264	0.0620470136257069	20.1536555404548	2.4995693462584e-90	8.51528156737271e-90	NOTCH4
NOTUM	176.599819467517	-2.84171470764486	0.101989618509478	-27.8627839693388	7.54072563604856e-171	4.66943935928827e-170	NOTUM
NOVA1	1219.73162420826	-1.78528925332948	0.0607684654927023	-29.3785475551275	1.03235539953029e-189	7.2224755332082e-189	NOVA1
NOVA2	683.357227589063	1.31156245997161	0.055317858140824	23.7095669292317	2.87291874082863e-124	1.2791345598233e-123	NOVA2
NOX1	25.1230368090906	-2.28202396332276	0.0984474383578079	-23.180125368308	7.22524330023938e-119	3.09375843595645e-118	NOX1
NOX4	229.136920475822	0.654569434971781	0.0689062733087045	9.49941715813403	2.11068328330937e-21	3.53436370073042e-21	NOX4
NOX5	38.1687311652208	-1.26077431848086	0.0664424057782862	-18.9754465346721	2.72188975869696e-80	8.50342546794585e-80	NOX5
NOXA1	462.739973462425	-0.43051576367704	0.0462714967224544	-9.30412444316116	1.35100819911392e-20	2.23874607311513e-20	NOXA1
NOXRED1	35.535155304569	-1.4754265422331	0.0554704681533138	-26.598415181123	7.08073652003737e-156	3.93153417943222e-155	NOXRED1
NPAP1	2.15414051560179	-0.266245735403238	0.154211911539518	-1.72649267326545	0.0842588163009078	0.0928296072117413	NPAP1
NPAS1	164.886692972407	-3.28449904017424	0.119799304768355	-27.4166786403743	1.73522597747293e-165	1.02884726022695e-164	NPAS1
NPAS2	1863.71336466301	0.514002938505188	0.0476321003833994	10.7911037801794	3.79207422793935e-27	6.86800766446687e-27	NPAS2
NPAS3	63.1507948537084	0.0888372782921542	0.0594798764416188	1.49356864214993	0.135288400614633	0.147211902282779	NPAS3
NPAS4	17.7555675147471	-0.935920437270616	0.0868039124880493	-10.7820075206802	4.18647819757317e-27	7.57547185710842e-27	NPAS4
NPAT	849.878691482263	-0.451572787707535	0.0220965273593941	-20.4363690440052	7.94335812699521e-93	2.76359469741092e-92	NPAT
NPC1	2645.58263775183	-1.06544186624449	0.0360066706909733	-29.5901244352368	2.00217666423791e-192	1.43020564019629e-191	NPC1
NPC1L1	44.6624337778908	-0.62503031336597	0.0676047762867697	-9.24535732083013	2.34456014489528e-20	3.87054541161591e-20	NPC1L1
NPC2	3383.7126425748	-0.148332000521541	0.0431784990458614	-3.43532090738014	0.000591852516716054	0.000712494961105175	NPC2
NPDC1	5378.26455710428	1.26043696853686	0.0509310667515495	24.7479004255986	3.26592051776462e-135	1.56397539878375e-134	NPDC1
NPEPL1	3671.85852495135	-0.20230874092235	0.0273738792350216	-7.39057621995788	1.46193867241883e-13	2.16952663167448e-13	NPEPL1
NPEPPS	8007.22681259935	-1.14478335955194	0.0375725054476397	-30.4686457800183	6.78427428290093e-204	5.22566201824988e-203	NPEPPS
NPFF	79.6649187692468	0.5965382554327	0.0451603531140043	13.2093354967083	7.7505608017718e-40	1.62230052317086e-39	NPFF
NPFFR2	5.68600571740529	-1.60752473865699	0.166109947601214	-9.6774742384257	3.75887360620103e-22	6.36653027711938e-22	NPFFR2
NPHP1	868.868357607876	-1.09613163130019	0.075800434990214	-14.4607564777392	2.144281019675e-47	4.89589074520163e-47	NPHP1
NPHP3	2131.69857716339	-0.337376126613794	0.029339557834357	-11.499018782714	1.33423546353172e-30	2.52364953021272e-30	NPHP3
NPHP4	908.150968883959	-0.739547455297906	0.0419634144464869	-17.6236244131421	1.62267641583512e-69	4.61158796360088e-69	NPHP4
NPIPA1	547.892110903482	0.118400193141252	0.0376507625349721	3.14469575566432	0.00166259637057509	0.001971178111488	NPIPA1
NPIPA2	8.91473886662155	-0.451434804075455	0.0805062389623354	-5.60745117265579	2.05327912264843e-08	2.75602695449961e-08	NPIPA2
NPIPA3	6.92897354848873	-0.0316987202508605	0.0653498515013287	-0.485061855882198	0.627632468598045	0.645342552535181	NPIPA3
NPIPA5	264.401124846557	-0.0825337188055615	0.0663546554428569	-1.24382710232951	0.213563203304616	0.229321833851491	NPIPA5
NPIPA7	5.02587881500553	-0.407844872150539	0.111636577143581	-3.65332655824794	0.000258864667031898	0.000315023179505219	NPIPA7
NPIPA8	5.88941544365028	0.0741047782257799	0.102121240074603	0.725654899721582	0.468050356426648	0.488625788206002	NPIPA8
NPIPB11	185.376741784825	0.0249842736799952	0.0523310060310292	0.477427735006298	0.633057568383761	0.650586280456501	NPIPB11
NPIPB15	353.648532683168	-0.299068990028925	0.102658500085528	-2.9132413758214	0.0035769799429101	0.00418764411760697	NPIPB15
NPIPB1P	4.06279234030287	-0.940000283296477	0.0997746712776477	-9.42123157369964	4.45827621392745e-21	7.43775997469027e-21	NPIPB1P
NPIPB3	287.749682577725	-0.2805784243507	0.0401921836713527	-6.98092013723266	2.93252989941622e-12	4.25541884074094e-12	NPIPB3
NPIPB4	511.463048024612	-0.446477452868044	0.0332077142815163	-13.4449920004448	3.29441416869113e-41	7.0122678787524e-41	NPIPB4
NPIPB5	2047.24577287485	-0.195728748566856	0.03245379988371	-6.0309963476758	1.62951871072267e-09	2.24121075120101e-09	NPIPB5
NPIPB6	36.910740765084	-1.92744570014475	0.072290704626097	-26.6624279029221	1.28440445436109e-156	7.17807034553059e-156	NPIPB6
NPIPB7	11.5161149837654	-1.12291415940621	0.0747983714641441	-15.0125482336804	6.07675545350881e-51	1.43855437820374e-50	NPIPB7
NPIPB9	3.97583244523533	-0.581699240407665	0.0784044814240435	-7.41920907889942	1.17821793955821e-13	1.7516601527905e-13	NPIPB9
NPIPP1	1212.61496636269	-0.353820837771875	0.0273331228935881	-12.9447644584687	2.51533520423098e-38	5.18061201502996e-38	NPIPP1
NPL	363.425245853456	-0.474484820060541	0.0402889038723749	-11.7770595487926	5.12498699707655e-32	9.8605056577998e-32	NPL
NPLOC4	12847.8240898264	-0.539855181836222	0.0493536177704173	-10.9385128431216	7.54269828729487e-28	1.37829775524916e-27	NPLOC4
NPM1	15411.3194780748	-0.355445054278423	0.0216244435742672	-16.4371884556326	1.03615642882454e-60	2.70316693844501e-60	NPM1
NPM1P18	0.553989469247505	-0.287284995161552	0.144424057683753	-1.98917687100735	0.0466816838768727	0.0520932980886234	NPM1P18
NPM1P19	1.02536845573185	-0.131213767285679	0.121936188518998	-1.0760855237429	0.28188900926555	0.300005081006465	NPM1P19
NPM1P21	1.20152859287598	-0.360776058083804	0.118566872730407	-3.04280655950269	0.00234382946899067	0.0027630173065685	NPM1P21
NPM1P24	4.25149838456473	-0.247563829239952	0.0712334347479208	-3.47538806904406	0.000510114821976249	0.000615577992250081	NPM1P24
NPM1P26	14.3769309657301	-0.567532923253784	0.0619240425508602	-9.16498503449047	4.95538491595453e-20	8.14034348166614e-20	NPM1P26
NPM1P27	90.0146210450123	-0.183199507249364	0.0377881696972616	-4.84806511448051	1.24671482939199e-06	1.61245248195755e-06	NPM1P27
NPM1P29	3.3091550404535	-1.3951036265316	0.106246419259151	-13.1308295965131	2.19241440951755e-39	4.56250309661565e-39	NPM1P29
NPM1P30	0.446019006892211	-0.778332273439197	0.224196873981806	-3.47164641333206	0.000517277168011645	0.000624053769946895	NPM1P30
NPM1P33	0.408868018567799	0.0898084535967551	0.160279191283749	0.560325098207935	0.575257711136371	0.59444397578449	NPM1P33
NPM1P35	0.684843292192276	-0.0646260255301165	0.126351202182266	-0.51147930857746	0.609015473460216	0.627461201185967	NPM1P35
NPM1P37	6.58063492160709	-1.00192775755875	0.0784352333569214	-12.7739501073384	2.29219805151624e-37	4.67185882306882e-37	NPM1P37
NPM1P39	6.57173920514492	-0.268385790056137	0.0642153058781485	-4.1794675955513	2.92192348906542e-05	3.65412982677967e-05	NPM1P39
NPM1P40	0.37439777401627	0.170687926752751	0.168055997160824	1.01566102749316	0.309790832729038	0.328805706365295	NPM1P40
NPM1P46	2.26570271127517	-0.0879079917807798	0.0854660750579746	-1.02857176629614	0.303680950951782	0.322396838764038	NPM1P46
NPM1P5	0.592220779714026	-0.0498816832295192	0.146191115638942	-0.341208718542893	0.732946460265846	0.746507255360728	NPM1P5
NPM1P51	0.177904365636748	0.378525646583392	0.288354784000545	1.31270805128268	0.189281343564457	0.204027153622981	NPM1P51
NPM1P6	4.62203334311859	-0.365581036366989	0.0654103566676401	-5.5890390297757	2.28329634661159e-08	3.05997748178642e-08	NPM1P6
NPM1P8	1.42279214890333	-0.360125374772239	0.133242410886909	-2.7027833883755	0.00687615409859741	0.00796509973802136	NPM1P8
NPM1P9	1.84822751015207	0.100807137195391	0.10043432151877	1.00371203460116	0.315517434614719	0.334568175100116	NPM1P9
NPM2	38.5431840966175	0.385949098705179	0.0751959313640627	5.13257953860028	2.85797886781824e-07	3.74783110654886e-07	NPM2
NPM3	400.699396312892	-0.658723374544654	0.0283458342810776	-23.2388070858224	1.84612807723316e-119	7.94077694582416e-119	NPM3
NPNT	824.299115825235	-1.15940464113213	0.0614004016911	-18.8826882104939	1.58319225060108e-79	4.90939598674762e-79	NPNT
NPPA	2544.71611106753	6.78278683921612	0.0919186854528527	73.7911645037089	0	0	NPPA
NPPC	40.2368049339789	3.46913727797109	0.103055819929043	33.6627012463702	2.03259466374129e-248	1.99829254735156e-247	NPPC
NPR1	2887.14849583958	-0.0143980480663223	0.0785950565049199	-0.183192794898252	0.85464674754315	0.863569806484661	NPR1
NPR2	1492.04606254535	0.168359392417116	0.0231039236318335	7.28704765043212	3.16820877259765e-13	4.67389986195134e-13	NPR2
NPR3	1248.69106860684	0.861670029467491	0.0742025802572422	11.6123998179078	3.56468334092506e-31	6.79240656504626e-31	NPR3
NPRL2	1083.0699990965	-0.0155935378319309	0.023001035011497	-0.677949397674345	0.497803777982095	0.518454397561658	NPRL2
NPRL3	2122.30422597615	-0.0876948119406029	0.0237805772948761	-3.68766539403979	0.000226320986438963	0.00027586701495719	NPRL3
NPTN	4264.30111471817	0.991187686682445	0.0262565064450267	37.7501739905	0	0	NPTN
NPTX1	273.20354479072	-4.26852388832319	0.104191570087146	-40.9680349835692	0	0	NPTX1
NPTX2	685.89226516521	0.540641779090493	0.0676604130193318	7.99051845775789	1.34372445828236e-15	2.06192003866173e-15	NPTX2
NPTXR	661.830857761595	2.96030228339555	0.0537054368890235	55.1210911757909	0	0	NPTXR
NPW	21.4662016853998	-2.97265097351305	0.128250111906368	-23.1785448708481	7.49535670353713e-119	3.20865436433702e-118	NPW
NPY	6.66881202180247	-0.36419678193029	0.142368336135894	-2.55813049316427	0.0105236593642951	0.0120976047140096	NPY
NPY1R	770.140506101975	-3.19850520304876	0.0829762472564857	-38.5472386231441	0	0	NPY1R
NPY2R	49.2047505209315	-5.57112925700488	0.199634137153003	-27.906696402004	2.2128048652755e-171	1.37591365733417e-170	NPY2R
NPY4R	6.42060521837932	-4.1469055692496	0.170776100652647	-24.2827043913145	2.98604964223217e-130	1.38393098892434e-129	NPY4R
NPY5R	43.508689642685	-1.98516806466652	0.0901639659630611	-22.0173108343506	1.9658880424966e-107	7.70979317058415e-107	NPY5R
NPY6R	1015.13162476074	4.43373435257374	0.132861777485288	33.3710299266822	3.60949559124599e-244	3.47086165267196e-243	NPY6R
NQO1	1212.93679325419	-0.591496543316458	0.0649836029861343	-9.10224296800943	8.84852201821667e-20	1.44788878147367e-19	NQO1
NQO2	2481.27005513647	0.00696247190799075	0.0460282517818957	0.151265182544459	0.879766533508235	0.887010046470356	NQO2
NR0B2	93.8483089560367	3.08129762756107	0.161882869180337	19.0341179592544	8.89779520224254e-81	2.79429887361424e-80	NR0B2
NR1D1	11621.0006911531	-2.56731995485035	0.0654222032029633	-39.2423340877958	0	0	NR1D1
NR1D2	3557.45448925784	-0.834621440491364	0.0389915090000031	-21.4052100546121	1.19481241030447e-101	4.47706457075161e-101	NR1D2
NR1H2	6374.5337304439	0.0415953786727542	0.0300306941039416	1.38509548027046	0.166023273760448	0.179645645044591	NR1H2
NR1H3	1514.823716952	-0.278275093995259	0.0622615159457543	-4.46945580698208	7.84188589948886e-06	9.94657469537056e-06	NR1H3
NR1H4	1.05680558870111	0.520181537756842	0.19813688455567	2.62536447427933	0.00865562588801634	0.00999037712299192	NR1H4
NR1I2	5.91376951708524	1.37611667303509	0.0920290907261996	14.9530617131625	1.48749941917545e-50	3.50706968494791e-50	NR1I2
NR1I3	37.3629692594857	0.084909937071975	0.057964558355792	1.46485955350146	0.142959239811982	0.15535220500184	NR1I3
NR2C1	1937.8677755307	0.0193250471012987	0.030741911215546	0.62862217530334	0.529596439097434	0.549911484782702	NR2C1
NR2C2	3639.22616017686	0.00317210082235271	0.0188971708780448	0.167861149312998	0.866692514728168	0.874808341237062	NR2C2
NR2C2AP	458.494604177848	-0.57255901341497	0.0311245913326879	-18.3957118438902	1.42181236412239e-75	4.26070324064711e-75	NR2C2AP
NR2E1	3.13242003822368	-1.59730048884893	0.142125785324832	-11.2386396683632	2.63409963115083e-29	4.90548597768943e-29	NR2E1
NR2E3	16.9138649993405	-0.407684220292156	0.0662219199406675	-6.15633344151644	7.44483930469022e-10	1.03096047637302e-09	NR2E3
NR2F1	505.061730957444	-2.90239564147541	0.106814406353928	-27.1723238516943	1.3796821811068e-162	8.0348298098038e-162	NR2F1
NR2F2	4461.09072201519	-0.176465670917437	0.0406658552730015	-4.33940635780983	1.42868128536002e-05	1.80070661096246e-05	NR2F2
NR2F6	2199.51733990807	0.730477622150156	0.0285067309187242	25.6247418980741	8.08712197142804e-145	4.1486543917833e-144	NR2F6
NR3C1	5272.0694172962	-0.9814679124146	0.0317727047570981	-30.8902852280884	1.61307992780873e-209	1.28312204067543e-208	NR3C1
NR3C2	1042.32887928165	0.0972659867623758	0.0400889181132331	2.42625621593587	0.0152554957984855	0.0174181263394987	NR3C2
NR4A1	17962.0389802112	0.493582391388407	0.0702662645464185	7.02445753413208	2.14899522823906e-12	3.12649018859867e-12	NR4A1
NR4A2	1618.39009999563	0.0257815475995964	0.0741195269671492	0.347837454643	0.727962259275492	0.741724606849953	NR4A2
NR4A3	4473.91545443163	-0.870952957977815	0.114035074139746	-7.63758838715265	2.21328097064141e-14	3.32814892260596e-14	NR4A3
NR5A1	6.46135990068356	-0.594267720265558	0.11354975674648	-5.23354463534754	1.66289826702091e-07	2.18974628417289e-07	NR5A1
NR5A2	252.44299718448	-1.11829532221881	0.0644513225887792	-17.3510065783118	1.93818163682135e-67	5.39579456300975e-67	NR5A2
NR6A1	346.072662512093	-0.512132641798296	0.0452645491554089	-11.3142105986733	1.1160227839108e-29	2.08570661681669e-29	NR6A1
NRADDP	39.551617820554	-2.12727490225724	0.0951074647267482	-22.3670655964711	8.23805039622704e-111	3.32869012755293e-110	NRADDP
NRAP	115676.583319941	-0.690058947142102	0.173631045688847	-3.9742831957524	7.05915303912916e-05	8.74066679442591e-05	NRAP
NRARP	1052.1261864313	0.712377494504687	0.0702262888333125	10.1440287724099	3.52264889708777e-24	6.14092608914168e-24	NRARP
NRAS	1449.66099670985	-0.482389010746044	0.030007997470972	-16.0753482871584	3.79852507069632e-58	9.64690318814961e-58	NRAS
NRBF2	1156.90086083197	-0.877191845739268	0.0349185071029478	-25.1211153773873	2.92422810087641e-139	1.44177020114698e-138	NRBF2
NRBF2P5	12.6664836824968	-0.00874337477435995	0.059161045361218	-0.147789389470314	0.882508983357104	0.889525965026666	NRBF2P5
NRBP1	6916.62750993645	-0.564186760148436	0.0251274048770197	-22.4530453068957	1.19498317061634e-111	4.8568281901704e-111	NRBP1
NRBP2	4065.26860218424	-0.00617665441064826	0.0416551791897795	-0.148280586731067	0.882121335532518	0.88918502413041	NRBP2
NRCAM	200.307563491425	-2.26407225211407	0.0892706952541933	-25.3618754247097	6.64678696254458e-142	3.34027951180249e-141	NRCAM
NRDE2	1189.6292046175	-0.370228270273735	0.0184635569633635	-20.0518389283476	1.94520435830103e-89	6.57693907847048e-89	NRDE2
NREP	180.141130262986	0.987619786937572	0.0795713254079854	12.4117548862452	2.25652047625508e-35	4.50528228627636e-35	NREP
NRF1	1157.07194766682	-0.165219413885773	0.0194059146420582	-8.51386893806565	1.6822414508263e-17	2.66005168274106e-17	NRF1
NRG1	381.734597225931	-3.40776783916387	0.131812118763071	-25.853221017479	2.23842624856924e-147	1.17099421390569e-146	NRG1
NRG2	492.254006625179	-1.69086329326481	0.0553292566775639	-30.5600218545944	4.16170249860511e-205	3.22075695087664e-204	NRG2
NRG3	25.6697806271308	-1.9955429497782	0.126421371776047	-15.7848544256683	3.95560820595719e-56	9.85262257028301e-56	NRG3
NRG4	123.71459906533	-3.20176439909203	0.0729736430140946	-43.8756277862354	0	0	NRG4
NRGN	262.245240327638	1.61083259974696	0.0514160353705925	31.3293817412511	1.85772178493575e-215	1.53257790332852e-214	NRGN
NRIP1	2773.87376522186	-1.72340648277366	0.0541516505403795	-31.8255577729539	2.86847626158128e-222	2.45415594984433e-221	NRIP1
NRIP2	217.925906468694	0.596215538770151	0.0418904319644745	14.232737902435	5.73901144515771e-46	1.28989817735403e-45	NRIP2
NRIP3	90.1765728137587	-0.47726454285105	0.0727073157472288	-6.56418873322579	5.23169045538267e-11	7.41423869369733e-11	NRIP3
NRK	175.970348350601	3.37424364490573	0.083545867910023	40.3879177907363	0	0	NRK
NRL	97.3395271714564	0.45082039866245	0.0448324444908926	10.0556729346764	8.67268668560737e-24	1.50445247207881e-23	NRL
NRM	508.227046547627	0.229566595525189	0.0450688504717559	5.09368650680488	3.51167257461518e-07	4.59434682866835e-07	NRM
NRN1	1488.28765709998	-0.398674665638536	0.0593071109958969	-6.72220681371779	1.78992646807938e-11	2.55880450698038e-11	NRN1
NRN1L	59.0315953480731	0.190275820746341	0.0410080296753178	4.63996495937149	3.4846825990946e-06	4.461434670434e-06	NRN1L
NRP1	5971.40838449143	1.11058769346903	0.055043692553445	20.1764751227526	1.575911676243e-90	5.37883695184874e-90	NRP1
NRP2	1267.22459366414	-0.387512085070137	0.0613339054049866	-6.31807289151737	2.64845097200246e-10	3.7008823122975e-10	NRP2
NRROS	223.397440162302	0.299068429532518	0.0529588273885055	5.64718752812547	1.63093899011118e-08	2.1942102212998e-08	NRROS
NRSN2	914.260600514648	1.58208725143103	0.0508794791189417	31.0948004741275	2.83167354210664e-212	2.28578275477406e-211	NRSN2
NRTN	209.770871765384	2.76101541678542	0.121157763317	22.7885967947546	5.94913435784529e-115	2.47951765629944e-114	NRTN
NRXN1	122.228194233788	1.48522017743551	0.0714751781469366	20.7795239681983	6.63128522517774e-96	2.3609526372315e-95	NRXN1
NRXN2	214.75329477296	0.159097874314715	0.0588462484276432	2.70361966252344	0.00685887468072204	0.00794610652128186	NRXN2
NRXN3	125.058307434223	0.42203769324776	0.0625273776304773	6.74964646273681	1.48205835825559e-11	2.12273492257789e-11	NRXN3
NSA2	3480.74831386077	-0.422746549483567	0.0289657380084264	-14.5947101144319	3.03500010615397e-48	6.99705903059395e-48	NSA2
NSD1	4181.10546277931	-0.55273085775289	0.022593948804498	-24.463667795992	3.60047879394567e-132	1.68869772719687e-131	NSD1
NSDHL	993.4201213906	0.281619995817035	0.0392854713493178	7.16855331358843	7.57944172014317e-13	1.11132630450678e-12	NSDHL
NSF	2268.42763013493	-0.981667575813238	0.0354171167218606	-27.7173205126356	4.31805990451147e-169	2.62954656093068e-168	NSF
NSFL1C	5874.34326409487	-0.569028021970475	0.0290319859531114	-19.6000377958812	1.54509115967543e-85	5.04776514797051e-85	NSFL1C
NSFP1	15.486757425296	-1.44117233250555	0.112181598464615	-12.8467801513822	8.96653084454616e-38	1.83729677555692e-37	NSFP1
NSG1	1798.99726571302	-2.49182609856318	0.126289601142665	-19.7310473389511	1.16726845654649e-86	3.85258516433687e-86	NSG1
NSL1	838.566546819885	0.377270312827811	0.0228921805275544	16.4803135452171	5.08206111703457e-61	1.33045640150872e-60	NSL1
NSMAF	2160.49365916207	-0.453014198657201	0.0166887366126852	-27.1449067218703	2.90801654771406e-162	1.68753081480983e-161	NSMAF
NSMCE1	1387.32324747545	0.224351737838819	0.0207576448560346	10.8081499319802	3.149578556361e-27	5.71009805549949e-27	NSMCE1
NSMCE2	850.916520651631	-0.185491571240398	0.0281719086167747	-6.58427420604185	4.57112821092349e-11	6.48678588291949e-11	NSMCE2
NSMCE4A	1469.67965085468	-0.182164012611704	0.0239448581339241	-7.60764635116469	2.79132363999238e-14	4.19071032889932e-14	NSMCE4A
NSMF	2539.26496317192	-0.13304215440817	0.0361858323961808	-3.67663656183328	0.000236329365148314	0.000287890972594898	NSMF
NSRP1	2071.91531445156	-0.0818746341131169	0.0167991093080679	-4.87374851914299	1.0950036533069e-06	1.41857940001277e-06	NSRP1
NSRP1P1	5.03662900434614	0.389436232993733	0.083309055758881	4.67459665034335	2.94531905428598e-06	3.77760515113658e-06	NSRP1P1
NSUN2	3523.27737517317	-0.305908647079006	0.0214623570239895	-14.2532642960453	4.27807114131612e-46	9.63824263014162e-46	NSUN2
NSUN3	454.892553871019	0.0960359618868255	0.0321927254051937	2.98315724058989	0.00285291384207287	0.00335239258901715	NSUN3
NSUN4	1154.79148487109	-0.11026838330985	0.0173387924979137	-6.35963452028843	2.02234355267284e-10	2.83367372084252e-10	NSUN4
NSUN5	1384.27892163602	-0.473538410511423	0.027011819982127	-17.5307850720444	8.34098375707623e-69	2.35449347045835e-68	NSUN5
NSUN5P1	1717.98353982008	-0.00195357127109985	0.030120240030707	-0.0648590870825802	0.948286195748513	0.951669722343144	NSUN5P1
NSUN6	516.014733730499	0.3239630804013	0.0247833292012346	13.0718144350502	4.77137034334124e-39	9.89851763864073e-39	NSUN6
NSUN7	129.418596651215	-2.36888448715098	0.0978310756033769	-24.2140288506571	1.58321650415528e-129	7.30755904905106e-129	NSUN7
NT5C	725.012858548422	-0.191237483140729	0.0200399321273552	-9.54282090006096	1.38998962619862e-21	2.33428521888248e-21	NT5C
NT5C1A	3422.82945490161	-1.15321272535438	0.155789350907677	-7.40238481408004	1.33760206713034e-13	1.98648418533233e-13	NT5C1A
NT5C1B	14.0117571183736	-0.0232934421933838	0.0634333678529343	-0.367211185245405	0.71346149664303	0.72789356491352	NT5C1B
NT5C2	1924.67134925303	-0.535096347134848	0.0401789355405189	-13.3178328379363	1.82323411235825e-40	3.84309569748957e-40	NT5C2
NT5C3A	1809.31907500071	-1.18362891810163	0.0441107305351063	-26.8331288950116	1.32740890256162e-158	7.51641637464981e-158	NT5C3A
NT5C3AP1	18.6704056226607	-0.948104472347676	0.0710222002592513	-13.3494100279465	1.19390720498641e-40	2.52159141111819e-40	NT5C3AP1
NT5C3B	1344.5965164646	-0.0272845409026463	0.023774897983719	-1.14761968363989	0.25112560034882	0.268247800372603	NT5C3B
NT5DC1	1523.668375508	0.438723549257085	0.0282673844750547	15.5204861505403	2.52133502520399e-54	6.16497579308571e-54	NT5DC1
NT5DC2	2111.32769195571	1.14453407088849	0.0508762218077453	22.4964439225369	4.49704703850581e-112	1.83479926881557e-111	NT5DC2
NT5DC3	1150.90273143413	-1.29235647866129	0.0449193365549936	-28.7706047723811	5.00424933905209e-182	3.33882477213776e-181	NT5DC3
NT5DC4	2.75965883716932	-0.39124318388646	0.105865657413736	-3.69565724564891	0.000219318688609098	0.000267404207101895	NT5DC4
NT5E	766.431165421209	-0.405609090840041	0.0697968132656199	-5.81128380885311	6.19955576286125e-09	8.41742369039564e-09	NT5E
NT5M	373.845708303151	0.877702518448046	0.0630623470488106	13.9180122453847	4.92408820259226e-44	1.08254166749955e-43	NT5M
NTAN1	912.23723646647	-0.352293922838965	0.0238370224345497	-14.779275549464	1.99298294993289e-49	4.64951867311327e-49	NTAN1
NTAN1P2	15.6366710194859	0.241211683442075	0.0443432836407514	5.43964414986178	5.33870980559625e-08	7.10499151342142e-08	NTAN1P2
NTF3	116.154960160672	-0.20050453968463	0.0556220364265484	-3.60476804817108	0.000312431841215138	0.000379339374997552	NTF3
NTF4	249.381039411299	-4.88339156983104	0.0850119231357963	-57.4436077869972	0	0	NTF4
NTHL1	396.484137753846	0.854424587088137	0.0294706118824577	28.9924277953907	8.1972215896348e-185	5.56403415667481e-184	NTHL1
NTM	180.442309081276	0.534881264492564	0.0738607077225112	7.24175655752	4.429103481585e-13	6.52120822607653e-13	NTM
NTMT1	1081.6447635169	0.229975412086324	0.0493574778493579	4.65938338235644	3.17158015124908e-06	4.06519611952682e-06	NTMT1
NTN1	1410.38725269929	1.18738892432547	0.0597371496302382	19.876892882824	6.45069807593216e-88	2.15394205277045e-87	NTN1
NTN3	3.75032968757571	-0.363045890614363	0.0864716556029213	-4.1984380671682	2.68762334628871e-05	3.36415463851909e-05	NTN3
NTN4	2296.34348133173	1.32559649527362	0.06080139502387	21.8020736983617	2.21740302008766e-105	8.56004112472614e-105	NTN4
NTN5	53.1776845850929	-1.15946936052534	0.0820495689504078	-14.1313278711573	2.4350894918137e-45	5.42903714913777e-45	NTN5
NTNG1	37.066724681328	-1.9982023213327	0.108013405541125	-18.4995770786239	2.08100483077096e-76	6.28526308032015e-76	NTNG1
NTNG2	98.6735858610222	2.05769986043722	0.0512724058288836	40.1326956902428	0	0	NTNG2
NTPCR	1845.32384719833	0.00416992286579368	0.0348062044407308	0.119804010026269	0.904638405284174	0.910505783255265	NTPCR
NTRK1	97.7392821049386	2.72535453396515	0.0817183152761836	33.3505961883118	7.14109106174543e-244	6.8485231860671e-243	NTRK1
NTRK2	2430.40450914206	-1.6694204966119	0.0697498025711687	-23.9344117842989	1.34291322355478e-126	6.07228860517699e-126	NTRK2
NTRK3	872.864646255868	-0.813919490229039	0.0631164165886079	-12.8955275698581	4.76987636261703e-38	9.7994230088415e-38	NTRK3
NTS	5.80984225735302	-0.832821162036329	0.167022574780444	-4.9862790292336	6.15532312845589e-07	8.01171161499164e-07	NTS
NTSR1	10.1033296782356	-0.0835826175620939	0.0849429955479039	-0.983984812673073	0.325122980320803	0.344469615582977	NTSR1
NUAK1	4097.3419559167	0.0967174346726299	0.0346439715758125	2.79175366660777	0.00524232487461069	0.00609803489937751	NUAK1
NUAK2	928.202344806909	-3.31941393271359	0.10341583315273	-32.0977342783797	4.74178210443116e-226	4.11358167045134e-225	NUAK2
NUB1	3533.37852518462	-0.370958893691998	0.0172449923205266	-21.5111080826896	1.22542002018077e-102	4.62545308938437e-102	NUB1
NUBP1	408.775828864985	0.701682872353503	0.0323004087831457	21.7236530058914	1.22629666359991e-104	4.70372176464137e-104	NUBP1
NUBP2	2395.93892202607	-0.213345797213159	0.0218946685943095	-9.74418938081611	1.95331542188642e-22	3.31776098408921e-22	NUBP2
NUBPL	770.461043380788	0.768994211692881	0.0330066806452693	23.2981383362188	4.63014184170623e-120	2.00209424195421e-119	NUBPL
NUCB1	11553.5106907777	0.829441369730876	0.0207608908599585	39.9521087667108	0	0	NUCB1
NUCB2	1576.40501404002	1.08255600439002	0.034554848825753	31.3286279980254	1.90215779917755e-215	1.56851775277119e-214	NUCB2
NUCKS1	12942.8949577467	0.283268348090662	0.025930650113582	10.9240742846741	8.84375635108841e-28	1.61489610545691e-27	NUCKS1
NUDC	5722.69923409343	0.259652426618819	0.0258485305371734	10.0451523248258	9.64984748769508e-24	1.6726712048724e-23	NUDC
NUDCD1	736.926884197496	0.0338405179835281	0.0293836982146513	1.15167661117124	0.249453986798106	0.266557118387315	NUDCD1
NUDCD2	954.559826741927	-0.416489658203757	0.0150965695975312	-27.5883640659575	1.53464578931597e-167	9.24846295730727e-167	NUDCD2
NUDCD3	7119.82386864843	-0.135745998760243	0.0296844733930713	-4.5729630087333	4.80875061481874e-06	6.1317786935859e-06	NUDCD3
NUDT1	401.980834112318	-0.185896995179352	0.0277568417614776	-6.69733958844519	2.12248008207244e-11	3.0286772855637e-11	NUDT1
NUDT10	24.8893122832439	-0.174360047323374	0.0714167254368668	-2.44144556134138	0.0146285936879814	0.0167161375596619	NUDT10
NUDT11	55.5877961951975	-1.54370153453701	0.0703437682226227	-21.9451072005629	9.64402519784801e-107	3.7559951879373e-106	NUDT11
NUDT12	720.624936919749	-0.19738887802995	0.0316612973845922	-6.23439007038316	4.53541683234603e-10	6.30586532780264e-10	NUDT12
NUDT13	283.015858017741	0.502385983771851	0.0375489755926194	13.3794857474248	7.96968600675709e-41	1.68818919519457e-40	NUDT13
NUDT14	670.047168641094	0.378158859757589	0.0339679395525091	11.1328171428536	8.68466220544536e-29	1.60786387288102e-28	NUDT14
NUDT15	627.149502078901	0.209313789996681	0.0247878363489046	8.44421380916251	3.06098497933468e-17	4.8198732166728e-17	NUDT15
NUDT16	3731.68483299279	0.960419940752255	0.0354179338933311	27.116769251554	6.24573419925182e-162	3.61625800324001e-161	NUDT16
NUDT16L1	1292.26463455815	1.35005139283699	0.0322480758442643	41.8645564887901	0	0	NUDT16L1
NUDT17	85.6694594030507	0.228867730191086	0.0317135930782058	7.21670766307359	5.32613039433443e-13	7.83170014935583e-13	NUDT17
NUDT18	281.796573984542	-0.124203508285145	0.0456447639465757	-2.72108994649456	0.00650670544238912	0.00754491140610967	NUDT18
NUDT19	1291.16493278946	-0.2139121050668	0.0435608254685402	-4.91065315604011	9.07735249789703e-07	1.1779225945404e-06	NUDT19
NUDT2	799.49045260912	0.107502398158588	0.0258757231552644	4.15456594250648	3.25905620725933e-05	4.06980719992197e-05	NUDT2
NUDT21	3043.72968603928	-0.238737079408118	0.015009920426904	-15.9052861453017	5.82366135051174e-57	1.46127304112855e-56	NUDT21
NUDT22	969.157652984504	0.552987691223599	0.0275827044209214	20.0483492403363	2.08654336861558e-89	7.05217183222852e-89	NUDT22
NUDT3	4963.66419258255	-0.216873108911271	0.0532982340782269	-4.06904867791608	4.72054851204129e-05	5.87043825666703e-05	NUDT3
NUDT4	4308.719283154	1.86083950823247	0.0484377637911584	38.4171225627913	0	0	NUDT4
NUDT5	1200.87552988697	-0.527268714396332	0.0426879621711895	-12.3516955970363	4.76954527586483e-35	9.48796380935382e-35	NUDT5
NUDT6	94.8327266477703	1.10741621059247	0.0426350313659688	25.9743261611955	9.65998776332266e-149	5.10688516086846e-148	NUDT6
NUDT7	131.865468158929	1.9073923727023	0.0379665496130623	50.2387599647999	0	0	NUDT7
NUDT8	839.306151170994	1.34045633711691	0.0493595697640072	27.1569696317402	2.09490632029417e-162	1.21843000554493e-161	NUDT8
NUDT9	1449.92144367453	0.282497444000551	0.0221582796172036	12.7490693718487	3.1548892241539e-37	6.41780550615825e-37	NUDT9
NUF2	47.2340377477774	-1.02257590637428	0.0891114925815041	-11.4752415962397	1.75686282021281e-30	3.3191947551061e-30	NUF2
NUFIP1	417.698690521181	-0.950523406694067	0.0232949981290178	-40.8037554426773	0	0	NUFIP1
NUFIP2	5091.76378958422	-0.0378591776885	0.0219939392322975	-1.72134592574052	0.0851880703752727	0.0938246729579836	NUFIP2
NUGGC	10.0656620976901	-1.67923691749225	0.106390432686705	-15.7837211024154	4.02729247145923e-56	1.00297858022603e-55	NUGGC
NUMA1	14621.0696656707	-0.807295256587864	0.0217873401512557	-37.0534104201488	1.58254962409835e-300	2.05537343314534e-299	NUMA1
NUMB	3496.88606259218	0.0224696073019331	0.0205736834615789	1.09215286333605	0.274765917021666	0.292735634014383	NUMB
NUMBL	1628.44899636487	0.362534094417935	0.0351553636627303	10.3123408961425	6.19730982410444e-25	1.09167016482732e-24	NUMBL
NUP107	1518.35999602236	-0.439651812506701	0.0174609609328128	-25.1791304154689	6.78172022437731e-140	3.35470584663413e-139	NUP107
NUP133	2826.56363715485	-0.247882774462714	0.0166318505868858	-14.904100609115	3.09958174744464e-50	7.28116547510778e-50	NUP133
NUP153	3544.32392535056	-0.889411923923146	0.0213916371825179	-41.5775527760918	0	0	NUP153
NUP155	1242.21096236648	-0.639924205259076	0.021624434683094	-29.5926443690742	1.85815047686649e-192	1.32785100174965e-191	NUP155
NUP160	2170.40644809656	-0.44981416106907	0.0135361052111154	-33.2306933237855	3.88038466195483e-242	3.68411415083592e-241	NUP160
NUP188	3313.93627860413	-0.213410210952717	0.0212845636679631	-10.0265250574028	1.1654627216463e-23	2.01745306782912e-23	NUP188
NUP205	2517.97054117497	-0.805381625927182	0.0169401359289643	-47.5428077616626	0	0	NUP205
NUP210	851.743214195625	-0.740273855541331	0.0461098701518768	-16.0545638732665	5.31109211188777e-58	1.34730790735755e-57	NUP210
NUP210L	12.2940280611653	-0.558627100657576	0.0792898641611303	-7.04537845496055	1.84958101163478e-12	2.69306056704989e-12	NUP210L
NUP214	3210.85933235391	-0.45830828505891	0.0174677953874371	-26.2373284603807	9.97228609516403e-152	5.36014099728419e-151	NUP214
NUP35	461.692181389936	-0.388525737948129	0.0202306625777982	-19.2047955154228	3.3745017435969e-82	1.07398171652206e-81	NUP35
NUP37	479.492069263418	-0.203789246768333	0.0218446134212228	-9.32903882704307	1.06835318053128e-20	1.77329881076473e-20	NUP37
NUP43	1567.49023598246	-0.150231192298728	0.0181369017515878	-8.28317837061539	1.19930582591884e-16	1.87271896012882e-16	NUP43
NUP50	1783.40071832874	-0.577839587878644	0.0251229847373611	-23.0004354147985	4.61473898709147e-117	1.95412647627931e-116	NUP50
NUP54	1402.78422388978	-0.634297490283756	0.0138636240553477	-45.7526464762355	0	0	NUP54
NUP62	2706.64555054379	-0.308007221282555	0.0193294644129436	-15.9345967742543	3.64544625744511e-57	9.1663190501843e-57	NUP62
NUP62CL	30.9977456916627	0.0480811704378656	0.0844222983179212	0.569531645025813	0.568995401604497	0.588682465905083	NUP62CL
NUP85	2012.10475931433	-0.314810683273277	0.0211834985511433	-14.8611279913575	5.89246263226193e-50	1.38112265421025e-49	NUP85
NUP88	2064.61429510946	-0.877715712859934	0.039950225395399	-21.9702318115336	5.54846402620069e-107	2.16560930042582e-106	NUP88
NUP93	1649.7643610794	-0.3885058507636	0.0167074387447329	-23.2534655191286	1.31220681758526e-119	5.65367039812167e-119	NUP93
NUP98	6095.32026624698	-0.570145655283046	0.0239157362210019	-23.8397701837155	1.29293782135028e-125	5.81708915824205e-125	NUP98
NUPR1	6451.58055614937	-1.30794873949227	0.041783866513387	-31.3027215677425	4.28487705506278e-215	3.52523180384758e-214	NUPR1
NUS1	1015.63522349577	0.102523012922435	0.0216208784265829	4.74185233826498	2.11772959228395e-06	2.72430861078421e-06	NUS1
NUS1P1	13.8879171994846	-0.365932733821774	0.0461213204863639	-7.93413393118189	2.11969257795547e-15	3.24019922688319e-15	NUS1P1
NUSAP1	383.622044307758	-2.00752722932543	0.0583186279301008	-34.4234303957151	1.12511814899594e-259	1.18094762682658e-258	NUSAP1
NUTF2	3123.22795441008	0.141251106067215	0.0242971524183108	5.81348396863023	6.11858340420379e-09	8.30811042159405e-09	NUTF2
NUTM1	3.41455247008748	-0.281263026543038	0.100055757809159	-2.81106287835532	0.00493781350483927	0.00575050662486975	NUTM1
NUTM2A	41.0493748895631	0.458215257514744	0.0495353353087609	9.25027063324841	2.23924974408675e-20	3.69804904984455e-20	NUTM2A
NUTM2B	15.8491625820888	0.22005254294272	0.0589590445601054	3.73229492751344	0.000189743156395672	0.00023176810465349	NUTM2B
NUTM2D	97.6901914178204	0.336297221907765	0.0347061237352469	9.68985255954204	3.33009052921528e-22	5.64347200305067e-22	NUTM2D
NUTM2E	19.0187305488461	-0.0883299567221558	0.058606587763701	-1.50716771087745	0.131767674433924	0.143484962040111	NUTM2E
NUTM2F	0.631849814348901	-0.407956450773177	0.179443007058194	-2.27345973220831	0.0229984900919491	0.026065341569299	NUTM2F
NUTM2G	11.2081614886164	-0.0105088488039667	0.0582286753224379	-0.180475491598848	0.856779293341494	0.865578856181403	NUTM2G
NUTM2HP	9.61826473056526	-1.88137450835491	0.0814632002231991	-23.0947778039676	5.22469290879309e-118	2.22813781215789e-117	NUTM2HP
NVL	778.813861419685	-0.636870975627056	0.0297343930078137	-21.4186640857171	8.9519536100128e-102	3.3592686456919e-101	NVL
NWD1	44.7526058192732	-2.68798179304937	0.0879839087724561	-30.550834016718	5.51219338004724e-205	4.26407361556641e-204	NWD1
NXF1	7441.98902121981	-0.314011446757729	0.0205944059834523	-15.2474146139509	1.71282019261215e-52	4.11758497425366e-52	NXF1
NXF3	17.1220227290993	0.13716737996663	0.081128260009767	1.69074721866482	0.0908850917919335	0.0998975720429013	NXF3
NXF5	4.14597798973003	0.274780844584523	0.0810287955866784	3.39115054833294	0.000695998578633894	0.000835746141951085	NXF5
NXN	4552.0988363695	-1.67433407985503	0.0526435936409516	-31.8050870781087	5.50526487137656e-222	4.69224777223719e-221	NXN
NXPE1	2.71555897469941	-0.00690299446982448	0.118957907386067	-0.0580288828335004	0.953725622110065	0.956968501873092	NXPE1
NXPE2	4.49542199002945	-0.262586278254696	0.0825460996059713	-3.18108644149312	0.00146723842983436	0.00174427149487837	NXPE2
NXPE3	3082.18385610941	-0.308564113005013	0.0794148327564972	-3.88547204967537	0.000102131243481904	0.000125741366111604	NXPE3
NXPE4	3.27096221776711	-0.71798140205137	0.11654071669651	-6.16077730087334	7.2388733151763e-10	1.0028240614629e-09	NXPE4
NXPH3	396.134214889104	0.693303227890763	0.0514722353868884	13.4694602377298	2.36589191060176e-41	5.0460213605145e-41	NXPH3
NXPH4	373.340263104878	-1.46890044553006	0.119970942543937	-12.2438018271975	1.8133527690808e-34	3.58626271107706e-34	NXPH4
NXT1	571.8661970286	-0.244758222418244	0.0368113277695043	-6.64899196113782	2.95107114080567e-11	4.2013786464444e-11	NXT1
NXT2	286.843712630584	-1.38846451751496	0.0459069535887091	-30.2451896493618	6.03536616716186e-201	4.55715714660573e-200	NXT2
NYAP1	111.25130556473	-1.64726668564778	0.076250018088451	-21.6034923917911	1.66536643787081e-103	6.32986935137509e-103	NYAP1
NYAP2	32.6750198786436	-4.73557492557342	0.167068637034764	-28.3450862449307	9.62263858137495e-177	6.19961049045564e-176	NYAP2
NYNRIN	2179.06079698854	0.0875238497835578	0.061475118642643	1.42372803365109	0.154525215324165	0.167607158414696	NYNRIN
OACYLP	3.35449522338989	-0.443376096165822	0.114284320242563	-3.8795881641924	0.000104633471525878	0.000128760399298423	OACYLP
OAF	1873.19093522247	1.25285688932502	0.0597103690527108	20.9822332234964	9.53107522062329e-98	3.462540566023e-97	OAF
OARD1	1139.96220160063	-0.334650374139914	0.0184899828492585	-18.0990094403107	3.24450266563469e-73	9.5183006004058e-73	OARD1
OAS1	504.170855168933	0.457264799681317	0.0689059909965239	6.6360673878761	3.22162602059081e-11	4.58257526642869e-11	OAS1
OAS2	702.948859095845	1.21659340207218	0.0597985699863156	20.3448577842344	5.15614051393347e-92	1.77944182115254e-91	OAS2
OAS3	1279.55006139652	0.958699717240723	0.0561479926071919	17.0745145591888	2.29728469057776e-65	6.2580843999834e-65	OAS3
OASL	81.4680103351523	0.377541890430102	0.0819871343674592	4.60489189362312	4.12680184231586e-06	5.27116724356261e-06	OASL
OAT	3693.42465474318	-0.822802763101067	0.0230255432652032	-35.7343474429334	1.15807839375897e-279	1.35455290227779e-278	OAT
OAZ1	21873.374120298	0.247649307080574	0.0314439704373287	7.87589174128522	3.3832108775697e-15	5.15238401075568e-15	OAZ1
OAZ2	5977.20329054118	-0.12921716213932	0.040605226302223	-3.18227907849995	0.00146120944465063	0.00173744839244046	OAZ2
OAZ3	35.731709475197	-0.913211973921007	0.0388585855205316	-23.5009062138532	3.9926375915813e-122	1.75040110292389e-121	OAZ3
OBP2A	21.3354017584677	-4.34226457705218	0.18565664670041	-23.3886836492268	5.57153949186303e-121	2.42371392926598e-120	OBP2A
OBP2B	48.2468215340029	-2.91484559817296	0.157162405630914	-18.5467102420046	8.66985155970121e-77	2.62648936260824e-76	OBP2B
OBSCN	90465.4333448535	-1.26005155893629	0.124309796707505	-10.1363817841416	3.8094902537574e-24	6.63775375645019e-24	OBSCN
OBSL1	7341.85568601015	0.971306879263506	0.0415577055036496	23.3724857398156	8.14234547117482e-121	3.53607625637197e-120	OBSL1
OCA2	172.882493449988	-4.6261204287674	0.109693758472666	-42.1730506200145	0	0	OCA2
OCEL1	585.718288498128	0.29962313429896	0.0324869652089837	9.2228723850175	2.89245971646467e-20	4.76849229380717e-20	OCEL1
OCIAD1	5487.36888710452	0.110066724061598	0.0291478089800975	3.77615772550016	0.000159266160377461	0.000195110259490587	OCIAD1
OCIAD2	489.348223845024	0.342931517770068	0.0504442070405001	6.79823388827857	1.05909419217261e-11	1.52067915396818e-11	OCIAD2
OCLN	321.256456640178	-2.926385272919	0.109483168519859	-26.7290882469133	2.161584995397e-157	1.21330500474404e-156	OCLN
OCM	5.16812428550875	-2.42717916679361	0.10988044366025	-22.0892734497727	4.00789730811177e-108	1.58180573214909e-107	OCM
OCRL	2605.2139959812	-0.358407555733123	0.0159372456091037	-22.4886761818111	5.35741368744899e-112	2.18384972345492e-111	OCRL
ODAM	2.54193582535479	-0.46497076290441	0.175150587717239	-2.65469142276048	0.00793809866185879	0.00917455627686165	ODAM
ODC1	5567.71716511817	-0.738616735315138	0.0689543846544605	-10.7116717670159	8.9726674603473e-27	1.61759626393302e-26	ODC1
ODCP	8.87480490314758	-0.756807893851248	0.0734765223378376	-10.2999961044907	7.04641549757338e-25	1.23966502513505e-24	ODCP
ODF2	1465.51547837919	0.260501113390079	0.0289834309283967	8.98793224424135	2.51925264994908e-19	4.09916541188948e-19	ODF2
ODF2L	1116.65288787082	0.13580913487978	0.0475137451537976	2.85831256703041	0.00425900637393955	0.00497445975456046	ODF2L
ODF3	1.28953656955381	-0.676885006327463	0.118670757375596	-5.70389050594077	1.17103316097962e-08	1.57877231357056e-08	ODF3
ODF3B	663.415758879238	0.788460991862212	0.0560140303494727	14.076133906862	5.32439648082193e-45	1.18224325954454e-44	ODF3B
ODF3L1	20.2653055354047	-0.426612714538016	0.093027600501669	-4.58587249630675	4.5209445364797e-06	5.76764866060745e-06	ODF3L1
ODF3L2	133.115363428599	-2.48551689378803	0.111054431739028	-22.3810689485032	6.01844171668819e-111	2.43510832416507e-110	ODF3L2
OFCC1	0.770059540069228	-1.75052020276529	0.178783962142323	-9.79125969572014	1.22756852050803e-22	2.09256258879404e-22	OFCC1
OFD1	2011.51421182234	-0.398271131669639	0.0332485840693256	-11.9785892487697	4.60086279678916e-33	8.95740116861364e-33	OFD1
OFD1P17	6.1258311080204	-0.693922155180439	0.0903171019445547	-7.68317561392121	1.55192612028068e-14	2.34010907113188e-14	OFD1P17
OGDH	27989.9866813092	1.0054971402348	0.0673549602475999	14.9283309876295	2.15595003828687e-50	5.07310544303294e-50	OGDH
OGDHL	76.0021948349856	3.96984690838529	0.0780977879323079	50.83174585977	0	0	OGDHL
OGFOD1	2615.8576660154	-0.884999218324565	0.0498374810619255	-17.7577036292205	1.50257480476428e-70	4.30835442187985e-70	OGFOD1
OGFOD1P1	3.5705010217507	2.06515770881864	0.0930729693824057	22.1885873258604	4.42681790841614e-109	1.75909821566002e-108	OGFOD1P1
OGFOD2	428.142314398661	-0.0652263363362369	0.0264088470069178	-2.46986687147496	0.0135163342993764	0.0154667556876915	OGFOD2
OGFOD3	1490.5763600759	0.370643292628352	0.0180553984782058	20.5281147949044	1.20770187026308e-93	4.23201116733613e-93	OGFOD3
OGFR	2790.89845297527	-0.09604002629201	0.0245076951897989	-3.91877022903344	8.90019079682717e-05	0.000109794637153019	OGFR
OGFRL1	2482.8988647088	-0.752989601094687	0.0447192755033359	-16.8381440132794	1.28194612442967e-63	3.44114407781963e-63	OGFRL1
OGG1	582.966991372813	0.171412254205604	0.025176561995372	6.8084059387105	9.86860774949998e-12	1.41764271086704e-11	OGG1
OGN	1251.5387375131	1.04545984503739	0.108609781701616	9.62583506437372	6.21996306709077e-22	1.05043207778123e-21	OGN
OGT	16052.4118342538	-0.389850126847858	0.0198876320713998	-19.6026417548471	1.46801282114945e-85	4.79769404384735e-85	OGT
OIP5	45.847351412866	-3.50881400237551	0.0924196949192114	-37.9660851016955	0	0	OIP5
OIP5-AS1	7904.27446217656	-0.372601017124018	0.0434832288416469	-8.56884428893084	1.04528761378954e-17	1.65752487102056e-17	OIP5-AS1
OIT3	4.47254210434357	1.12986310299578	0.0917884971951713	12.3094193447065	8.06009725934849e-35	1.59913822071566e-34	OIT3
OLA1	3358.15221375776	-0.546226644498791	0.0378046446610507	-14.4486649562813	2.55592052046449e-47	5.82984354902195e-47	OLA1
OLA1P1	7.37802101776965	-0.449340882673504	0.0677561277413517	-6.63173793503655	3.31757217747e-11	4.71793464738802e-11	OLA1P1
OLAH	19.5467833485418	-0.641442486518556	0.0963981066156236	-6.65409839506738	2.85041941243256e-11	4.05904594914948e-11	OLAH
OLFM1	1392.40858079591	-0.706268138453313	0.0435870019138476	-16.2036411646136	4.75276511061507e-59	1.21733814394112e-58	OLFM1
OLFM2	1928.84765539021	-2.99855917356779	0.101260123946832	-29.6124383093017	1.03351286960945e-192	7.39438202139893e-192	OLFM2
OLFM4	134.363822195365	-0.717991355544037	0.106445086487276	-6.7451808179973	1.52836566927483e-11	2.1880157795941e-11	OLFM4
OLFML1	647.530135578922	0.297665945719586	0.0673645805902407	4.41873077975802	9.92822280329416e-06	1.25671850560508e-05	OLFML1
OLFML2A	2635.60094394737	0.397588359791349	0.0434589116429388	9.14860369854542	5.76741529156331e-20	9.46133624928745e-20	OLFML2A
OLFML2B	885.977037162237	-1.48058481673577	0.0649481118910448	-22.7964258486768	4.97517099166608e-115	2.07502439807648e-114	OLFML2B
OLFML3	1952.40587236809	-0.434752918092477	0.0635834319124598	-6.83751891044563	8.05764552285653e-12	1.15990145587317e-11	OLFML3
OLR1	30.9716334994956	0.055910198208619	0.130930089466952	0.427023294922068	0.669362360620823	0.685600311014571	OLR1
OMA1	615.910451907583	0.461919307823782	0.0407768956889993	11.3279664873655	9.53937463614602e-30	1.78482780194641e-29	OMA1
OMD	585.836441344418	0.70139295510024	0.0743298700134658	9.43621931496952	3.86472764480226e-21	6.45232446059038e-21	OMD
OMG	25.2173356150127	-0.386592580453623	0.0660338061442077	-5.85446459968344	4.78549125619914e-09	6.5127109777607e-09	OMG
OMP	0.704116568674219	0.567686835859708	0.143241943819774	3.96313272999122	7.39726272220132e-05	9.15239028540422e-05	OMP
ONECUT2	9.81396110498736	0.098267483072381	0.0843708417279683	1.16470905184541	0.244136783701201	0.261014803314446	ONECUT2
OPA1	4582.85032121518	0.357127876457507	0.0375731054307027	9.50488048202909	2.0027786381088e-21	3.3546122885081e-21	OPA1
OPA1-AS1	0.676587698738951	-0.36385747101937	0.0964888639533307	-3.77097891001555	0.000162608416807166	0.000199082779769149	OPA1-AS1
OPA3	1818.78852853694	0.836734453934968	0.0418497388682676	19.9937795685846	6.2386505474615e-89	2.09792543442657e-88	OPA3
OPCML	27.8939921985306	0.54157217179379	0.0824576521641841	6.56788251398971	5.10357815361041e-11	7.23495907569231e-11	OPCML
OPHN1	852.654014644826	-0.431576252193453	0.0274713153334502	-15.710068737333	1.2903913596091e-55	3.19465477435338e-55	OPHN1
OPLAH	3218.94764919343	0.841406868293715	0.0513020370262296	16.4010420846159	1.87985566954838e-60	4.88865673324768e-60	OPLAH
OPN1LW	0.455029918558042	-0.750869999350558	0.215991989189506	-3.47637892575619	0.000508233648086079	0.000613349014427293	OPN1LW
OPN1SW	1.40366231327708	0.127856658220436	0.167032687093803	0.765458907744411	0.443998326687174	0.464621199784666	OPN1SW
OPN3	56.3212688091939	-0.442416941205503	0.0440311026540461	-10.0478278884267	9.39146034709526e-24	1.62835366700117e-23	OPN3
OPN4	104.494551780596	-1.51533487960122	0.0743085265614753	-20.392476472368	1.95020096213236e-92	6.75496777358948e-92	OPN4
OPN5	14.4184477558165	4.90296661168136	0.120493298657662	40.6907825273452	0	0	OPN5
OPRL1	4.97542210166113	0.154333521990105	0.0743904569380046	2.07464140351662	0.0380197818183541	0.042612171876732	OPRL1
OPTC	2.23541281597226	-0.79237963336026	0.107085248342672	-7.39952183539463	1.36675748465074e-13	2.02961569717851e-13	OPTC
OPTN	32798.1776070735	-1.77659135168775	0.0793971789178004	-22.3760009600221	6.74275168255306e-111	2.72694390109274e-110	OPTN
OR10A2	0.483278823789499	-0.0148187827921373	0.191675368891944	-0.0773118782961171	0.93837544167721	0.942301479729524	OR10A2
OR10A4	0.132413550863721	0.39591034957577	0.461020691191894	0.858769155354413	0.390467888044301	0.410921511411018	OR10A4
OR10A5	0.0771301362475643	0.426547187526131	0.677431733188868	0.62965339033979	0.528921383888377	0.549242216981522	OR10A5
OR10A6	11.9020601234068	-5.52383313294737	0.196824636366481	-28.0647445102461	2.63981212752939e-173	1.66442235053088e-172	OR10A6
OR10AB1P	50.3634299531831	-2.49758726266057	0.0934045455024345	-26.7394616528108	1.63743226146784e-157	9.19956870745397e-157	OR10AB1P
OR10AD1	4.15629198230772	0.442903655113768	0.101827727835704	4.34953881941054	1.3642413324899e-05	1.72069143961258e-05	OR10AD1
OR10D1P	1.33713892989774	-1.84673263426466	0.148912365779878	-12.4014726687943	2.56564484805184e-35	5.11735987920012e-35	OR10D1P
OR10D3	0.0873431495149503	0.47478316510801	0.484453011433543	0.98003966102529	0.327066541600956	0.346406496549707	OR10D3
OR10Q1	2.29322891344903	0.114245342263799	0.130037643427737	0.878555926209827	0.379642101681075	0.40009001067625	OR10Q1
OR10S1	0.0656101360249899	0.61824066594394	0.577644412584918	1.07027896829705	0.284493758278835	0.302723422756831	OR10S1
OR10V2P	1.94708264397779	-0.144466693500315	0.117155005236281	-1.23312438259852	0.217529361838231	0.233330118129544	OR10V2P
OR11H13P	0.429413658194694	-0.169321026343517	0.274873528085168	-0.615996118371406	0.537897081662454	0.558079848242411	OR11H13P
OR11H4	0.649689083298217	-0.370247420268211	0.170481157517502	-2.17177913183867	0.0298723264465778	0.0336692598062016	OR11H4
OR11L1	0.10422424591815	0.27593346087449	0.492310081557644	0.560487122265404	0.575147221031364	0.594363920189768	OR11L1
OR13A1	4.64504622919554	0.564976519020557	0.0770865183373424	7.32912227982762	2.31664939768046e-13	3.42606028653023e-13	OR13A1
OR13D1	0.196240129294391	0.633996029736076	0.362315601657238	1.74984468467868	0.080145117749044	0.0884327733603372	OR13D1
OR13D3P	0.226672223844163	0.179474424860525	0.284930188439693	0.629889117202166	0.528767133604698	0.549113717088852	OR13D3P
OR13G1	0.438916574088448	-0.683356200120204	0.223229295932626	-3.06122992175028	0.00220429754932675	0.00260142661675938	OR13G1
OR13H1	0.0488112707038109	0.598359799588106	1.15392664856238	0.518542318381826	0.60407994214553	0.622619126170151	OR13H1
OR14A16	0.07352875409332	0.396414615264317	0.60066597418879	0.659958499896189	0.509280461469722	0.52985536856528	OR14A16
OR14A2	0.113275696348789	0.117446028853545	0.535028152155018	0.219513736577204	0.826249880555184	0.836755223621596	OR14A2
OR14K1	0.372688191463441	-0.657223699364293	0.239851856172723	-2.7401234655904	0.00614161085120339	0.00712891004207585	OR14K1
OR1B1	1.08043788198485	-1.40434024816886	0.147581730234422	-9.51567816651951	1.80531481814496e-21	3.02611714698086e-21	OR1B1
OR1C1	0.27861124060714	-0.287102743356597	0.256786101854307	-1.11806184713023	0.263540579799502	0.281175555771149	OR1C1
OR1E1	4.19417353785955	-0.800893582057765	0.138717057758009	-5.77357676843838	7.76062235701119e-09	1.05139582335033e-08	OR1E1
OR1E2	0.35074617454972	0.663901174717759	0.260982366400445	2.54385452884999	0.0109636733907933	0.0125945810279305	OR1E2
OR1J1	0.575644404271043	-0.92712168067829	0.202108379198281	-4.58725009005553	4.49122552796111e-06	5.73095277017281e-06	OR1J1
OR1J2	0.251949435404769	-0.0758119066789809	0.281134404956785	-0.269664279228416	0.787418543796101	0.799273779568829	OR1J2
OR1J4	0.506634406634427	-0.968923114887819	0.211825593425768	-4.57415508304651	4.78145587176519e-06	6.09783826763338e-06	OR1J4
OR1K1	0.638711558961608	-0.750917822027917	0.163202271018122	-4.60114811726202	4.20168501741771e-06	5.36605406162016e-06	OR1K1
OR1L1	0.204397349744445	-0.00634588231630326	0.334636860533581	-0.0189634886789958	0.984870231981992	0.98613021726042	OR1L1
OR1L3	0.18195085653834	0.0441640372048333	0.348032260754282	0.126896389171273	0.899022404562697	0.905241702724822	OR1L3
OR1L4	0.288554152900533	-0.132354848084583	0.267884141764532	-0.494074965441299	0.621253237359289	0.639404203871044	OR1L4
OR1L6	0.211292902993628	0.0416228545447605	0.293663189203687	0.141736710881699	0.887287976565802	0.89394251223826	OR1L6
OR1L8	10.5864446906846	-1.57493700635372	0.0717862496356094	-21.9392573695963	1.09677827718709e-106	4.27062638279143e-106	OR1L8
OR1N1	0.462340135887982	-0.741696027705985	0.21343575856434	-3.47503170366086	0.000510792978871207	0.000616355035035567	OR1N1
OR1N2	0.202094656111242	0.292293359162708	0.338522059880836	0.863439621233543	0.387895803040987	0.408357936168244	OR1N2
OR1Q1	1.10300323519727	-1.77911548320017	0.177148451268217	-10.0430766990249	9.85513537945419e-24	1.70776176324177e-23	OR1Q1
OR1S1	0.146714381924883	0.4645437267812	0.352201531649992	1.3189713417909	0.187178693516605	0.201893682185416	OR1S1
OR1S2	0.0822673713207653	0.594388442464115	0.48147216968412	1.23452294834419	0.217008100880828	0.232812612429572	OR1S2
OR2A1	12.048483548429	-0.779402922510353	0.0828164817010623	-9.4112054327992	4.90479125079288e-21	8.17813517094503e-21	OR2A1
OR2A12	2.22002158255933	-0.648030076143419	0.131945271853316	-4.91135504168604	9.04491421300916e-07	1.17379785702817e-06	OR2A12
OR2A13P	2.65196798638732	-1.10716388026984	0.127020314644478	-8.7164315674128	2.87107371914635e-18	4.59234032507138e-18	OR2A13P
OR2A14	1.29006078275858	-0.811110866718718	0.150584734530193	-5.38640831854099	7.18795676558482e-08	9.53643939691129e-08	OR2A14
OR2A2	0.336414157827284	-0.394653759431831	0.237573568391178	-1.66118546816627	0.0966762032133963	0.106152759182893	OR2A2
OR2A25	0.863236457949285	-0.928689015696536	0.150368039530264	-6.17610642924971	6.57017058639147e-10	9.10887559501177e-10	OR2A25
OR2A4	0.360442008070044	-0.561433109276864	0.186495233808288	-3.01044213201718	0.00260867651473789	0.00307040577623884	OR2A4
OR2A42	15.6375399156386	-0.888385824568765	0.0801841215458404	-11.0793235299196	1.58062248613411e-28	2.91793512182341e-28	OR2A42
OR2A5	1.99335593612219	-0.770108814927532	0.141237607670304	-5.45257617733956	4.9645293736998e-08	6.61141475593475e-08	OR2A5
OR2A7	76.3247168886164	-2.95236776901649	0.106443564396872	-27.7364609663828	2.53809144449497e-169	1.55032860849522e-168	OR2A7
OR2AE1	2.18986916044961	-0.798428966071804	0.125311443075687	-6.37155671082299	1.87119074923876e-10	2.6243322693453e-10	OR2AE1
OR2AG1	0.874226596808154	0.0562647536491331	0.16287463801681	0.345448219159364	0.72975743200122	0.743469553084722	OR2AG1
OR2AG2	1.03594366921763	-0.303801056274772	0.146042129212985	-2.08022888951252	0.0375045436280588	0.0420477883562958	OR2AG2
OR2AK2	0.228075340865023	-0.255186912190536	0.318862387948113	-0.80030421221101	0.423534563199839	0.444084673355096	OR2AK2
OR2B11	1.38173597895434	0.801102835316334	0.143097695238049	5.59829306812849	2.16472586468677e-08	2.90366842699155e-08	OR2B11
OR2B2	0.0686391113179984	0.460439564490181	0.745780798890721	0.617392624179976	0.536975785852649	0.557220333264168	OR2B2
OR2B6	1.30131900129258	-0.386843620962535	0.14248426137278	-2.71499193830566	0.00662773838150705	0.00768377140500473	OR2B6
OR2D2	0.139049903985718	0.360191673469123	0.398003613945929	0.904995987091859	0.36546751313209	0.385648672483191	OR2D2
OR2D3	0.0859182189752992	0.478998532097774	0.522456152465697	0.916820540512677	0.359236687239964	0.379251633746208	OR2D3
OR2F1	1.12617467032142	0.217218725191904	0.146326345056076	1.48448131543681	0.137681276437374	0.149761354592372	OR2F1
OR2F2	0.0983540256446967	0.482559905005121	0.631727178121482	0.763873902718689	0.44494239082396	0.465504093297376	OR2F2
OR2L1P	0.563428688681972	-1.19232273878141	0.22884811253841	-5.21010518966498	1.88733595981438e-07	2.48329322510187e-07	OR2L1P
OR2L2	1.3650544689673	-1.1174075422985	0.153576304699501	-7.27591111457523	3.44090102570036e-13	5.07369424669332e-13	OR2L2
OR2L3	1.31790866868885	-2.34364923211034	0.221970442025788	-10.5583843088354	4.64589355247341e-26	8.29505354474051e-26	OR2L3
OR2L5	0.204357896999156	-0.0398301125770336	0.377781682273192	-0.105431561258787	0.916033373354777	0.920893373939424	OR2L5
OR2L6P	0.158795427511149	0.100203267672926	0.41201339284201	0.243203908935432	0.80784743886845	0.818948118886691	OR2L6P
OR2L8	0.092175497897144	0.360143876078905	0.650296034225139	0.553815273543895	0.579705274360471	0.598661846352064	OR2L8
OR2S2	1.0256541639745	1.85494892821913	0.139309325416993	13.3153248906111	1.88550455481607e-40	3.97342162154578e-40	OR2S2
OR2T12	0.110109916253432	0.256548928644412	0.528759846634445	0.485189883984846	0.627541657193017	0.645322900378835	OR2T12
OR2U1P	0.0379384545113556	0.574214576789091	1.01427126424014	0.566135112995904	0.571301935381957	0.590729285933173	OR2U1P
OR2W3	6.58356469890873	-0.604218498589304	0.110890091172526	-5.44880513849739	5.07093331272141e-08	6.75211706208285e-08	OR2W3
OR4D6	0.480020673134497	-0.943158329791472	0.236927690106138	-3.9807855695084	6.86878911259992e-05	8.51022594919892e-05	OR4D6
OR4F21	0.240457926859926	0.0142898186461423	0.316916737972451	0.0450901354644906	0.964035464185842	0.966666799844549	OR4F21
OR51B2	0.214155702852039	0.493909305004045	0.27172020125804	1.81771286314852	0.0691080306838353	0.0764389203383116	OR51B2
OR51B4	0.815968283080138	0.30614738140449	0.156664582520169	1.95415821802019	0.0506825088371536	0.0564494395234254	OR51B4
OR51B6	0.239549517105506	0.334115315943352	0.272493401717614	1.22614094079825	0.220145641510435	0.236023924528252	OR51B6
OR51E1	147.280234550108	2.31063899342405	0.0818769793877821	28.2208626979325	3.2437854316701e-175	2.07429419380083e-174	OR51E1
OR51E2	33.2442726920923	-0.421493420243408	0.0667037044193082	-6.31889074096762	2.63447447091629e-10	3.68192352103759e-10	OR51E2
OR51I1	0.562095620759853	-0.357094052063372	0.176163094554122	-2.02706504995951	0.0426557605672814	0.047683434513546	OR51I1
OR51I2	0.474434395001099	0.32838367354381	0.185994940880698	1.76555164344198	0.0774710988254451	0.0855294234870799	OR51I2
OR51J1	0.270763927061452	0.503748919177037	0.241806214758236	2.08327531896026	0.0372261351068749	0.0417434534391612	OR51J1
OR51K1P	0.211619212733499	0.210718612597765	0.272311564834776	0.773814408967968	0.439040550357129	0.459646908629677	OR51K1P
OR51M1	0.594202107640039	0.211225796612356	0.166218615905458	1.2707709991551	0.203810128771493	0.219215232314511	OR51M1
OR51Q1	0.198643872813367	0.642182955460322	0.29573576515897	2.17147545585203	0.0298952505156444	0.0336929880122786	OR51Q1
OR52B2	0.234815448375412	0.568873339706306	0.253406301439362	2.24490605196112	0.0247741643519577	0.0280195861082929	OR52B2
OR52B6	0.793790951841995	0.489597630389671	0.15243099744181	3.21192958523133	0.00131846686805371	0.00156979443692274	OR52B6
OR52D1	0.462782694435254	0.594036713190809	0.19403280715083	3.06152718147834	0.00220210996995697	0.00259901531400442	OR52D1
OR52E4	0.353519691862875	0.207748105234409	0.204793974059471	1.01442489305901	0.310380051145769	0.329353413149905	OR52E4
OR52H1	0.483906783376339	0.25673991419302	0.194567592290626	1.31954099431691	0.186988314518853	0.201712509717378	OR52H1
OR52I1	0.304469043231771	0.870079020417868	0.222200036114111	3.91574653017176	9.01248967153485e-05	0.000111149511220402	OR52I1
OR52I2	1.22735059059432	0.507047919782941	0.129376407938652	3.91916832335748	8.88550460374134e-05	0.000109620977569699	OR52I2
OR52K1	0.54805808321559	1.04490004180964	0.169506703220639	6.16435823455045	7.07695659044179e-10	9.80695116124269e-10	OR52K1
OR52K2	0.150514770703724	0.384779744103837	0.406381284294516	0.946844155906001	0.343718197649412	0.363422688745202	OR52K2
OR52L1	0.484429793253429	-0.0611350494541506	0.217374413784162	-0.281243079118105	0.778523965146478	0.790869632991069	OR52L1
OR52N1	1.89564888162817	1.37654299598632	0.166058398782557	8.28951143741197	1.13714581514036e-16	1.7762722855208e-16	OR52N1
OR52N2	2.19014850472217	-0.192565470253418	0.135206491275826	-1.4242324346734	0.154379198706409	0.167458870497985	OR52N2
OR52N4	18.0477125716145	0.202088558256973	0.0786209393864333	2.57041647980925	0.0101576316504972	0.0116857881600691	OR52N4
OR52N5	1.16725828333447	1.01467472898008	0.188951248969522	5.37003451691262	7.87215733479622e-08	1.04349561254541e-07	OR52N5
OR52W1	0.462075168024647	0.58337595054429	0.180044280288818	3.24018041344312	0.00119454093431852	0.00142450688033572	OR52W1
OR56A1	1.29300234705047	-0.671596039346136	0.15327757071772	-4.3815676109779	1.17828467653881e-05	1.48833783330118e-05	OR56A1
OR56A3	1.07610974623025	-0.430037472501894	0.155359128405625	-2.76802191744482	0.00563976627568822	0.00655357515516517	OR56A3
OR56A4	0.548807295569328	-0.236107259453152	0.18415299190875	-1.28212556856066	0.199798600952485	0.214964713151975	OR56A4
OR56B1	1.77117345088255	0.176124379212172	0.130348075957686	1.35118510893361	0.17663614346868	0.190842519571436	OR56B1
OR56B4	0.787731601772775	-0.363147974612286	0.144854695054641	-2.50698104383363	0.0121767241785799	0.0139586838144697	OR56B4
OR5AK1P	0.0544157596846563	0.513753690090774	0.766536965449744	0.670226894784315	0.502713161596748	0.523325215238438	OR5AK1P
OR5AK2	0.249688602504442	0.616900206956687	0.339943417267222	1.81471437780999	0.0695678143573319	0.0769361814982081	OR5AK2
OR5B21	0.326455175485996	0.413758541423455	0.217346784067466	1.90367915126373	0.0569519833274832	0.063267875331895	OR5B21
OR5C1	0.36918254864904	-0.329966676198647	0.20134117188674	-1.63884352666955	0.101245851533888	0.11099431019863	OR5C1
OR5E1P	3.76032905529496	-3.89327829802816	0.186753650379303	-20.8471335908068	1.61831223295763e-96	5.79726139412343e-96	OR5E1P
OR5H15	0.0490049559544332	0.588769766807311	1.23108529107071	0.478252620738603	0.632470413948227	0.650057092696245	OR5H15
OR5H3P	0.0331669316416529	0.517218375546214	1.44002853088646	0.359172311140128	0.719466189003423	0.733607730160339	OR5H3P
OR5H5P	0.0220390064086915	0.545882070641291	1.44716115981852	0.377208900983596	0.70601836602595	0.720630336064477	OR5H5P
OR5K2	6.52918426900309	0.0856408110892323	0.0683333812390219	1.25327928365891	0.210104084992938	0.225782558292513	OR5K2
OR5P1P	1.8553468380769	-3.08520927282486	0.190525201702898	-16.1931820318232	5.63382593514013e-59	1.44198067195304e-58	OR5P1P
OR5P2	2.66230417445599	-3.5305167966656	0.194922643906903	-18.112399492959	2.54413481251466e-73	7.47217666178438e-73	OR5P2
OR5P3	2.99939569269572	-3.54601801471035	0.191751674973094	-18.4927616158133	2.36145316978992e-76	7.12632330417239e-76	OR5P3
OR6A2	0.722382405632089	-0.253505255359275	0.166750207212638	-1.52026950728768	0.128443254439834	0.140017381649091	OR6A2
OR6B1	0.703869469474495	-0.587187402013339	0.175595740832202	-3.34397291887878	0.000825877988786958	0.000989262022634684	OR6B1
OR6C76	0.0878453521745166	0.647032194843546	0.465520716945199	1.38991063403031	0.164556016054253	0.178090112727265	OR6C76
OR6F1	0.356568818170561	-0.498158991894966	0.238698093513761	-2.08698353875309	0.036889622572327	0.0413789940132389	OR6F1
OR6V1	0.15834936347506	0.338629338101403	0.387735646871171	0.87335105975932	0.38247175773219	0.40288338176237	OR6V1
OR6W1P	0.343179808589785	-0.209901567474054	0.253737541194652	-0.827238911852739	0.408101660579863	0.428777096369469	OR6W1P
OR7A5	21.5247576684719	-4.1306149675973	0.155191465847883	-26.616250739239	4.40241323361429e-156	2.4489443948792e-155	OR7A5
OR7C1	60.4902422524219	-1.93363538045146	0.0871365745144027	-22.1908583304689	4.2088359992135e-109	1.67321680260252e-108	OR7C1
OR7D2	21.7825889783176	-1.05236984448173	0.096218698094444	-10.9372696297426	7.64682056999442e-28	1.39718247138114e-27	OR7D2
OR7E100P	0.558531628415611	0.382619362833261	0.189253406136744	2.02173039124485	0.0432042123927055	0.0482875342903944	OR7E100P
OR7E126P	4.8099039242797	1.4428417512384	0.0699479214894476	20.6273713430651	1.55897357217553e-94	5.50364449357358e-94	OR7E126P
OR7E128P	8.01473238432731	1.01362228248781	0.0623146439637042	16.2661971250001	1.7148251784916e-59	4.41736806497242e-59	OR7E128P
OR7E12P	17.9490227517284	-0.669256551774202	0.0885585276358053	-7.55722311155061	4.11765329679816e-14	6.17065243054143e-14	OR7E12P
OR7E13P	6.2372035950826	-0.442578131045754	0.0930193093628627	-4.75791676026408	1.95601121139024e-06	2.51878945677343e-06	OR7E13P
OR7E14P	29.8089637988938	-0.829249781053969	0.0648560218474024	-12.7860105728514	1.962945615751e-37	4.00441795434426e-37	OR7E14P
OR7E158P	0.754629734337007	-1.00753584477322	0.193113457008619	-5.21732592011053	1.81524689596605e-07	2.38931408118492e-07	OR7E158P
OR7E22P	5.2584725564887	-3.65995772865862	0.162275111262284	-22.5540300061361	1.22597231137807e-112	5.02819037983975e-112	OR7E22P
OR7E2P	3.30967037983298	0.584703547971501	0.10037240039208	5.82534188370012	5.69957993180103e-09	7.74676369317052e-09	OR7E2P
OR7E38P	214.953830488278	0.636434100794317	0.0343377060649592	18.5345549755225	1.08685124331969e-76	3.28979472523924e-76	OR7E38P
OR7E47P	3.95684951298912	-1.47533342862129	0.130817180883707	-11.2778261896106	1.6886723285896e-29	3.15166309869791e-29	OR7E47P
OR7E55P	0.303227240715145	0.412566129604511	0.206662645256178	1.99632656928927	0.0458983878415556	0.0512350787260227	OR7E55P
OR7E7P	23.9681174326544	-0.21270194136323	0.0456921037647908	-4.65511376885066	3.23801860970694e-06	4.14917233722485e-06	OR7E7P
OR8A1	0.23935917174664	0.516198363477963	0.245346813378976	2.10395381284458	0.0353824761417618	0.0397206082337296	OR8A1
OR8B12	0.0611059024296935	0.566358137810646	0.694467604427148	0.81552852026528	0.414769846196539	0.435325753681062	OR8B12
OR8B2	0.0359308777995464	0.549346737838788	1.30282039643367	0.421659608141357	0.673273490882087	0.689318400032331	OR8B2
OR8B3	0.0463142461670838	0.558058872067792	1.00256981735476	0.556628438646008	0.577781319318824	0.596843927326933	OR8B3
OR8B4	0.0359104473631418	0.598595267285065	1.23331342265251	0.48535534949231	0.627424299479713	0.645239077635645	OR8B4
OR8B8	0.122044256637005	0.536019709192684	0.401722856249525	1.33430224557535	0.182104821969598	0.196621215227612	OR8B8
OR8D1	0.211627321546098	0.327419090482373	0.284449886805598	1.15106071638602	0.249707257756714	0.26679401010509	OR8D1
OR8D2	0.0410940597956614	0.577300988666864	1.02811207390455	0.561515620057254	0.574446085008028	0.593741615539132	OR8D2
OR8G1	0.224077835845956	0.118077056650487	0.275509430113255	0.42857718736505	0.668230950127479	0.684545033760798	OR8G1
OR8G2P	0.0544307918889193	0.568969040707844	1.34751284225672	0.422236451383256	0.672852437713104	0.688926496289949	OR8G2P
OR8G3P	0.0962284514607571	0.485480782312683	0.677582790832586	0.716489245124044	0.473689306001276	0.494340610895065	OR8G3P
OR8G5	0.506652812493305	-0.310947773866112	0.289454643049503	-1.0742538816796	0.282708908846249	0.300859773463868	OR8G5
OR8G7P	0.0126703022676886	0.555261693816902	1.7794962483201	0.312033079216146	0.75501538392552	0.768202121074117	OR8G7P
OR9A2	0.265439372718454	0.214041426301786	0.287669050214122	0.74405441302242	0.456843556963671	0.477369296389566	OR9A2
OR9A4	0.254011404369175	0.579206206059425	0.292952642536904	1.97713255304212	0.0480266489966108	0.0535477057038087	OR9A4
ORAI1	2115.39270164941	-1.75347805047114	0.0464229795540112	-37.7717687946127	0	0	ORAI1
ORAI2	571.38447582196	0.503504415406125	0.053955226394272	9.33189329476296	1.03996347339812e-20	1.72665398308795e-20	ORAI2
ORAI3	976.397415115905	0.492824850308131	0.0305598405551011	16.1265517540754	1.66035645312642e-58	4.23164045203577e-58	ORAI3
ORC1	74.1778068221011	-1.68200859086439	0.0616351458961891	-27.2897640852083	5.61084878650034e-164	3.30500291249321e-163	ORC1
ORC2	1334.02531135608	-0.117050181650755	0.0188286632913672	-6.21659540241617	5.08057535944944e-10	7.05729122968203e-10	ORC2
ORC3	1293.64075342274	-0.0120119258137565	0.0305274326155569	-0.393479725760991	0.693965195401364	0.709172153415836	ORC3
ORC4	1302.56285496617	-0.0686327591282667	0.0180378074334648	-3.80493911920444	0.000141839073210888	0.000173926781803079	ORC4
ORC5	656.233168861722	-0.772909665137553	0.0192054012220134	-40.24439042969	0	0	ORC5
ORC6	55.4676894338279	1.09015922763225	0.0517581497935794	21.062561779739	1.75427330064967e-98	6.41191343857761e-98	ORC6
ORM1	38.9569413967939	-0.0850826636358184	0.140417389705984	-0.605926828678206	0.54456334314846	0.564703308947256	ORM1
ORM2	11.3966693704419	-0.670149237746845	0.151212041221232	-4.43185101090183	9.34275678894659e-06	1.18335888655944e-05	ORM2
ORMDL1	2222.36399764147	-0.32498051753277	0.0252313279870044	-12.8800401508852	5.83052211732001e-38	1.19716241170158e-37	ORMDL1
ORMDL2	644.124786339287	0.0255284409850756	0.0347517641241898	0.734594102729476	0.46258673062671	0.483146140876786	ORMDL2
ORMDL3	3329.39461908572	0.00379912049769193	0.0364902545926639	0.10411329107185	0.917079443430967	0.921893508750815	ORMDL3
OS9	6249.77204613525	-0.0250058527270517	0.0254708870830634	-0.981742514326446	0.326226714939302	0.345557673038859	OS9
OSBP	5072.01704687422	-0.747177401399423	0.027481594475972	-27.1882842188325	8.93561526524307e-163	5.21562939006616e-162	OSBP
OSBP2	474.729444753588	0.85573750305906	0.0455460261082815	18.7884119906449	9.39488219999874e-79	2.8928716127639e-78	OSBP2
OSBPL10	756.315523060207	-1.08520495605323	0.0514626142127208	-21.0872489214702	1.04144517347405e-98	3.81192650827704e-98	OSBPL10
OSBPL11	3546.693579409	-2.15571824459855	0.0738295351249156	-29.1985888973999	2.02088257304217e-187	1.39807483463997e-186	OSBPL11
OSBPL1A	5145.95943682889	-0.425982186791343	0.0524866622479797	-8.11600830661964	4.81767731048078e-16	7.45491354474035e-16	OSBPL1A
OSBPL2	4170.68394870369	-0.324859057863228	0.0360375584544408	-9.01445802089837	1.97846304191054e-19	3.22476577484893e-19	OSBPL2
OSBPL3	1250.78964858332	-1.46767200698705	0.0579814974797995	-25.3127647746314	2.31130667469765e-141	1.15764695189851e-140	OSBPL3
OSBPL5	2605.94933224923	-0.275548635791912	0.0385105676625005	-7.15514344547629	8.3585471711662e-13	1.22436494123332e-12	OSBPL5
OSBPL6	2801.52342387875	-2.45400685878567	0.0765892713646698	-32.0411307623131	2.91780668027877e-225	2.52637989666658e-224	OSBPL6
OSBPL7	1059.38283965133	0.0357438781574796	0.0653932559535119	0.546598844732397	0.584654362950966	0.603565016200054	OSBPL7
OSBPL8	2776.14585718078	-0.729446271704302	0.0276942118207054	-26.3393042714772	6.80565970099073e-153	3.6877989246699e-152	OSBPL8
OSBPL9	5757.870405165	-0.396963169443021	0.0376842809019364	-10.5339191817409	6.02716364863359e-26	1.07527227788953e-25	OSBPL9
OSCAR	88.7502212752526	0.405509199142728	0.0572328498587429	7.08525261529997	1.38790892871578e-12	2.02527145150881e-12	OSCAR
OSCP1	273.717179106283	0.0427610218677438	0.026865082454384	1.59169516566162	0.111453215103248	0.121872756959881	OSCP1
OSER1	3680.70184065515	-0.986327525123728	0.0333847532945804	-29.5442508267343	7.78451485718033e-192	5.5365093616793e-191	OSER1
OSGEP	1090.42790207378	0.0814644480856854	0.0210745253027052	3.86554130712631	0.000110843086258954	0.000136290054354333	OSGEP
OSGEPL1	342.036401346155	0.478228192402355	0.0353213156204257	13.5393652247144	9.15768285660162e-42	1.96130219038294e-41	OSGEPL1
OSGIN1	803.565405014026	-0.136433817899188	0.0629193570928473	-2.16839179869335	0.0301288891686975	0.033952055460481	OSGIN1
OSGIN2	1073.87260708891	-0.497623467201739	0.034059513318217	-14.6104103882066	2.41061511350591e-48	5.56041551232957e-48	OSGIN2
OSM	26.3400439293349	1.02044010486281	0.0819168436737386	12.4570242101497	1.28060495445916e-35	2.56192151424977e-35	OSM
OSMR	3742.14502238606	-0.002915171369364	0.0565045173662117	-0.0515918284987812	0.958853930583566	0.961813898887506	OSMR
OSR1	689.475645872553	-0.67434762548714	0.0691631409228573	-9.7501012315113	1.84284412774607e-22	3.13219121363016e-22	OSR1
OSR2	995.753581421874	-2.07713534595497	0.0654455504913527	-31.7383738139605	4.59427638862597e-221	3.90470109875619e-220	OSR2
OST4	2568.81618625837	0.529970568747872	0.0250932034439806	21.1200841666552	5.20022229335287e-99	1.90727794422667e-98	OST4
OSTC	1405.560280936	0.158448122362821	0.0313945914697371	5.04698787100184	4.4882983199207e-07	5.86099804547643e-07	OSTC
OSTCP5	0.154286547420997	0.400888449133993	0.289982021484752	1.38245966795246	0.166830606111235	0.180497520171195	OSTCP5
OSTCP8	1.79418406748705	-1.90312853522979	0.136257335476261	-13.9671638857297	2.47279261535474e-44	5.45298785605791e-44	OSTCP8
OSTF1	1432.78157696121	-0.289098613266558	0.0521658929634554	-5.54190864649983	2.99192393387097e-08	4.00220128807396e-08	OSTF1
OSTM1	1768.6451913942	0.261731551847623	0.0291989264668185	8.96373886023012	3.13851707002382e-19	5.10171986432173e-19	OSTM1
OTC	4.13816787311556	-1.05230121399479	0.161345986729049	-6.52201666324641	6.93683062352979e-11	9.80217348725644e-11	OTC
OTOA	4.26400206109906	-0.468089309105045	0.103136760960297	-4.53853024611894	5.66476715845001e-06	7.21258124340491e-06	OTOA
OTOF	67.5607493132568	-2.51351930721044	0.0730888807204777	-34.3899001111151	3.56985942718815e-259	3.73610695051243e-258	OTOF
OTOG	1.53805237754088	-0.351773604189889	0.136884207460423	-2.56986259201302	0.0101738860276272	0.0117037399273593	OTOG
OTOGL	38.1066645230993	0.265056564328675	0.0564171585110573	4.69815515924513	2.62521970844978e-06	3.36993367837156e-06	OTOGL
OTOP1	5.07023052708158	-4.27441151222357	0.214730063609501	-19.9059760909717	3.61187426909586e-88	1.20805181564464e-87	OTOP1
OTOP2	8.77848147078385	-3.77265189047302	0.181343374857984	-20.8039135338003	3.98895770435047e-96	1.42357707446496e-95	OTOP2
OTOP3	66.1130213564693	-6.93069334726383	0.233790585358558	-29.6448778578249	3.94842183441321e-193	2.83169487813833e-192	OTOP3
OTUB1	4154.85099391737	-0.0516319547817775	0.019281285789639	-2.67782736821019	0.00741013995576065	0.00857537314970411	OTUB1
OTUB2	267.353525179443	-4.17727497246092	0.121286460778053	-34.4413955660317	6.05792968515733e-260	6.36595401415744e-259	OTUB2
OTUD1	2609.13343855376	0.95735569671915	0.0657711386190079	14.555863207186	5.36049867641411e-48	1.23236700733244e-47	OTUD1
OTUD3	1061.86668554793	-0.447048871287211	0.0214587894628701	-20.8329026229898	2.1785012927186e-96	7.79161569048829e-96	OTUD3
OTUD4	4686.44894949597	-0.838241811230022	0.0391573322390283	-21.4070204301237	1.14929864194315e-101	4.30741720874841e-101	OTUD4
OTUD5	3605.71867782578	-0.406390992050049	0.0142364119370881	-28.5458859891048	3.15945822063944e-179	2.0764296250358e-178	OTUD5
OTUD6B	702.327443541589	-0.301050832015528	0.0264164963679781	-11.3963194748437	4.36171542398599e-30	8.19488981809537e-30	OTUD6B
OTUD7A	410.112953177594	-0.890600508175342	0.0521622962391682	-17.0736446128036	2.33178017065659e-65	6.3510931838386e-65	OTUD7A
OTUD7B	2599.29158362946	-0.81138813816329	0.0351303003277967	-23.0965329243509	5.01676175063793e-118	2.13996986429463e-117	OTUD7B
OTX1	275.150094231999	-7.40522722389987	0.186787727645811	-39.6451486252982	0	0	OTX1
OVCH1	14.6307471447664	0.32870825739259	0.0680509597015138	4.83032508041584	1.36310317964786e-06	1.76058121093787e-06	OVCH1
OVCH1-AS1	49.0864042051755	0.47119599619766	0.0598987545629754	7.8665407926347	3.64581880580213e-15	5.54903055070974e-15	OVCH1-AS1
OVCH2	104.761294999504	-5.57260882384843	0.126803720640819	-43.9467296045141	0	0	OVCH2
OVGP1	393.937393413406	-1.14246819502634	0.0517608969736317	-22.0720323994451	5.86931564013102e-108	2.31290610415934e-107	OVGP1
OVOL1	848.851564730606	-8.29754381454483	0.167274025656893	-49.6044964659636	0	0	OVOL1
OVOL2	227.818544521577	-8.04960061111607	0.189345008796659	-42.5128745789159	0	0	OVOL2
OVOL3	2.57998424699238	-0.793962218968519	0.093232846154916	-8.5159066971877	1.65291877719596e-17	2.61414434267303e-17	OVOL3
OXA1L	8681.28028342925	0.179183650284302	0.0350555098263627	5.11142616872031	3.19735782176694e-07	4.18830142261874e-07	OXA1L
OXCT1	4206.86925409286	2.1087902323509	0.0471063015160656	44.7666270643578	0	0	OXCT1
OXCT2	26.2977588904279	0.972836794353133	0.0953282934453763	10.2051212624568	1.88086059552904e-24	3.29223760989092e-24	OXCT2
OXCT2P1	27.113825579452	2.61217673434521	0.0761764683040476	34.2911241818022	1.06422149892288e-257	1.10351677431513e-256	OXCT2P1
OXER1	122.830611195594	0.225639800029932	0.0616878084760015	3.65776975393303	0.00025441943618526	0.000309739231081487	OXER1
OXGR1	73.170212672491	-2.67538718363002	0.0954111034689718	-28.0406272054077	5.19720234748714e-173	3.27229239094495e-172	OXGR1
OXLD1	737.789394487964	-0.0155596378396932	0.0264457871967302	-0.588359791445988	0.55629082037268	0.576134345407549	OXLD1
OXNAD1	621.372331017417	0.244402530906777	0.0353545088547268	6.91290980482964	4.74811863667655e-12	6.86292625492329e-12	OXNAD1
OXR1	3173.04744604097	-0.731029440737685	0.022316758216148	-32.7569727492376	2.41579401490516e-235	2.21531880093265e-234	OXR1
OXSM	547.301706240727	0.332474350076899	0.0344419251747258	9.65318716622948	4.76512420970617e-22	8.05947579619663e-22	OXSM
OXSR1	3930.7112744735	-0.557476680221918	0.0274657740709778	-20.2971406806621	1.36287903538341e-91	4.6899609091831e-91	OXSR1
OXT	11.6190020043862	-0.663548040960133	0.0903725518012879	-7.34236256180028	2.09855979384487e-13	3.10531646929729e-13	OXT
OXTR	470.85679909734	-3.27118482441531	0.134779791752945	-24.2705882081453	4.00918919781411e-130	1.85716455866834e-129	OXTR
P2RX1	344.975548238826	-1.40701417540297	0.0901648638469101	-15.6049054517724	6.74095185461672e-55	1.65747677004447e-54	P2RX1
P2RX2	5.77924068136812	-2.9141070858921	0.157698420455859	-18.4789871545211	3.04850399411393e-76	9.18736320074415e-76	P2RX2
P2RX4	472.619523625495	-0.0325629518729186	0.0526311578600876	-0.618701035601051	0.536113327650919	0.556421587352641	P2RX4
P2RX5	719.905844219445	0.339871342331963	0.120112613793352	2.82960574745876	0.00466053954679944	0.00543392527896475	P2RX5
P2RX6	1340.84822075146	-2.87693161889782	0.118294588134516	-24.3200611648132	1.20273485040114e-130	5.5886499850467e-130	P2RX6
P2RX7	428.482740111941	-2.32835300028993	0.0936464463190681	-24.8632285773757	1.8602530744941e-136	8.9824076164078e-136	P2RX7
P2RY1	694.709906769642	-0.731824981851067	0.0698104890728386	-10.483023275879	1.03384920992189e-25	1.83987341846801e-25	P2RY1
P2RY10	18.6256478179031	-0.830918466690538	0.0865433109450118	-9.60118647665895	7.90293875785706e-22	1.33215470156555e-21	P2RY10
P2RY11	744.818769203357	-1.00455476716351	0.0403480811566355	-24.897212912399	7.97569135915475e-137	3.86149596977258e-136	P2RY11
P2RY12	27.4779147502838	-0.339833276802681	0.0901163882342646	-3.77104856798364	0.000162563026947958	0.000199040746027085	P2RY12
P2RY13	37.9408301385081	0.631370044649215	0.0629684729798772	10.0267644230627	1.1626416954681e-23	2.01295692604802e-23	P2RY13
P2RY14	222.700350337461	0.74209876976411	0.0444856952683624	16.6817392711828	1.77961210197179e-62	4.72908140649456e-62	P2RY14
P2RY2	2018.88005014627	-1.11918844975423	0.0909802789963797	-12.3014400714111	8.89735596906667e-35	1.76486286280076e-34	P2RY2
P2RY4	18.6208311200216	-1.79808369266577	0.0848245673173632	-21.1976759744428	1.00330014580788e-99	3.7009028534196e-99	P2RY4
P2RY6	174.408013801054	0.399823353451469	0.064373452250879	6.21099753813513	5.26492986125238e-10	7.31055248630084e-10	P2RY6
P2RY8	285.557342000052	1.8844025816685	0.0760672873211355	24.7728379442935	1.75958078969683e-135	8.44645701208871e-135	P2RY8
P4HA1	4799.69352702358	-0.560902637325337	0.0666139964778512	-8.42019195638312	3.75867949215835e-17	5.91071805174653e-17	P4HA1
P4HA2	1555.96286315264	1.47169565441193	0.0340202460270152	43.2594065675853	0	0	P4HA2
P4HA3	59.7410384761196	-0.498634706381946	0.073466591457336	-6.78723071930616	1.14306335488191e-11	1.64032871900744e-11	P4HA3
P4HB	19452.7400798582	-0.246978024323149	0.0232269514976853	-10.6332518216074	2.08705920413972e-26	3.74605172337413e-26	P4HB
P4HTM	1456.68368069482	0.470300331697137	0.0243768659216332	19.292895699105	6.16232045987039e-83	1.9727535229971e-82	P4HTM
PA2G4	6830.371051916	-0.499058851235564	0.0267543287083154	-18.6533871462996	1.18524964579134e-77	3.61254298575854e-77	PA2G4
PA2G4P1	1.45969764788273	-0.0591665684337102	0.112367461131461	-0.526545388121658	0.598509324957154	0.617124891657333	PA2G4P1
PA2G4P2	2.06492705124938	-0.134062028776294	0.0966157799296581	-1.38757901529025	0.165265275085594	0.178846953036899	PA2G4P2
PA2G4P4	22.3422172752619	0.13650616176059	0.0513913608271103	2.65620835026768	0.00790247734065073	0.00913455946889192	PA2G4P4
PAAF1	931.604039560847	0.200466070516679	0.0205466515440638	9.75662969154681	1.7280259264155e-22	2.93842761207306e-22	PAAF1
PABPC1	26713.849253952	-1.33779376408698	0.0433175478092374	-30.8834140376178	1.99490569069967e-209	1.58614387536593e-208	PABPC1
PABPC1L	507.430545445219	-0.72257795635373	0.0655987688219917	-11.015114602448	3.23125145146441e-28	5.93709884432079e-28	PABPC1L
PABPC1P1	0.97172815516633	-0.2991068610038	0.123081000720801	-2.4301627322831	0.0150920449324431	0.0172369710569703	PABPC1P1
PABPC1P4	40.8883065701935	-0.16990726404628	0.0672514701741992	-2.5264468361238	0.0115222826192374	0.0132236282708889	PABPC1P4
PABPC3	0.173427581399678	0.128437798073139	0.26477479162448	0.485083180634874	0.627617342380965	0.645342552535181	PABPC3
PABPC4	16458.1268207898	-0.930315774510382	0.0654967838100362	-14.203991713679	8.65392532944747e-46	1.94044979889616e-45	PABPC4
PABPC4L	68.2961669422955	1.2456799415132	0.0573790550868109	21.7096628661549	1.66272757795056e-104	6.37095766936739e-104	PABPC4L
PABPC5	59.3458615181328	0.201505409121467	0.0469854031402448	4.28868107228967	1.79737238322727e-05	2.25939247698841e-05	PABPC5
PABPN1	1843.32097328497	0.0536884358296121	0.029812097137764	1.80089430077709	0.0717195414639449	0.0793011956936408	PABPN1
PABPN1L	4.72294325709845	1.56304611819898	0.0720391258304355	21.6971833039459	2.18121307866542e-104	8.34162239835485e-104	PABPN1L
PACRG	110.815487277647	2.65319526270707	0.0515686588267421	51.4497627642624	0	0	PACRG
PACRGL	535.275904387889	-0.289405729694416	0.0191252136781782	-15.1321566683789	9.93842180589786e-52	2.37332887938402e-51	PACRGL
PACS1	4392.0748629746	0.687114809259062	0.0210690609481472	32.6125028044729	2.72708143969733e-233	2.461895335807e-232	PACS1
PACS2	6739.01886990844	-0.265130597518172	0.0428068193595659	-6.19365328900392	5.87854620942227e-10	8.15503316243914e-10	PACS2
PACSIN1	183.182171737002	4.32599263805574	0.055022178957419	78.6227066980311	0	0	PACSIN1
PACSIN2	5214.48405705005	0.332558854213293	0.0201351541951814	16.516330145258	2.79920698683332e-61	7.35276885597353e-61	PACSIN2
PACSIN3	9503.80362005369	0.065929642781648	0.0817091958062544	0.806881552695461	0.419734727874358	0.440305643150717	PACSIN3
PADI1	318.150576754435	-6.72590378450405	0.180074059857971	-37.3507644010967	2.46401574382496e-305	3.27341309258989e-304	PADI1
PADI2	16118.7096507771	-7.32124856836322	0.111407117777833	-65.7161653078864	0	0	PADI2
PADI3	38.9640111727758	-6.39746127144942	0.190371677016681	-33.6051106535604	1.41260270072267e-247	1.38272219770032e-246	PADI3
PADI4	33.7859272632694	2.3480897589981	0.0846785637902252	27.7294471457386	3.08384938419006e-169	1.8817753479595e-168	PADI4
PAEP	13.1695293995372	-4.03366810447995	0.203535485537293	-19.818009099651	2.08183185720876e-87	6.92443740975885e-87	PAEP
PAF1	3284.36729714672	-0.0519982170355965	0.0228538436464962	-2.27525040601074	0.0228909126510584	0.0259499539411615	PAF1
PAFAH1B1	10051.0921907925	-0.324936161467652	0.0292309503389379	-11.1161682292215	1.04671581398932e-28	1.936677085787e-28	PAFAH1B1
PAFAH1B2	2708.85224422081	0.442259863144726	0.0170718753879415	25.9057574575029	5.73574637067307e-148	3.01369440801185e-147	PAFAH1B2
PAFAH1B3	196.172296721538	-1.23688283046171	0.0422014086255358	-29.3090413506549	7.95485139042494e-189	5.53946924096864e-188	PAFAH1B3
PAFAH2	1202.82671210463	-0.487081491982346	0.04329831993039	-11.2494316815391	2.33089068563438e-29	4.3444153274078e-29	PAFAH2
PAG1	1214.83006709993	0.881165170875063	0.0454550070305473	19.3854369064973	1.02431457248706e-83	3.30087479759033e-83	PAG1
PAGE2	0.675504207912343	-0.606083515084682	0.16046806952506	-3.7769726829675	0.000158746134878412	0.000194499671518261	PAGE2
PAGE2B	1.6639733530935	-0.801980591093908	0.117576634077943	-6.82091809638183	9.0460507927292e-12	1.30083048665856e-11	PAGE2B
PAH	4.81737282854522	-0.2205268378477	0.135088106391748	-1.63246671922534	0.102581203920277	0.112417158880367	PAH
PAICS	2820.43904640524	-0.699083939253515	0.0262156562282318	-26.6666580141018	1.14722154517294e-156	6.41738192500249e-156	PAICS
PAICSP4	1.74021023201249	-0.572595952787689	0.110435781363757	-5.18487709071077	2.16157369582256e-07	2.84142603318985e-07	PAICSP4
PAIP1	3626.59088086047	-0.0461237775702941	0.0442101619176343	-1.04328452033777	0.296816538239353	0.315388377595572	PAIP1
PAIP1P1	22.3128199061348	0.0840759454083953	0.0524107762137517	1.60417287211128	0.108675952609569	0.118900858379922	PAIP1P1
PAIP2	2492.92830670759	0.0461848867438373	0.0389194984088866	1.18667733737524	0.23535491750349	0.251790316770494	PAIP2
PAIP2B	3242.19405644879	0.523324678155635	0.0762301151076815	6.86506477678008	6.646108844871e-12	9.58089255357754e-12	PAIP2B
PAK1	2378.55918707155	-2.13781452587633	0.0481256732590914	-44.4214985703598	0	0	PAK1
PAK1IP1	691.41470430104	-0.21095027150645	0.0324911601507821	-6.49254352653122	8.43991227759008e-11	1.19064938016379e-10	PAK1IP1
PAK2	4305.30566101113	-0.222385557424003	0.0262862269006748	-8.46015513235541	2.67022071351805e-17	4.21046277715823e-17	PAK2
PAK3	270.33791089251	-2.76109778060214	0.0788772366954911	-35.0050013955417	1.88824312941102e-268	2.07891526437479e-267	PAK3
PAK4	2040.17069368362	-0.797570666063766	0.0403552583113001	-19.7637358658768	6.11100574659221e-87	2.02176464702089e-86	PAK4
PAK6	1311.78770444721	-1.53619477994616	0.102910079307349	-14.9275444182508	2.18152803902824e-50	5.13195063127905e-50	PAK6
PALB2	520.681867766901	-0.929827281690345	0.0227516301130984	-40.8686004944776	0	0	PALB2
PALD1	978.115544333641	0.572424891975708	0.0340582953919624	16.8072090921731	2.16109192749137e-63	5.78551692248247e-63	PALD1
PALLD	19375.9942764038	1.56173853780437	0.0506687700827822	30.8225073403759	1.30882997515981e-208	1.03561531353194e-207	PALLD
PALM	3159.61594438208	0.321411653911131	0.0601451293442615	5.34393486912996	9.09502593673591e-08	1.20364330162611e-07	PALM
PALM3	27.438295317589	-0.57340491648731	0.0900718141465219	-6.36608601614861	1.93912713316155e-10	2.71813016072583e-10	PALM3
PALMD	7014.83414004915	0.361716724460207	0.0428167541974884	8.44801833394052	2.96288860662731e-17	4.6678590764833e-17	PALMD
PAM	14983.9626396683	2.09050749586842	0.0429033036968559	48.7260261037105	0	0	PAM
PAM16	1102.60562965162	0.355639417254712	0.0453326477222292	7.84510579293434	4.32588650019838e-15	6.57910467134767e-15	PAM16
PAMR1	974.27619219455	0.697744272030958	0.0704514100679081	9.90390783319174	4.0031992342375e-23	6.88070174883121e-23	PAMR1
PAN2	3298.97837291036	0.141973544182618	0.0245446158753069	5.78430499397021	7.28127325201005e-09	9.87123059266704e-09	PAN2
PAN3	2491.65986786188	-0.770833478039947	0.0370118404100446	-20.8266724783227	2.48111358241456e-96	8.87041223377248e-96	PAN3
PANK1	787.205433710793	-0.0525926493366098	0.0585094134841332	-0.898875004974577	0.368719242919454	0.388988752962145	PANK1
PANK2	957.52825332598	-0.214216236567387	0.0148470057661409	-14.4282449903747	3.43716231254056e-47	7.83194415038514e-47	PANK2
PANK3	2958.54116329337	-0.491443556134428	0.0242118391841141	-20.2976548950843	1.34869434527809e-91	4.64203573792561e-91	PANK3
PANK4	2072.43495741995	0.105630923814156	0.0354702614106806	2.97801368281851	0.00290123032593527	0.0034082782155688	PANK4
PANX1	1143.43035353849	-0.277506225470239	0.0568961072731781	-4.87742024490067	1.07482284137107e-06	1.39283607857754e-06	PANX1
PANX2	96.4291915197574	-2.09503381003459	0.0615594966375693	-34.03266635478	7.32615106926896e-254	7.43813002808294e-253	PANX2
PANX3	0.495859006709513	0.261221745402416	0.18078219782338	1.4449528136483	0.148471140108411	0.161215405542979	PANX3
PAOX	263.957924029851	-0.541924324516272	0.0242265254390382	-22.3690485818913	7.87993677824554e-111	3.18541976072755e-110	PAOX
PAPLN	1284.04581871849	-1.41589890102431	0.067629192400835	-20.9362089174796	2.50626114903896e-97	9.05745973576598e-97	PAPLN
PAPOLA	6573.86941661931	0.275472618581145	0.0148960472790473	18.4930010908749	2.35098812997294e-76	7.0959318121467e-76	PAPOLA
PAPOLB	2.20779421649756	0.359130963059813	0.12423406395085	2.89076080777567	0.00384310499575549	0.00449510935858315	PAPOLB
PAPOLG	840.960800936227	-0.341848467696004	0.0162241736077007	-21.0703161813893	1.48933634702574e-98	5.44688004526825e-98	PAPOLG
PAPPA	226.009182729613	0.503530510369212	0.0554604831440988	9.07908625788431	1.09490141066025e-19	1.78980387697922e-19	PAPPA
PAPPA2	238.277064640894	-2.66943929437558	0.114882331816787	-23.2362910132498	1.95749531051552e-119	8.41779099010749e-119	PAPPA2
PAPSS1	1832.37911639919	-1.27096870106886	0.0581293840327824	-21.8644790791537	5.66077870720136e-106	2.19233385344948e-105	PAPSS1
PAPSS2	1243.48908031683	0.188984035603714	0.0622951957821467	3.033685555217	0.00241586091847284	0.00284662645764415	PAPSS2
PAQR3	828.287156041478	-0.612231976882133	0.0260704211116133	-23.4837778132172	5.97488467310964e-122	2.61433881868368e-121	PAQR3
PAQR4	399.2409803665	-0.526647334914292	0.0510594727662799	-10.3143903840326	6.06650727177919e-25	1.06894280931184e-24	PAQR4
PAQR5	155.240345165969	-0.342314838738227	0.0990384249812661	-3.45638411356985	0.00054747455892812	0.000659865385688992	PAQR5
PAQR6	400.545290302829	-1.37509400766914	0.0673074886818189	-20.4300299208843	9.04465032712485e-93	3.14431731437957e-92	PAQR6
PAQR7	874.567099263302	-1.9290389279363	0.0715799691959572	-26.9494238346955	5.79367560309107e-160	3.31085569940452e-159	PAQR7
PAQR8	260.523295896593	0.917333974147395	0.0461733356044136	19.8671800973311	7.82784699414653e-88	2.61232988026755e-87	PAQR8
PARD3	5636.75309527467	-1.23485756868249	0.0384219401001487	-32.1393861284405	1.24274329288219e-226	1.08070637754456e-225	PARD3
PARD3B	1128.08247006826	-0.986278307555028	0.0321748352311031	-30.6537174307455	2.35779365949806e-206	1.84053094816238e-205	PARD3B
PARD6A	194.319098323115	-0.164361879234732	0.0519272903315504	-3.16523119510566	0.00154959769179745	0.00184023670999116	PARD6A
PARD6B	175.005464908586	-0.268509880530288	0.0663606240884278	-4.04622295553595	5.20506606519124e-05	6.4662797956872e-05	PARD6B
PARD6G	1212.1920981442	-2.83410788270477	0.0877745819534811	-32.288480555872	1.01506649031629e-228	8.96135943706889e-228	PARD6G
PARG	1098.81316791214	-0.326011317870965	0.0247410992018569	-13.1769132491291	1.19167622310075e-39	2.48913479833333e-39	PARG
PARGP1	186.426420052102	-0.529567254909412	0.0252283878776867	-20.9909272632434	7.93820331472618e-98	2.88619668487954e-97	PARGP1
PARK7	9584.1827109634	0.148305657470596	0.0480802278771346	3.08454564420076	0.00203863325783232	0.00240844242792148	PARK7
PARL	2013.28497305438	-0.00315154944181467	0.0209489629704338	-0.150439401046371	0.880417957433386	0.887567408812634	PARL
PARM1	3788.80082513305	1.34146951993337	0.0482444649270372	27.8056668669069	3.70465601074179e-170	2.28303707118668e-169	PARM1
PARN	1949.73046925961	-0.263852599128248	0.0145232540366558	-18.1675951176162	9.3194415301734e-74	2.74699962313168e-73	PARN
PARP1	6285.19969684055	0.467382059503168	0.041895538764502	11.1558908964116	6.70181279445512e-29	1.24203986526291e-28	PARP1
PARP10	2471.99232922641	-0.150594246993065	0.0334806290097745	-4.49795154532789	6.86113288814927e-06	8.7161081947477e-06	PARP10
PARP11	339.643534492096	-0.12397819113885	0.0287436648069118	-4.31323535017839	1.60882695745513e-05	2.02520937490558e-05	PARP11
PARP12	1196.87069450686	0.446108279415613	0.0343049231416227	13.0042057687732	1.15795689518984e-38	2.39178222264054e-38	PARP12
PARP14	2661.55009945071	0.6765847871068	0.0422634305057669	16.0087522240884	1.11013857058495e-57	2.8074746289828e-57	PARP14
PARP15	137.079246967041	-0.0340049741946891	0.0612871000366448	-0.554847172967179	0.578999197889594	0.597966985726367	PARP15
PARP16	612.809352341164	-0.459838705115597	0.0300031156591847	-15.3263651128455	5.09723095948297e-53	1.23012809360039e-52	PARP16
PARP2	1394.52936767627	-0.345132431115198	0.0236971999181603	-14.564270559692	4.7401713768909e-48	1.09086966192039e-47	PARP2
PARP3	1126.36593932436	0.217612519208332	0.027717342085951	7.85113228149795	4.12297802092583e-15	6.27209730031994e-15	PARP3
PARP4	2024.39387176043	0.127805201794337	0.0311036215762518	4.10901352696237	3.97352803770641e-05	4.95274049347411e-05	PARP4
PARP4P2	0.939523169562809	-0.584691642560744	0.132798645012765	-4.40284343642619	1.06841269708281e-05	1.35116600816268e-05	PARP4P2
PARP4P3	2.03313195224756	-1.39855580758793	0.113288025488653	-12.3451335792591	5.17482819820307e-35	1.02850924584138e-34	PARP4P3
PARP6	4374.49760074601	-0.611065997815001	0.0187155779109838	-32.6501271145027	7.97997671057225e-234	7.24760649682195e-233	PARP6
PARP8	590.613548189458	-0.0632724279522019	0.0511492843409418	-1.23701492146893	0.216081543062631	0.23186002960601	PARP8
PARP9	1660.5559954787	0.449948002903639	0.0338833006090063	13.2793439486837	3.05055082820842e-40	6.41431672217963e-40	PARP9
PARPBP	51.1205063447206	-1.18544573509588	0.0488855501765552	-24.249409709301	6.7076550859044e-130	3.1031739707367e-129	PARPBP
PARS2	222.302586002025	0.135449381951995	0.0337843428881609	4.00923535498039	6.09156799599376e-05	7.55611325081889e-05	PARS2
PARVA	5115.3528821411	0.763383490467253	0.0505741807410693	15.0943323110984	1.76465143406118e-51	4.20234031810231e-51	PARVA
PARVB	6054.88317969853	0.183442122272269	0.0753865417840385	2.43335372509565	0.0149596785020555	0.0170890451018848	PARVB
PARVG	222.514022901538	0.368750513364431	0.0558875127273563	6.59808417603691	4.16504781807744e-11	5.91425619414783e-11	PARVG
PASK	475.667534214028	-1.34016595301859	0.0562584468545313	-23.8215952972162	1.99530509586666e-125	8.96144885995402e-125	PASK
PATE1	0.133252663511248	0.343247418207762	0.455136137402785	0.754164281848699	0.450750582199014	0.471358268279566	PATE1
PATE2	0.847554251116996	0.329127335966049	0.161934249530351	2.03247513679532	0.042105578332678	0.0470859486591623	PATE2
PATE3	0.0908123092833108	0.473470783657014	0.567276386052901	0.834638626422325	0.403921207011196	0.424483953961617	PATE3
PATE4	0.522885387163125	-0.144807872821872	0.182506404860698	-0.793439950408315	0.42752154250046	0.448056316170865	PATE4
PATL1	3541.9510909826	-0.779449300207916	0.0300917719287162	-25.9024062143744	6.25673041004195e-148	3.28647225302495e-147	PATL1
PATL2	55.0283936447996	0.669233478850546	0.0538365090448618	12.4308483355203	1.77738054685181e-35	3.55219576150542e-35	PATL2
PATZ1	1283.9113782006	-0.215649942044344	0.0293761736145926	-7.34098132975424	2.12033389992996e-13	3.13727852479363e-13	PATZ1
PAWR	1888.59421430203	-1.22704724840258	0.0672799220751803	-18.2379409867842	2.57995401033639e-74	7.63970260570246e-74	PAWR
PAX1	41.4523558677266	-4.80287089774968	0.114134418980512	-42.0808283833271	0	0	PAX1
PAX3	148.068326984405	-6.43553788200786	0.0752205010009981	-85.5556370453112	0	0	PAX3
PAX5	8.982264864802	-1.61191757927025	0.126165061072431	-12.7762596519876	2.22515793609136e-37	4.53624779247798e-37	PAX5
PAX6	8.80940785702224	-2.02643393891154	0.114798394755529	-17.6521104082245	9.80237747051827e-70	2.79197146909493e-69	PAX6
PAX8	129.78086212091	-0.779978092771396	0.071253853581534	-10.9464689075221	6.9088652481914e-28	1.26286031003954e-27	PAX8
PAX9	22.8761735780929	-2.4809589203199	0.0933622593736238	-26.5734670193811	1.37574988908715e-155	7.62230647998087e-155	PAX9
PAXBP1	1889.22891778048	-0.403974064831246	0.0199832641467348	-20.2156195236629	7.13439914173799e-91	2.43924632384474e-90	PAXBP1
PAXIP1	667.302294898655	-0.574132928271503	0.0159339667830038	-36.032014883068	2.63834067787084e-284	3.17041191871515e-283	PAXIP1
PAXIP1-AS2	353.269941376666	0.0951230571922249	0.033807663531708	2.81365368840144	0.00489819656154871	0.00570621513748631	PAXIP1-AS2
PBDC1	874.885509481088	-0.118605839880354	0.0175851325707326	-6.74466566591335	1.53379794027764e-11	2.19561802965708e-11	PBDC1
PBK	43.1352530937478	-1.32280266717457	0.102548924699724	-12.8992348876197	4.54588125134673e-38	9.34030457772999e-38	PBK
PBLD	273.818947035053	-0.056406601621787	0.0342337692828773	-1.64768889910116	0.0994165271667526	0.109055265419178	PBLD
PBOV1	1.26385183681635	-1.69185258166718	0.179754902635863	-9.41199687384568	4.86799191243449e-21	8.11828075002161e-21	PBOV1
PBRM1	2931.54434979596	-0.336165554614654	0.0162122228547837	-20.7353154237861	1.66360818889232e-95	5.90081005088681e-95	PBRM1
PBX1	4836.7320130058	-0.544642002824899	0.0450732048628316	-12.0834984883452	1.29107187020017e-33	2.53027596466775e-33	PBX1
PBX2	2887.63044136427	0.138123415157195	0.0159175853373551	8.67741006125153	4.04883169959908e-18	6.46011517678453e-18	PBX2
PBX2P1	6.46429141047005	0.0982739946820334	0.060852166754164	1.61496294912635	0.106318718718964	0.116378428437828	PBX2P1
PBX3	1211.9847822203	1.46379040028914	0.0332066317559108	44.0812669905489	0	0	PBX3
PBX4	81.6275861909245	-3.31797317885315	0.08747671790977	-37.9297858691447	0	0	PBX4
PBXIP1	8145.75047720982	-0.645145506862228	0.0414595153236668	-15.5608550130337	1.34292865200257e-54	3.29212292859843e-54	PBXIP1
PC	2118.1496599152	-1.88965031168728	0.0638066729258313	-29.6152459458873	9.50966971483268e-193	6.80650356010748e-192	PC
PCAT1	31.1205592297885	-1.44307389103883	0.0668482645072461	-21.5873052453352	2.36401028333981e-103	8.9701832020236e-103	PCAT1
PCBD1	2067.80482403419	1.17006965696733	0.0403618077241015	28.9895255674746	8.91765981258164e-185	6.0462069411029e-184	PCBD1
PCBD2	1576.15532133983	-0.199436022480896	0.058826310856027	-3.39025207562312	0.000698283833689044	0.000838378395933868	PCBD2
PCBP1	2125.95808865969	-1.13595834189204	0.046503450312567	-24.4273991339747	8.75086325932901e-132	4.0904775261278e-131	PCBP1
PCBP1-AS1	1476.69967242702	-0.506045091514572	0.0279317908580697	-18.1171731553465	2.33276631150953e-73	6.85585736709927e-73	PCBP1-AS1
PCBP2	19035.4106947443	-0.417650867524132	0.0138277696809786	-30.2037766870423	2.11299001321983e-200	1.59212780359858e-199	PCBP2
PCBP2P1	2.34874576496856	-0.154388806322429	0.0909642416093609	-1.69724722144599	0.0896499308824601	0.0986061594656706	PCBP2P1
PCBP3	149.182476049362	0.106775709218276	0.0781444338542211	1.3663891841288	0.171816841775134	0.185780572368704	PCBP3
PCBP4	5404.40146848152	-0.0540766786575606	0.0601878476931236	-0.898465067787077	0.368937660486451	0.38917356146596	PCBP4
PCCA	1184.15706125317	0.589277966020611	0.0304232771007524	19.3693126506098	1.40115538579229e-83	4.51202112694938e-83	PCCA
PCCB	2037.81267728426	0.799498982263563	0.0496538404888325	16.1014530677315	2.49183254182389e-58	6.34089307115803e-58	PCCB
PCDH1	2947.50392839847	0.177456679807453	0.0550109219422998	3.22584449672713	0.0012560157842379	0.00149652767620244	PCDH1
PCDH10	22.0836135676492	-0.0843178279194784	0.0770655434468215	-1.09410540882854	0.27390875050179	0.291874232983054	PCDH10
PCDH11X	11.2629668408046	-2.29089843926091	0.110251794839849	-20.77878589268	6.73400846806562e-96	2.39705134335869e-95	PCDH11X
PCDH11Y	3.46334717463223	-1.19470064133655	0.149259318638773	-8.00419466089	1.20251038454452e-15	1.84727679059447e-15	PCDH11Y
PCDH12	982.242476946382	2.21536644208749	0.0521970975784052	42.4423300310863	0	0	PCDH12
PCDH15	5.45855109974258	1.27851932633412	0.116909747747128	10.9359514580385	7.75877819458654e-28	1.41735098722095e-27	PCDH15
PCDH17	193.143343986123	1.99661164317775	0.0567166853121058	35.2032498406881	1.78322846595177e-271	1.99502148014903e-270	PCDH17
PCDH18	902.879003874024	-0.496658879890786	0.0629716707287571	-7.88702084831264	3.0948572222051e-15	4.71763272562571e-15	PCDH18
PCDH19	215.425487846347	-1.16119353100757	0.0604318540808076	-19.2149247887523	2.7763615683236e-82	8.84710295475185e-82	PCDH19
PCDH20	123.351036058464	0.640190157943388	0.0759819357977859	8.42555735414737	3.59037060440018e-17	5.64949836099716e-17	PCDH20
PCDH7	958.094484221878	2.21411613018392	0.0943713078954292	23.4617510296385	1.00294856519581e-121	4.38205755390528e-121	PCDH7
PCDH9	505.451105355237	2.49257779069315	0.0589039384128561	42.3159784872574	0	0	PCDH9
PCDHA1	0	NA	NA	NA	NA	NA	PCDHA1
PCDHA10	29.6743011806629	-1.20214574117795	0.0870661016966439	-13.8072765146471	2.30377974085593e-43	5.02244630194352e-43	PCDHA10
PCDHA11	5.09450030455622	-2.38296319335135	0.138627285739648	-17.1897125492792	3.17100584161038e-66	8.7186919436121e-66	PCDHA11
PCDHA12	3.26879180038768	-2.17376564437314	0.145550917977511	-14.9347436249699	1.9582578880484e-50	4.60972933735572e-50	PCDHA12
PCDHA13	2.41239437588087	-1.76222357526218	0.134554781957709	-13.0966997205351	3.43888656159922e-39	7.14242494465763e-39	PCDHA13
PCDHA2	6.85825785337161	-0.489133366988076	0.11428763745637	-4.27984494101391	1.87023567412982e-05	2.35016491239169e-05	PCDHA2
PCDHA3	16.7753343928474	-0.805036274724756	0.0891650303894837	-9.0286098844834	1.7386630934129e-19	2.83596179272614e-19	PCDHA3
PCDHA4	9.49139808294952	-1.41696196898997	0.0955146984183574	-14.8350148453972	8.69846832957728e-50	2.03563609465316e-49	PCDHA4
PCDHA5	4.39931694541528	-1.28169082234576	0.115975913378314	-11.0513535527406	2.15934304513705e-28	3.97691161812073e-28	PCDHA5
PCDHA6	5.95497471512478	-1.31241675563892	0.118867990819603	-11.0409601995433	2.42428519451468e-28	4.46121016013685e-28	PCDHA6
PCDHA7	6.9151467186968	-0.79887128342247	0.0934353063779182	-8.54999372711715	1.23095201610364e-17	1.94953081487609e-17	PCDHA7
PCDHA8	1.40505610984545	-1.36661512740988	0.165534877930364	-8.25575337654686	1.50947031606936e-16	2.35418256450914e-16	PCDHA8
PCDHA9	2.32140919900771	-1.63768280426443	0.140691473312984	-11.6402420537684	2.57284395713261e-31	4.91340590625336e-31	PCDHA9
PCDHAC1	4.69433003118961	-1.49570601261165	0.109248991123271	-13.6907993129563	1.15234600720385e-42	2.49439399659409e-42	PCDHAC1
PCDHAC2	8.28912348408399	0.107086675595643	0.0758535918787006	1.41175484170727	0.158022159288827	0.171214451026735	PCDHAC2
PCDHB10	83.2992014914358	0.0953161496584454	0.0491163664945696	1.94061891098935	0.0523045185616905	0.058198395266967	PCDHB10
PCDHB11	92.4932450859398	-0.594624083955581	0.0493074275292302	-12.0595235596722	1.72779512983074e-33	3.38028911336629e-33	PCDHB11
PCDHB12	90.3267414599368	0.0964220830258779	0.0427341720095751	2.25632271532659	0.024050427806378	0.0272181410123608	PCDHB12
PCDHB13	157.083630179681	0.252401688999952	0.0432680694631133	5.83344004324318	5.42961233988493e-09	7.38373133869220e-09	PCDHB13
PCDHB14	353.234625099422	0.247928464178867	0.0419359760574341	5.91207091112682	3.37833030593479e-09	4.6144110962237e-09	PCDHB14
PCDHB15	266.659056793012	1.57892024970779	0.0442083090697344	35.7154635165349	2.27485503100466e-279	2.65562032510473e-278	PCDHB15
PCDHB16	168.926959552406	0.55679675154185	0.0493548407680691	11.2815023385118	1.6195622775245e-29	3.02361963884241e-29	PCDHB16
PCDHB19P	9.98585648979223	-0.169851617887902	0.0581568952614662	-2.92057574814251	0.00349385250634551	0.00409245438357142	PCDHB19P
PCDHB2	61.9957660322585	0.387922192624427	0.0487584647563325	7.95599686255597	1.77694903813247e-15	2.71950855597879e-15	PCDHB2
PCDHB3	66.6707554408974	0.147789192545769	0.0466217422416846	3.16996288511996	0.00152458410160482	0.00181089003055021	PCDHB3
PCDHB4	257.250041966348	-0.236596893313194	0.0415431906863208	-5.69520273730683	1.2322540644716e-08	1.66068768544982e-08	PCDHB4
PCDHB5	102.612765235362	1.00396462057144	0.0441653022231444	22.7319766883723	2.16371931468559e-114	8.9848007805433e-114	PCDHB5
PCDHB6	63.7184534106897	0.0952721268310953	0.0523509849701201	1.81987267069517	0.0687783976788906	0.0760865251117078	PCDHB6
PCDHB7	101.795306543941	0.401501773417491	0.0571721943771056	7.02267558193063	2.17659209010827e-12	3.16612801729607e-12	PCDHB7
PCDHB8	26.3448427636596	1.01504610123023	0.059563850340826	17.0413110539716	4.0553772430132e-65	1.10189955851291e-64	PCDHB8
PCDHB9	73.62423062287	0.313579551495835	0.0443264947301668	7.07431420879815	1.50189636054001e-12	2.18929762621108e-12	PCDHB9
PCDHGA1	72.649927712219	1.75869595386865	0.0547929130841819	32.0971427667417	4.83275857371836e-226	4.19048589043855e-225	PCDHGA1
PCDHGA10	144.756282280238	-0.248062072188719	0.0414640397065328	-5.98258331663801	2.19626103057387e-09	3.0114941203047e-09	PCDHGA10
PCDHGA11	122.143633605117	0.741175474242245	0.0391844067344163	18.9150617812279	8.57199691611222e-80	2.66409731503688e-79	PCDHGA11
PCDHGA12	159.6226792026	1.17092432809229	0.0392896223324067	29.8023818652615	3.63863385742335e-195	2.64642618454456e-194	PCDHGA12
PCDHGA2	184.868481651165	1.18720716235861	0.0357617300631938	33.1976993355947	1.16207775873582e-241	1.10039777669666e-240	PCDHGA2
PCDHGA3	104.310445850643	2.06871455225949	0.0352029596661304	58.7653587050479	0	0	PCDHGA3
PCDHGA4	80.0385206410889	0.860906229433744	0.0348288653996304	24.7181818745919	6.81938627773464e-135	3.25784958560247e-134	PCDHGA4
PCDHGA5	106.753484144127	1.53592156858246	0.0386495628431884	39.7396879963198	0	0	PCDHGA5
PCDHGA6	235.463570514209	1.33208858158073	0.0357131119879047	37.2997061144344	1.65920052777884e-304	2.1945090889454e-303	PCDHGA6
PCDHGA7	95.5506472826608	1.08713064171853	0.0369043966049844	29.4580251061928	9.93659480868349e-191	7.01720844060853e-190	PCDHGA7
PCDHGA8	32.5255770901427	1.21604647391821	0.0485950020808722	25.0241058101913	3.34205368843871e-138	1.63523534780063e-137	PCDHGA8
PCDHGA9	106.340905446997	-0.351220474621056	0.0380568035554815	-9.22884850560362	2.73556784925705e-20	4.51232079670817e-20	PCDHGA9
PCDHGB1	23.7266443374233	1.04750280618489	0.0505638349218536	20.7164430428152	2.46216715632958e-95	8.72813528575991e-95	PCDHGB1
PCDHGB2	87.0876119176098	1.0722063665112	0.0351995954465676	30.460758224872	8.62925089278861e-204	6.63825407355076e-203	PCDHGB2
PCDHGB3	64.4694572732981	1.00778689815113	0.041455748007859	24.3099436526892	1.53882639261147e-130	7.14296387142832e-130	PCDHGB3
PCDHGB4	84.9105634016592	0.354265550593897	0.0342165715091928	10.3536250117496	4.02934333044467e-25	7.12007551696618e-25	PCDHGB4
PCDHGB6	226.597101076819	0.409823811985682	0.0292056088295272	14.0323666723683	9.87986096791669e-45	2.18808288980645e-44	PCDHGB6
PCDHGB7	294.527528647934	0.0800152241188865	0.0300081048892463	2.66645376021599	0.00766561507079732	0.00886475246623555	PCDHGB7
PCDHGB8P	28.6888203645108	1.58412250971771	0.0627327986345781	25.2519024210176	1.07936196558548e-140	5.3732286345421e-140	PCDHGB8P
PCDHGC3	934.580711233024	-0.208427253525898	0.0423439532785245	-4.92224361185487	8.55576156673086e-07	1.11103927256328e-06	PCDHGC3
PCDHGC4	71.732424594383	2.34367046882034	0.0607795196602144	38.5602005728663	0	0	PCDHGC4
PCDHGC5	143.512600141743	2.76022355001874	0.0598663232314836	46.1064485177393	0	0	PCDHGC5
PCED1A	1439.10992387189	0.369959507274525	0.0397573315115947	9.30544111509673	1.33437280339503e-20	2.21138324746031e-20	PCED1A
PCED1B	188.066549016298	-0.196402263577365	0.0632286295973199	-3.10622363363209	0.00189493346544317	0.00224088144208661	PCED1B
PCF11	5036.57860628299	-0.887530351771055	0.0226100067783097	-39.2538737592278	0	0	PCF11
PCGF1	554.061603421489	-0.0863593675275145	0.0211150020001139	-4.08995308298094	4.31460456231588e-05	5.37043263215656e-05	PCGF1
PCGF2	648.455898856089	0.889010750385028	0.0403593476858327	22.0273815450466	1.57413823082657e-107	6.17881864219561e-107	PCGF2
PCGF3	3766.07918871992	-0.357285470820242	0.0362833430093798	-9.84709349212607	7.05548011153276e-23	1.20716374382379e-22	PCGF3
PCGF5	3647.95498623642	0.17611336337812	0.0361095479896685	4.87719656387026	1.07604194566496e-06	1.39431550992765e-06	PCGF5
PCGF6	520.353670308907	-0.496252605151144	0.033411232325326	-14.8528674524519	6.66554618019154e-50	1.56151089002639e-49	PCGF6
PCID2	2517.41094180777	0.451279788496969	0.014549285453407	31.0173162759202	3.1491306066371e-211	2.52730718011923e-210	PCID2
PCIF1	3369.32464594817	-0.319199709639768	0.0168636970891658	-18.928216508635	6.67854615166412e-80	2.07742369580276e-79	PCIF1
PCK1	1251.45560990658	-4.09354524035639	0.136777909393956	-29.9284091889862	8.40403688488359e-197	6.19243012545188e-196	PCK1
PCK2	783.522348144174	-1.50991476513535	0.0640250870730915	-23.5831739426081	5.73624594698341e-123	2.53021718430895e-122	PCK2
PCLO	328.705662236624	-0.162267082971749	0.0874850292131041	-1.85479829441999	0.0636250357068359	0.0705069113370324	PCLO
PCM1	9607.63762721779	-0.56507839209263	0.0465347601087073	-12.1431461293146	6.23804958605579e-34	1.22682323389698e-33	PCM1
PCMT1	5631.20020168747	-0.135128056132648	0.0563389367323667	-2.39848431599912	0.0164630815081143	0.0187730856599243	PCMT1
PCMTD1	4479.65069839902	-0.30951455742383	0.038338857507798	-8.07312939257191	6.85189275318181e-16	1.05754026794157e-15	PCMTD1
PCMTD2	3863.20697171288	0.124314628188593	0.0199772824038332	6.22279976203069	4.88360500724068e-10	6.78525576839607e-10	PCMTD2
PCNA	1362.24760623228	-0.154669689034327	0.0221670267840263	-6.97746660123956	3.00550235590262e-12	4.35955261149099e-12	PCNA
PCNP	5332.103106948	-0.19262025714277	0.0221842766812502	-8.68273777461356	3.86354418196715e-18	6.16775973923294e-18	PCNP
PCNPP1	6.13904926470206	0.252425059789271	0.0540770486761846	4.66787788846986	3.04326673298343e-06	3.90267467838105e-06	PCNPP1
PCNPP5	3.27999732351986	0.46828352537574	0.0752508224916493	6.22296886426333	4.87834220718672e-10	6.77899012440699e-10	PCNPP5
PCNT	21859.4375138356	-2.13710065090165	0.0939557819816659	-22.7458130391451	1.57869595808989e-114	6.56004292280152e-114	PCNT
PCOLCE	2533.2572827626	0.572918887166233	0.0693611442596674	8.25993996035296	1.45745758656961e-16	2.27365404418403e-16	PCOLCE
PCOLCE2	1749.80954715737	2.05738409728367	0.0906312140712229	22.7006127896165	4.41794913940551e-114	1.82905939416832e-113	PCOLCE2
PCP2	43.0358141034971	-0.842947200094869	0.123001504791972	-6.85314542712723	7.22435753169043e-12	1.0406983028806e-11	PCP2
PCP4	115.392397125272	-0.296534941641894	0.116121215778678	-2.55366721450004	0.0106595081864377	0.0122522065553965	PCP4
PCP4L1	77.0526819170045	-1.33104686703779	0.0792124286813285	-16.8035103732596	2.30018712368196e-63	6.15606131629482e-63	PCP4L1
PCSK1	111.243301171542	-1.66019283396157	0.104275015644972	-15.9212906724855	4.50977183897824e-57	1.13301329900136e-56	PCSK1
PCSK2	318.22833489541	-1.10391782900355	0.113075945675836	-9.76262300886025	1.62886802242145e-22	2.7711230764208e-22	PCSK2
PCSK4	105.347211347077	-0.326863025836056	0.0519487852000983	-6.29202443477808	3.13352142043568e-10	4.37293736640536e-10	PCSK4
PCSK5	835.721677940162	-0.0650666421461681	0.0537352336195499	-1.21087483506344	0.225943378560267	0.242095640325201	PCSK5
PCSK6	948.307568778985	1.12208943847926	0.0474369386827632	23.6543392056407	1.0649923098103e-123	4.71957818042719e-123	PCSK6
PCSK7	868.994760075057	-0.169898797773018	0.0180167398770244	-9.4300522143676	4.09884878091259e-21	6.84129595783102e-21	PCSK7
PCSK9	67.9823097349488	-4.04147877912391	0.135724419511276	-29.7770938617877	7.73517627117125e-195	5.61228972419805e-194	PCSK9
PCTP	915.62644647102	0.449418877482666	0.0412745818034657	10.8885143796885	1.30755797420529e-27	2.38208188378397e-27	PCTP
PCYOX1	5018.97054737886	0.169164584921353	0.034831248535626	4.85669024319725	1.19364097588079e-06	1.54447464108899e-06	PCYOX1
PCYOX1L	473.085960633789	0.102300166263756	0.053009935478442	1.92983004677225	0.0536278992370703	0.0596450920090518	PCYOX1L
PCYT1A	6014.65044646948	0.129825597113008	0.0287958069366235	4.50848963527016	6.52907581070188e-06	8.29778972525025e-06	PCYT1A
PCYT1B	17.5731176957696	-0.548137047133292	0.0804761968853703	-6.81116986571885	9.6808239935094e-12	1.39111130124661e-11	PCYT1B
PCYT2	2063.94524248958	0.817043410970091	0.035433040051013	23.0588007631801	1.20033265710321e-117	5.09964318161787e-117	PCYT2
PDAP1	6674.78228605035	-0.350201176012872	0.0380164465911435	-9.21183349351901	3.20601126873806e-20	5.28105864280325e-20	PDAP1
PDC	4.11952134053049	0.0380478991850709	0.0788371042596507	0.482614113524006	0.629369756068317	0.646981039288777	PDC
PDCD1	49.3219830653007	3.12611941022408	0.0786623119602401	39.7410059826894	0	0	PDCD1
PDCD10	1068.63884186403	0.277567359982459	0.0218580195182638	12.6986509345247	6.01577713840207e-37	1.22099452326503e-36	PDCD10
PDCD11	2859.40413004707	-0.673105871604318	0.0264031859181005	-25.4933580247555	2.3356132968667e-143	1.18498802020568e-142	PDCD11
PDCD1LG2	153.84333867926	-0.286707514293256	0.0492685160800033	-5.81928454730996	5.9100049443061e-09	8.02913200018522e-09	PDCD1LG2
PDCD2	1910.22779550295	-0.225990451524273	0.0188540970367496	-11.986278159266	4.1932619962548e-33	8.1709146129663e-33	PDCD2
PDCD2L	449.005045991473	-0.652511421120108	0.054362795281796	-12.00290415049	3.43044328576101e-33	6.68811974298537e-33	PDCD2L
PDCD4	6237.3220159175	-1.74737763776651	0.0691432640438935	-25.2718419057747	6.51729631988279e-141	3.25070243985066e-140	PDCD4
PDCD5	3151.8154205632	0.508830289871825	0.0308853473661319	16.4748119501416	5.56613689546541e-61	1.45654935681455e-60	PDCD5
PDCD6	2272.93977550243	-0.16005013125146	0.0230884470163568	-6.93204402782372	4.14802806133961e-12	6.00326846214618e-12	PDCD6
PDCD6IP	7901.38230406026	-0.181475446199753	0.0156040217900841	-11.6300431158764	2.89951084572977e-31	5.53079312641535e-31	PDCD6IP
PDCD7	1075.84514506709	0.0739258658164941	0.0125516369373018	5.88973901856547	3.86805983960698e-09	5.27651903400768e-09	PDCD7
PDCL	579.215773431374	0.0219547706315796	0.0297557710032571	0.73783235625709	0.460616328519234	0.481227773051348	PDCL
PDCL3	1157.77710225907	-0.341975626024801	0.0377937894050745	-9.04846090873557	1.44997566451609e-19	2.36722401024434e-19	PDCL3
PDCL3P3	0.0842252532588257	0.425554384072101	0.521246987216203	0.816416007207712	0.41426224450042	0.434843703029451	PDCL3P3
PDCL3P4	279.324333441468	0.762237286604309	0.0423421429276525	18.0018589967612	1.88388156636745e-72	5.49890580122921e-72	PDCL3P4
PDCL3P5	27.5949553062035	-0.441669082653093	0.0728063316743127	-6.06635539102324	1.30845427816578e-09	1.80375903363932e-09	PDCL3P5
PDCL3P6	0.77969135972539	0.988405817131198	0.152991478824273	6.46052855183187	1.04337904111257e-10	1.46962958678148e-10	PDCL3P6
PDE10A	486.273619236103	2.02880927952598	0.0713624752733126	28.4296371693359	8.70201667921154e-178	5.64079950459081e-177	PDE10A
PDE11A	501.455451420645	-2.35098859199538	0.105319386051323	-22.3224676874753	2.23601770597986e-110	8.99051925962554e-110	PDE11A
PDE12	1223.58630155418	-0.0907826252973486	0.0236838577181851	-3.83310127841391	0.000126537825697774	0.000155333292443101	PDE12
PDE1A	439.564212516652	1.54466226013493	0.046795697480634	33.0086384709657	6.10589088317442e-239	5.71863380790961e-238	PDE1A
PDE1B	644.061249313532	-0.182426174722863	0.0677724209166923	-2.69174646936556	0.00710789562836383	0.00822930468267156	PDE1B
PDE1C	1867.30059457952	5.27159417138704	0.0608078813479994	86.6926137619901	0	0	PDE1C
PDE2A	3866.58673792873	-0.0929577849423088	0.0622053709608857	-1.49436911164407	0.135079170305907	0.146993117197234	PDE2A
PDE3A	2924.18662487536	4.18383172224266	0.0530130044634648	78.9208565820119	0	0	PDE3A
PDE3B	781.430698255624	-0.395108630059188	0.111355139048089	-3.54818496422117	0.000387895719356507	0.000469665086711272	PDE3B
PDE4A	2095.66819551217	0.030322423470436	0.0473047404397826	0.641001793658195	0.521521517607462	0.542058365867078	PDE4A
PDE4B	2763.61022298658	-1.43833861896364	0.0746687711374326	-19.2629207237961	1.09995554413963e-82	3.51380652174933e-82	PDE4B
PDE4C	282.124569330038	1.58640342208592	0.0803697929711356	19.7388018985649	1.00124054266275e-86	3.30703321256369e-86	PDE4C
PDE4D	6725.92781678834	-1.6173717348816	0.0912178774082415	-17.7308635196928	2.42284346248418e-70	6.93380050368484e-70	PDE4D
PDE4DIP	53471.504718258	-0.219500126695266	0.108780502568877	-2.01782600292993	0.0436093857544334	0.0487282776514932	PDE4DIP
PDE5A	1371.08805477523	-0.028925827140992	0.0475899459967641	-0.607813825696687	0.543310958512175	0.563437064418578	PDE5A
PDE6A	29.7526427210784	-0.914043550904408	0.0884006760238059	-10.3397801014356	4.65604688484725e-25	8.21942727999759e-25	PDE6A
PDE6B	57.7619406134527	1.27316058402	0.0717544053470139	17.7433089698511	1.94157313886148e-70	5.56355588548956e-70	PDE6B
PDE6C	31.93577534096	-0.467854394752657	0.0370792532689736	-12.617686536426	1.68704797775019e-36	3.407602182168e-36	PDE6C
PDE6D	608.828020726375	0.352160899127398	0.0168881415195756	20.8525549551558	1.44497256547425e-96	5.17836972946485e-96	PDE6D
PDE6G	11.381880678227	-1.01243328942914	0.0626338659642798	-16.1643110135743	9.00389067517804e-59	2.3012783763152e-58	PDE6G
PDE7A	3981.32259076403	0.750155883055481	0.0648401867243478	11.5693047930998	5.89584533388949e-31	1.11964460233511e-30	PDE7A
PDE7B	453.730751533286	1.68299809694357	0.0499321133446502	33.705725318031	4.76544626588127e-249	4.70300428904215e-248	PDE7B
PDE8A	1868.23430972011	0.429386958438366	0.0281901452826717	15.2318107669458	2.17483565228128e-52	5.2247719974263e-52	PDE8A
PDE8B	567.32881816527	-0.893855823262743	0.0901575240623771	-9.91437855640659	3.60492794684128e-23	6.20029695882762e-23	PDE8B
PDE9A	484.328496246889	-0.45400461470641	0.0550572814841654	-8.24604125862957	1.63728160252983e-16	2.55152853667557e-16	PDE9A
PDF	70.237294773542	-0.68242798677692	0.0468495823654203	-14.5663622239805	4.59728198265331e-48	1.05812137795349e-47	PDF
PDGFA	1376.37697719599	-0.198723693024499	0.0379719953657526	-5.23342771719945	1.66395094182425e-07	2.19097219689696e-07	PDGFA
PDGFB	2106.31353865767	1.27126459939379	0.046340593040866	27.4330671226566	1.106375778793e-165	6.57072596306594e-165	PDGFB
PDGFC	818.818270112574	-0.534384011219828	0.0365440151924697	-14.6230240001089	2.00302249710262e-48	4.62380199670997e-48	PDGFC
PDGFD	1247.79802704825	1.10574922225602	0.0729653130673674	15.1544504610718	7.08051712690129e-52	1.6930976195716e-51	PDGFD
PDGFRA	3977.36275495986	-0.19446867391837	0.0488604954985345	-3.9800798566237	6.88921218630454e-05	8.53494208986015e-05	PDGFRA
PDGFRB	14486.6697017213	0.255212502623684	0.043012143419518	5.93349882926026	2.96546115311395e-09	4.05293950476078e-09	PDGFRB
PDGFRL	1109.44977118413	-0.60057338699025	0.0609152324169882	-9.85916597804461	6.25669226338509e-23	1.07181878029306e-22	PDGFRL
PDHA1	10018.8862159893	1.36066387891301	0.0623596519557781	21.8196195174072	1.51111294009411e-105	5.83849410487961e-105	PDHA1
PDHA2	0.654458804968837	0.751883020353489	0.32714117066053	2.29834422501871	0.0215422052487362	0.0244548928979316	PDHA2
PDHB	4636.1037220602	0.71438736336862	0.0554662481979121	12.8796770392613	5.85801753563934e-38	1.20267077622084e-37	PDHB
PDHX	3868.71089577975	0.485119090079818	0.0644977195915234	7.52149212642202	5.41545893921045e-14	8.10203427233438e-14	PDHX
PDIA2	55.4118222612303	2.31310973900109	0.0692002684371877	33.4263116493641	5.68689736340896e-245	5.49784314923333e-244	PDIA2
PDIA3	7939.00209028243	0.328759568639027	0.0344884660675277	9.53244971798173	1.53614731991058e-21	2.5778118677832e-21	PDIA3
PDIA4	2361.81475826148	0.424531302348587	0.0448377954723472	9.46815734084002	2.84823582556649e-21	4.76275829967696e-21	PDIA4
PDIA5	668.293139343241	-0.181033750680262	0.0417480755064905	-4.33633762715881	1.4487635767061e-05	1.82563480184014e-05	PDIA5
PDIA6	2981.66670326618	0.525852754767539	0.0260659516502575	20.1739327158747	1.65906290644469e-90	5.66049874505515e-90	PDIA6
PDIK1L	463.653672905703	-0.562946274173967	0.0290036007379481	-19.40953053589	6.41101371014274e-84	2.0685545401735e-83	PDIK1L
PDILT	1.01702481380042	-0.0625481092893841	0.232400385792119	-0.269139438285327	0.787822382361337	0.799617229088688	PDILT
PDK1	2064.22693265892	0.0821480757744556	0.0504868228572194	1.62711913971645	0.103711796785463	0.113614657615331	PDK1
PDK2	4197.28943333073	0.339998820709875	0.0681282503548977	4.99057026914287	6.02012949154078e-07	7.83914575934791e-07	PDK2
PDK3	2059.04043359526	-0.785500598042883	0.0626327343854303	-12.5413748218153	4.43238494193334e-36	8.91678155339092e-36	PDK3
PDK4	118434.536084143	-1.12675970843549	0.106439518247327	-10.5859151468283	3.46379264485642e-26	6.19860139179444e-26	PDK4
PDLIM1	18205.6964497805	0.0916489194317554	0.0533755692776739	1.71705746040803	0.0859686737139342	0.0946496694510416	PDLIM1
PDLIM1P1	2.25268121163545	0.154128102093025	0.104389785629359	1.47646727276808	0.139818494698272	0.152021788056511	PDLIM1P1
PDLIM1P4	20.3813273811128	0.308285757198119	0.0820137543991659	3.75895189113857	0.000170626639506414	0.000208686651566446	PDLIM1P4
PDLIM2	4200.99244923337	-1.98259036669291	0.0505417399844587	-39.2267928904415	0	0	PDLIM2
PDLIM3	43709.8334624621	-2.44820844632184	0.125192892876807	-19.5554906517812	3.70424726381019e-85	1.20644391163103e-84	PDLIM3
PDLIM4	1602.36099325559	-1.64817334030756	0.0771217723172984	-21.3710511413893	2.48475653503209e-101	9.2796892919321e-101	PDLIM4
PDLIM5	26351.9867603254	0.717183651749911	0.0785909246987151	9.12552759112194	7.13876872938454e-20	1.16960931917403e-19	PDLIM5
PDLIM7	6757.54920433911	-0.623447379061511	0.0581337133386027	-10.7243687570792	7.82193175585068e-27	1.41070627729755e-26	PDLIM7
PDP1	1822.84394339028	1.85225562006643	0.0567975014970642	32.6115686649028	2.81151856247107e-233	2.53684940566625e-232	PDP1
PDP2	530.214805933899	-0.721383291649995	0.035944534054028	-20.0693460253425	1.36792620661744e-89	4.6355496320257e-89	PDP2
PDPK1	2317.91579157155	-0.216474778611027	0.0212713121212045	-10.1768418129332	2.51594555744626e-24	4.39661547224446e-24	PDPK1
PDPN	1738.52431873481	-0.499392488961538	0.0478918680210869	-10.4275007343972	1.85708704759926e-25	3.29483776304299e-25	PDPN
PDPR	2903.19342405403	0.00715484780154357	0.0294441211385763	0.242997499156789	0.808007334784548	0.819064085677252	PDPR
PDRG1	842.684320276745	-0.109493870566395	0.0212088657583224	-5.16264621663843	2.43483051036659e-07	3.19735804034936e-07	PDRG1
PDS5A	4121.04423949628	-0.51420782256275	0.0151155214794095	-34.0185301091469	1.18562984844795e-253	1.20171863186439e-252	PDS5A
PDS5B	1726.29514941138	-0.539878566704192	0.0147082833499716	-36.7057496689601	5.91272876339605e-295	7.45343350629498e-294	PDS5B
PDSS1	207.153134207514	-0.189731652705192	0.040500546341573	-4.6846689697723	2.8041275805863e-06	3.5972848188522e-06	PDSS1
PDSS2	824.454640346419	0.517529862808464	0.0263809327441884	19.6175725789101	1.09456511494409e-85	3.58567181694422e-85	PDSS2
PDXDC1	5052.18572600954	-0.134299908967721	0.0187013389789523	-7.18129911012633	6.90520923421572e-13	1.01337576573551e-12	PDXDC1
PDXDC2P	455.046813000674	-0.766291745397457	0.0374623836367067	-20.4549649811023	5.42612123282883e-93	1.89073961115276e-92	PDXDC2P
PDXK	3986.90594753953	0.403432656202357	0.0399350269683997	10.1022257108175	5.40024051248235e-24	9.39405967000337e-24	PDXK
PDZD11	882.153647721011	0.634652763122835	0.0188618699738373	33.6473936043002	3.40398429164916e-248	3.34106440752326e-247	PDZD11
PDZD2	3497.82903472569	1.07844227236922	0.0572592514850095	18.8343760073698	3.94752211561563e-79	1.22032192346208e-78	PDZD2
PDZD3	9.3394516802625	-0.912331410798454	0.0788030474118063	-11.5773620534092	5.36723242004906e-31	1.01990447369686e-30	PDZD3
PDZD4	558.306204987147	0.749103084578892	0.0486288226454624	15.4045079404939	1.52646613287316e-53	3.70322329620616e-53	PDZD4
PDZD7	141.676204417608	-1.5736228497457	0.0799887329840463	-19.6730563298153	3.66979815686446e-86	1.20635567241996e-85	PDZD7
PDZD8	1353.95332146332	-0.250225055646737	0.021885255980917	-11.4334991496066	2.84412046760918e-30	5.35924972339122e-30	PDZD8
PDZD9	6.35637777675736	-0.440121145996329	0.0645568246656159	-6.81757735570202	9.25885524742656e-12	1.33100665475903e-11	PDZD9
PDZK1	98.854314532805	-2.90161265353954	0.110276031923202	-26.3122693384566	1.3880631525309e-152	7.50571487194615e-152	PDZK1
PDZK1IP1	1152.55104198375	-6.52254738082044	0.123286450934873	-52.9056301918047	0	0	PDZK1IP1
PDZRN3	2994.89332008626	0.87109609202651	0.0570473411241834	15.2697053860979	1.21721757873182e-52	2.92890437571869e-52	PDZRN3
PDZRN4	220.507414864821	-3.90556175742917	0.0928369883803416	-42.0690268562846	0	0	PDZRN4
PEA15	10631.7387906551	1.28908716499586	0.0336947778637233	38.2577730652953	0	0	PEA15
PEAK1	3923.07599938986	1.00204209943414	0.0254825690100419	39.3226483185141	0	0	PEAK1
PEAR1	2419.45497087958	0.821019622715685	0.0470830357495565	17.4376951198058	4.26948454433365e-68	1.19711824427648e-67	PEAR1
PEBP1	17317.8603099707	0.589224031132402	0.0325745650150063	18.0884696652422	3.928450313248e-73	1.15191454778917e-72	PEBP1
PEBP1P2	10.6454128096343	-0.236126181846839	0.0764557508777628	-3.08840315000447	0.00201235273940292	0.0023780188841326	PEBP1P2
PEBP4	3509.04559899	0.877107394436109	0.130271561222063	6.7329153516551	1.66296819971126e-11	2.37882156412924e-11	PEBP4
PECR	324.123978660892	-1.02475252200441	0.0625752227420499	-16.3763303924412	2.82267212499387e-60	7.32990780756127e-60	PECR
PEF1	3332.37972526443	0.0362907342160082	0.0303086022812028	1.19737406163779	0.231160789004168	0.247450366488108	PEF1
PEG10	367.203619072788	-1.32747379685425	0.0673351356884587	-19.7144296700628	1.62133614691409e-86	5.34829979486906e-86	PEG10
PEG3	169.107939427355	0.59864307061803	0.0590123895960649	10.1443624756715	3.51063101392958e-24	6.12056841469698e-24	PEG3
PELI1	2339.73832345111	-0.824105251214487	0.051288972821003	-16.0678837162637	4.2846612637994e-58	1.08753789353713e-57	PELI1
PELI2	1000.37559842531	-1.35084702236448	0.0455317809701035	-29.668222801376	1.97427269213936e-193	1.41985148746307e-192	PELI2
PELI3	927.236672040175	-0.650184996425708	0.0384217191586234	-16.9223296266737	3.08002742786116e-64	8.30615336762977e-64	PELI3
PELO	1631.31636460676	0.0469126592609393	0.024954123045477	1.87995623710938	0.0601140424866189	0.0666736216143948	PELO
PELP1	3987.35865249634	-0.322745459328842	0.0293529760173416	-10.9953232387124	4.02468891980993e-28	7.38064641865307e-28	PELP1
PEMT	951.502410556314	-0.886980894921755	0.0491390151300235	-18.0504410309155	7.82632944456489e-73	2.29150547058576e-72	PEMT
PENK	99.4083453149372	2.16678647868559	0.0954816840312044	22.6932159887069	5.22724719849252e-114	2.16311900735779e-113	PENK
PEPD	2636.30216946049	-0.635614041793736	0.0215310801109756	-29.5207689775734	1.55865402027687e-191	1.10636163324148e-190	PEPD
PER1	28208.2113205669	-1.12320677973124	0.0364309322207626	-30.8311292427236	1.00307338276744e-208	7.94033595567138e-208	PER1
PER2	2233.36048226254	-1.49474831714784	0.0478637080947633	-31.2292627681176	4.26999953502356e-214	3.48907224829592e-213	PER2
PER3	1889.69285175081	-0.685701078354246	0.0468525631233936	-14.6352949047493	1.67248932730743e-48	3.86327221620186e-48	PER3
PERP	56491.1854809921	-3.48068106545321	0.124903378830798	-27.8669888519859	6.70597769504076e-171	4.15539774486846e-170	PERP
PES1	2901.17796081174	-0.736740118485313	0.0265160881381603	-27.7846458590188	6.65006712681358e-170	4.09257635383833e-169	PES1
PET100	978.873821944237	0.940646242009854	0.0251222777951215	37.4427131839342	7.89257758474513e-307	1.05474602155157e-305	PET100
PET117	47.5003510760164	0.393240615793742	0.0360104816133447	10.9201709662227	9.23218601157694e-28	1.6854825597809e-27	PET117
PEX1	1231.32851665554	-0.495692574555037	0.0217288580603228	-22.8126380677215	3.43507740653304e-115	1.4346827933875e-114	PEX1
PEX10	724.536134750274	-0.193645402117566	0.0235065103478626	-8.23794766861999	1.7518977654489e-16	2.72920049120256e-16	PEX10
PEX11A	788.230358858282	-0.53043492915762	0.0550950208250841	-9.62763823688618	6.11180308323891e-22	1.03235964437819e-21	PEX11A
PEX11B	1598.79882798901	-0.303574661223145	0.025211612129198	-12.0410650325518	2.16146919464617e-33	4.22414580097988e-33	PEX11B
PEX11G	145.187698303853	-0.797512616245428	0.0460616264458098	-17.3140350826231	3.68650389017986e-67	1.02235027772497e-66	PEX11G
PEX12	421.832504003608	0.00119832311251222	0.0330975757501769	0.0362057668983751	0.971118287686042	0.973335205826083	PEX12
PEX13	1294.91205437958	-0.112432131805327	0.0269549153573567	-4.1711179691997	3.03108884149026e-05	3.78933469238601e-05	PEX13
PEX14	1329.47864662488	0.00284818465328574	0.0173885431962708	0.16379662293369	0.869891250282849	0.877692528240657	PEX14
PEX16	1051.25050797755	-0.387830853705629	0.0239421687209679	-16.198651769001	5.15447963584258e-59	1.31985473577244e-58	PEX16
PEX19	4676.72311767399	-0.0980582402683089	0.0321652517695283	-3.04857679868075	0.00229928134522888	0.00271121207228253	PEX19
PEX2	1770.30433766441	-0.210041582868087	0.0267920623942488	-7.83969445044198	4.51644061845318e-15	6.86543215443132e-15	PEX2
PEX26	1954.64498304816	-0.227254750897418	0.0135936116245757	-16.7177610464144	9.73068252258533e-63	2.59307203684765e-62	PEX26
PEX3	694.770492521351	0.0611472656590872	0.0222263550392572	2.75111531112888	0.00593927324665744	0.00689537940748666	PEX3
PEX5	4395.42636718842	-1.07091325792531	0.0360169875325677	-29.7335599474264	2.82927023104638e-194	2.04536921401871e-193	PEX5
PEX5L	152.456573309266	-2.0518508830772	0.0867129149170942	-23.6625753503843	8.7613613561349e-124	3.88743568577235e-123	PEX5L
PEX6	2208.09847799145	0.17682487605717	0.0364923332483577	4.84553494712831	1.2627098167501e-06	1.63278783214702e-06	PEX6
PEX7	533.829977896275	0.227470795663811	0.0336847638767601	6.75292831192289	1.44890543076923e-11	2.07574585429979e-11	PEX7
PF4	5.35225825238284	1.71434294303483	0.115177289221373	14.8843834980335	4.16306149777298e-50	9.77043937697672e-50	PF4
PFAS	1098.85494336857	-0.292437737956256	0.0233877325300719	-12.5038944061909	7.10818798733723e-36	1.42678960704792e-35	PFAS
PFDN1	2551.60020126161	0.426709854133994	0.0275458471818918	15.4908960075298	3.99681157391179e-54	9.74886248536397e-54	PFDN1
PFDN2	1948.58917261807	-0.0211632030973237	0.0446761654778656	-0.473702316905617	0.63571220091879	0.65305343427148	PFDN2
PFDN4	560.162779300757	0.481321148595628	0.0419182640374772	11.4823731289373	1.61778196374691e-30	3.05803771179335e-30	PFDN4
PFDN5	11108.9635180665	-0.15702033051698	0.0184405408752421	-8.51495254826242	1.66658533206396e-17	2.63552688768192e-17	PFDN5
PFDN6	1253.76973465035	0.115493354415178	0.0353270623256188	3.2692600746319	0.00107829140823063	0.00128792539576402	PFDN6
PFKFB1	1014.80960745381	-6.33353665495095	0.110009647637186	-57.5725565073993	0	0	PFKFB1
PFKFB2	4895.16677173299	0.650434689341964	0.0721823198747577	9.01099729782199	2.04191055942123e-19	3.32727726804939e-19	PFKFB2
PFKFB3	35674.25385158	-4.04674589042465	0.0836284977333134	-48.3895561932667	0	0	PFKFB3
PFKFB4	254.5329755038	-1.03418684689599	0.0515680836845634	-20.0547853052287	1.83333409585884e-89	6.20218888546419e-89	PFKFB4
PFKL	6311.48663246722	-0.0285310098982793	0.0435469916677409	-0.655177517564658	0.512353467660721	0.532929317656341	PFKL
PFKM	46831.9595654953	-0.554886083110616	0.109010917935296	-5.09018815381384	3.57708396483829e-07	4.67856488055323e-07	PFKM
PFKP	5493.30923987263	1.32032109292323	0.0527524368906192	25.0286275051309	2.98393767129871e-138	1.46080669080903e-137	PFKP
PFN1	11665.3729929445	-0.103188051429932	0.0260260833581365	-3.96479370368546	7.34594492558672e-05	9.09014605110927e-05	PFN1
PFN1P1	7.21481278427992	0.0719215783130036	0.0651560430528023	1.10383588295438	0.269664336143575	0.287504602873756	PFN1P1
PFN2	6148.90991008512	-1.49743573782238	0.0836702259061428	-17.8968769547979	1.24722809804097e-71	3.61710214158781e-71	PFN2
PFN4	37.9936779448861	0.772009198115016	0.0442451281311758	17.4484566035429	3.53660337763436e-68	9.93328091758404e-68	PFN4
PGA3	15.539643797179	0.207513693779883	0.18736496551522	1.10753733073447	0.268061681553621	0.285863645121252	PGA3
PGAM1	2301.11094889038	0.661077531381148	0.0449269603744144	14.7144949462823	5.20332553161289e-49	1.20873742282312e-48	PGAM1
PGAM1P2	3.58288786881462	1.76591005892612	0.0916472995822257	19.2685443758411	9.8672454774103e-83	3.15320940598017e-82	PGAM1P2
PGAM1P5	16.3309969789988	1.59380804616727	0.0838138062431728	19.016056155988	1.25582156959876e-80	3.93902144526002e-80	PGAM1P5
PGAM1P6	1.11002778968751	-0.277856791535433	0.145005284154854	-1.91618390429623	0.0553416913854574	0.0615017771718495	PGAM1P6
PGAM4	1.94333727273012	-0.0306338313105818	0.0953059300170472	-0.321426288008547	0.747887364233106	0.761379959481967	PGAM4
PGAM5	1979.59117375917	-0.25578834269539	0.0377254381919279	-6.78026167367676	1.19958410515729e-11	1.72047752983319e-11	PGAM5
PGAP1	1229.00850883299	-0.531097344460592	0.053064589166951	-10.0085076092771	1.39846147955688e-23	2.41799107612173e-23	PGAP1
PGAP2	1584.75952725996	-0.149885171534641	0.051444934967877	-2.91350687153617	0.00357393971349706	0.00418435699399418	PGAP2
PGAP3	1620.24453538304	-0.207573588575374	0.0409159665027062	-5.07316840631505	3.91245956658288e-07	5.11386760514511e-07	PGAP3
PGBD1	254.058926018506	0.683521005003113	0.0312905448709235	21.8443305421079	8.80054693894062e-106	3.40685259027678e-105	PGBD1
PGBD2	239.155610977065	-0.0325566492512546	0.0458394230764292	-0.710232526202873	0.477559953802006	0.49817783544216	PGBD2
PGBD4	156.128899787448	0.352504249925233	0.0323346132403869	10.901761753097	1.13046954018694e-27	2.06071718409165e-27	PGBD4
PGBD5	263.955907918618	1.34642313777356	0.0655337908847319	20.5454792038781	8.44735572048574e-94	2.96357143489503e-93	PGBD5
PGC	122.112597858583	0.442562876461061	0.129975925598939	3.4049603757134	0.000661736548826766	0.000795347507206424	PGC
PGD	3407.31335582526	-0.714471892739211	0.0416808652887597	-17.1414841747992	7.27692647619883e-66	1.99348582404589e-65	PGD
PGF	867.530097871535	0.612350477991723	0.0494698285347619	12.378261581429	3.4268514074591e-35	6.82677647030447e-35	PGF
PGGT1B	994.101872877535	-0.0312317009702604	0.0158686164157846	-1.96814266297307	0.0490516252424421	0.0546735793182167	PGGT1B
PGK1	21151.1946137459	0.1415876771825	0.0424321855337355	3.33679906895042	0.000847491937384013	0.00101494926251411	PGK1
PGK1P2	8.44088382245961	0.640368839765065	0.0624582518378197	10.2527499717389	1.15023604924479e-24	2.01905403436914e-24	PGK1P2
PGK2	1.4381563315981	0.115653671501699	0.207428707870124	0.557558655642364	0.57714579529007	0.596258118745211	PGK2
PGLS	1349.32835131953	-0.640010406741319	0.0487385530816865	-13.1315019891676	2.1730321117709e-39	4.52269060515528e-39	PGLS
PGLYRP1	12.0799061069667	2.305700496984	0.0839232720749586	27.4739108709273	3.59983311230992e-166	2.14358570475325e-165	PGLYRP1
PGLYRP2	12.7738336792139	-4.07346471322947	0.162105517254667	-25.1284766997169	2.42974607811607e-139	1.19895447237301e-138	PGLYRP2
PGLYRP3	953.101206475219	-9.16636662713881	0.208147559171693	-44.0378290459694	0	0	PGLYRP3
PGLYRP4	316.516617764631	-8.41885007642458	0.220531953874971	-38.1751937916335	0	0	PGLYRP4
PGM1	27677.3209142854	-1.11872678243779	0.0953020080203318	-11.7387535234213	8.06665614174255e-32	1.5483885392142e-31	PGM1
PGM2	1293.95776072546	-0.765384836436201	0.0706783952348528	-10.829120184364	2.50551070609068e-27	4.54791753759588e-27	PGM2
PGM2L1	692.199312292553	-1.56883103812107	0.0598240879303266	-26.2240694742926	1.41272611404056e-151	7.59118888920722e-151	PGM2L1
PGM3	1135.39555160144	0.0591212372376521	0.0344352679064632	1.7168804203366	0.0860010230526108	0.0946794945856551	PGM3
PGM5	3666.31609721715	1.99793998089633	0.0437630286786619	45.6536039945173	0	0	PGM5
PGM5P2	91.1521779044049	1.05733015497801	0.0385491449747199	27.4281091233384	1.26778428114963e-165	7.52684196733988e-165	PGM5P2
PGP	2049.46649338156	0.653663020590698	0.0582096068323866	11.2294697758895	2.92226882369362e-29	5.43876768975485e-29	PGP
PGPEP1	2080.39467562904	0.531158842519116	0.0544104751666016	9.76206954437981	1.63778379388471e-22	2.7860277899942e-22	PGPEP1
PGPEP1L	283.255520464487	-2.46972526598404	0.14273285122054	-17.3031313034447	4.45502801529875e-67	1.23490852022471e-66	PGPEP1L
PGR	697.001744765456	0.970948101375249	0.0726868674753047	13.3579577040533	1.06444678843742e-40	2.25027676320165e-40	PGR
PGRMC1	2869.44451173798	-0.740467509502312	0.0546756146825813	-13.5429206201172	8.72497229278245e-42	1.86929571819063e-41	PGRMC1
PGRMC2	4561.99712838483	-0.442865407504153	0.0380987048705386	-11.6241591153566	3.10636972405193e-31	5.92286425194988e-31	PGRMC2
PGS1	1342.40218187097	-0.0328802344131783	0.0191057580418036	-1.72095942706047	0.0852581865737961	0.0938961527387522	PGS1
PHACTR1	742.395589475106	3.77900225375099	0.0523877070743573	72.1352864019646	0	0	PHACTR1
PHACTR2	1445.16289665042	1.14879294572873	0.0322131251019062	35.6622631953443	1.52116816151418e-278	1.76889845448429e-277	PHACTR2
PHACTR3	108.857476466287	1.77050819607558	0.0834704708529122	21.2111921495625	7.52809742100082e-100	2.78090050637053e-99	PHACTR3
PHACTR4	2678.70317076844	-0.4570208293521	0.0260601964149757	-17.5371214427789	7.46123144738595e-69	2.10747885272861e-68	PHACTR4
PHAX	1349.22886762914	-0.215801638078151	0.0220439663253412	-9.7896011495023	1.24787152908963e-22	2.12676911523788e-22	PHAX
PHB	3097.75041672209	0.589586111293749	0.0325501216684639	18.1131768814544	2.50845569211013e-73	7.36858859557351e-73	PHB
PHB2	10297.6175747543	-0.250065287480225	0.0250694927267885	-9.97488422304663	1.96330290173717e-23	3.38649056479214e-23	PHB2
PHBP12	7.37010011849578	-1.15145854740824	0.0734591306434338	-15.6748186007992	2.24866062954007e-55	5.54951192656303e-55	PHBP12
PHBP9	60.1904144396702	-1.07257399374862	0.0532648460108005	-20.1366205683038	3.52588622663257e-90	1.19980109575828e-89	PHBP9
PHC1	846.375448626195	0.334270428463925	0.0294230567561431	11.3608328065416	6.55170615433891e-30	1.22812936045251e-29	PHC1
PHC1P1	56.7463798543985	0.289581951724645	0.0423018675280831	6.84560679342109	7.6152384248301e-12	1.09656752968056e-11	PHC1P1
PHC2	13359.5268901531	-0.386161277246586	0.0541021529577891	-7.13763235167132	9.49521819314674e-13	1.38928247333849e-12	PHC2
PHC3	3232.85807066394	-0.399574175235786	0.0173925365904683	-22.9738872853524	8.5051513813133e-117	3.59476942979621e-116	PHC3
PHEX	34.8433275470913	-1.84130174008766	0.0940425913820065	-19.5794449411563	2.31529569044156e-85	7.55303329533137e-85	PHEX
PHF1	4826.99297178161	0.279646698962176	0.0261278751189142	10.7030019735412	9.85333096368529e-27	1.77547358035334e-26	PHF1
PHF10	5068.4011818258	-0.322473311469397	0.0224301537945089	-14.376776656268	7.23882845819866e-47	1.64403420484525e-46	PHF10
PHF11	1476.16698596294	-0.0840540783510177	0.0326673175371861	-2.57303276448508	0.010081166353029	0.0116007847293278	PHF11
PHF12	2802.46239339957	-0.396937448291758	0.0144309696353887	-27.5059443904835	1.49052161211052e-166	8.9020834570675e-166	PHF12
PHF13	1526.81386943772	-0.74271305718786	0.0275761760857516	-26.9331416683118	8.98927375261264e-160	5.12237786707123e-159	PHF13
PHF14	1346.67452741006	-0.381143330265101	0.0177088668571435	-21.5227396162479	9.53582410077467e-103	3.60466966900556e-102	PHF14
PHF19	1115.4567163989	0.293777355178558	0.0231080022628993	12.7132303275834	4.99285048077235e-37	1.01417627515666e-36	PHF19
PHF2	4100.61450516854	0.0110328237989722	0.0153077161113552	0.720736112344551	0.471071889457117	0.491637585929822	PHF2
PHF20	3678.80159957538	-1.10303134311695	0.0457036696694554	-24.1344152689369	1.08844710161123e-128	4.99442678463006e-128	PHF20
PHF20L1	2343.84893711766	0.292018128278586	0.0252642292590022	11.5585607336323	6.68193222725847e-31	1.2683904041219e-30	PHF20L1
PHF21A	2696.71687564414	0.0130721558496	0.0157556825138915	0.82967880560391	0.406720407628511	0.427375754930875	PHF21A
PHF23	1259.56619313629	-0.158465116697581	0.0234276975510378	-6.76400727610388	1.34226338281958e-11	1.92434558411399e-11	PHF23
PHF2P2	125.953398051052	-7.98447633522382	0.222427221886077	-35.8970285539659	3.39888116859402e-282	4.02521446814874e-281	PHF2P2
PHF3	4626.69295350625	-0.783831658568058	0.0213914902814239	-36.6422183894653	6.08725499655155e-294	7.63068782680533e-293	PHF3
PHF5A	979.248374670647	-0.477399216411498	0.019022807638355	-25.0961490799568	5.47882866404498e-139	2.69686614113956e-138	PHF5A
PHF6	826.799944897784	-0.0210807662988732	0.0184063151171504	-1.14530073861611	0.252084600123618	0.269256208795185	PHF6
PHF7	344.863344841815	-0.65093718263316	0.0343255355747379	-18.9636424234622	3.40710811360168e-80	1.06275087771519e-79	PHF7
PHF8	2546.47812899636	-0.429193438226234	0.0217626572686318	-19.7215548142122	1.40832004587342e-86	4.64647528331515e-86	PHF8
PHGDH	2212.50227787978	-1.90368376685344	0.0930543361562961	-20.4577652744303	5.12332934119518e-93	1.78626867075062e-92	PHGDH
PHIP	3382.48772056559	-0.55651491962319	0.0200375074270113	-27.7736600547924	9.02679824446141e-170	5.54199847198328e-169	PHIP
PHKA1	6880.75189885105	-2.40730438187579	0.0972471977928736	-24.7544858516447	2.77396943274172e-135	1.32909831670971e-134	PHKA1
PHKA1P1	19.7562944935431	-2.30917483303399	0.0954093623825557	-24.2028117091389	2.07813239858287e-129	9.5771790340221e-129	PHKA1P1
PHKA2	1924.52702238261	0.774886692539344	0.0235359724672269	32.9235043769	1.01328569083797e-237	9.41670403757065e-237	PHKA2
PHKB	6659.79113122419	-0.581189752299267	0.0603350552459002	-9.63270440261607	5.81777854092219e-22	9.82971949644645e-22	PHKB
PHKG1	3312.36053007783	-1.98425002029901	0.112851092681215	-17.5829048098292	3.33066950992386e-69	9.4313956029793e-69	PHKG1
PHKG2	1216.01154342277	-0.0817763372761158	0.0238063700166007	-3.43506117140461	0.000592420084879801	0.000713130530153891	PHKG2
PHLDA1	1885.58861415638	-0.0827610849250368	0.0540434863128987	-1.53137946071558	0.12567563730013	0.137066776554961	PHLDA1
PHLDA2	169.414096954171	-1.14476419317885	0.0805792831297109	-14.2066812798035	8.3279665793034e-46	1.86805889587589e-45	PHLDA2
PHLDA3	4126.67070698749	-1.01030424382541	0.0421361471411278	-23.9771386890589	4.81671834648304e-127	2.18732964064181e-126	PHLDA3
PHLDB1	7194.6329577327	0.75850935912928	0.0420940896503234	18.0193790964536	1.37275492145602e-72	4.01086858320563e-72	PHLDB1
PHLDB2	3216.36764335513	1.74844865462012	0.0523799278277923	33.3801272191218	2.66357326072242e-244	2.56400974685905e-243	PHLDB2
PHLDB3	1165.22097245656	-2.23448852227381	0.0780347397636486	-28.6345354523078	2.49773836609172e-180	1.65057960088168e-179	PHLDB3
PHLPP1	1626.0563361789	-1.13100134503938	0.0418812098238986	-27.0049826591684	1.29161239536785e-160	7.39984555347441e-160	PHLPP1
PHLPP2	645.983584632556	-0.160533612293466	0.0268736089113593	-5.97365291810916	2.31999116078083e-09	3.1794564815543e-09	PHLPP2
PHOSPHO1	101.665127347801	0.1346338261637	0.0863418601213425	1.55931116117361	0.118922751335152	0.129874928519327	PHOSPHO1
PHOSPHO2	86.1585118365375	-0.723794638352893	0.0380658007057004	-19.0143022065605	1.29853069975396e-80	4.07227371537822e-80	PHOSPHO2
PHPT1	2512.8119191519	1.29346044412436	0.0477144880737151	27.1083374535229	7.85237809963537e-162	4.54065718507987e-161	PHPT1
PHRF1	3770.7422033431	-0.431930252385765	0.0213700614545711	-20.2119330964008	7.68773453072876e-91	2.62793219308106e-90	PHRF1
PHTF1	483.858024837445	0.559265022640937	0.0374240803676393	14.9439883932201	1.70460067407551e-50	4.01524689008549e-50	PHTF1
PHTF2	3928.76385869815	-1.40050273100635	0.0769138835278517	-18.2087117015643	4.40183195873368e-74	1.30003900064257e-73	PHTF2
PHYH	7210.00018287845	-0.218424671105603	0.0820010325179682	-2.6636819610502	0.0077290598022886	0.00893754772923473	PHYH
PHYHD1	1573.23591518995	-0.163393546457939	0.0333988920199948	-4.89218463774547	9.97228245279292e-07	1.29302785012407e-06	PHYHD1
PHYHIP	1202.73442782828	-2.28009911189839	0.0914763875202008	-24.9255482612371	3.93295820743924e-137	1.90982413520674e-136	PHYHIP
PHYHIPL	26.7919333372139	-1.5826728623689	0.0648645360609015	-24.3996636449064	1.72429933189393e-131	8.05373956238264e-131	PHYHIPL
PHYKPL	2218.77525879745	0.215385332174802	0.0279181939769969	7.71487340306712	1.21102378206496e-14	1.8289822217427e-14	PHYKPL
PI15	931.649599364982	-2.39046184124601	0.129222892303929	-18.498748933925	2.11322530565577e-76	6.38150792268236e-76	PI15
PI16	2475.38893444701	0.614348528447655	0.0925498772017163	6.63802640287309	3.17910929240118e-11	4.52245506341976e-11	PI16
PI3	244.219158316074	-3.7510126753412	0.138584631398755	-27.0665847827546	2.43693818912771e-161	1.40510327810659e-160	PI3
PI4K2A	2103.22383283321	0.0452549770933847	0.0267458589705426	1.69203678009473	0.0906389610684063	0.0996452875407586	PI4K2A
PI4K2B	675.88868153783	-0.938829984282676	0.0425162741914814	-22.0816617198029	4.7432312755202e-108	1.87120109994826e-107	PI4K2B
PI4KA	4619.66656610919	-0.114257110611933	0.0188396252322119	-6.06472311437365	1.32181168436379e-09	1.82203324375775e-09	PI4KA
PI4KAP1	821.160879985064	0.0205694480474156	0.053859402522531	0.381910067398368	0.702528072598162	0.717149134333646	PI4KAP1
PI4KAP2	537.720436282544	-0.15340222303137	0.0308104053752372	-4.97890959768615	6.39434994273747e-07	8.32042021969186e-07	PI4KAP2
PI4KB	5239.07548264307	-0.368211520904203	0.0166595301718429	-22.1021551692097	3.01335873989285e-108	1.19007175684097e-107	PI4KB
PIANP	49.7589868428534	1.08951064934978	0.0650185300314548	16.7569252768817	5.04024835553884e-63	1.34533675338159e-62	PIANP
PIAS1	2390.65949482633	-0.489765278949593	0.0207669691760294	-23.5838592910762	5.64411323262263e-123	2.49018829167745e-122	PIAS1
PIAS2	1979.30041806298	-0.482531572476662	0.0326597643322597	-14.7744964589362	2.1395019795604e-49	4.98939955098674e-49	PIAS2
PIAS3	2708.88672084592	-0.53629002718539	0.0273321662538591	-19.6212046350212	1.01909423977441e-85	3.34086967950813e-85	PIAS3
PIAS4	1307.45963173016	-0.15878664497286	0.0213667754579227	-7.43147440686858	1.07393783563112e-13	1.5980784474825e-13	PIAS4
PIBF1	750.738724240811	-0.0542081519208487	0.0209217105711359	-2.59099999192396	0.00956974937606299	0.0110249637451846	PIBF1
PICALM	8993.74407163776	-0.180328699588892	0.0266136510694193	-6.77579709445056	1.2372221662285e-11	1.77431773536323e-11	PICALM
PICK1	1911.69352627354	-0.256882908479433	0.0274197249546287	-9.36854431999211	7.35397294931579e-21	1.22335151151126e-20	PICK1
PID1	1595.31714712442	-0.539483446667302	0.0437422847815753	-12.333225147273	5.99963857276864e-35	1.19217898165811e-34	PID1
PIEZO1	5889.98489986977	-0.719574527133184	0.0635996635964994	-11.3141247365464	1.11711583060884e-29	2.08753265512195e-29	PIEZO1
PIEZO2	165.078688260032	-2.81479467280971	0.0847921663964115	-33.1964000029233	1.21334699766536e-241	1.14834170898918e-240	PIEZO2
PIF1	61.7487749647963	1.07291924291549	0.0560424423841713	19.1447623849193	1.07025681440337e-81	3.3930420775053e-81	PIF1
PIFO	134.842633627458	2.25979836435269	0.0814199402466349	27.7548516678761	1.52270627362654e-169	9.31687139073805e-169	PIFO
PIGA	559.968230096983	-0.396166598135876	0.0364944502291446	-10.8555299682113	1.8771470584011e-27	3.4124948695494e-27	PIGA
PIGB	220.445339840378	-0.501778778798066	0.0378928720623807	-13.2420360740146	5.01700243105732e-40	1.05257646575131e-39	PIGB
PIGC	1350.20707281417	-0.515403469253946	0.0316131801078755	-16.3034363355792	9.32960517700446e-60	2.41053857888987e-59	PIGC
PIGCP1	60.3277062018396	-0.108617195405703	0.0320246879194389	-3.39167069102872	0.000694678780284935	0.000834216992922555	PIGCP1
PIGF	299.024251455669	-0.165051666467365	0.0208033866004729	-7.93388449857548	2.12395640693088e-15	3.24644130773226e-15	PIGF
PIGFP1	1.61739927746061	-0.318633996290054	0.103366329657166	-3.08257047867389	0.00205221127847499	0.0024241653142482	PIGFP1
PIGFP2	0.112319443520792	0.469708319704369	0.487691404829278	0.96312609788314	0.33548424627021	0.355029507178721	PIGFP2
PIGG	1798.85630968348	-0.533791969441187	0.0252682013650962	-21.1250481080356	4.6814890321089e-99	1.71737281571209e-98	PIGG
PIGH	904.036297841121	-0.778281293648406	0.0223359875496561	-34.844275047977	5.19855537390291e-266	5.65433204142757e-265	PIGH
PIGHP1	16.6157868770633	-1.03313172829871	0.0602962342159604	-17.1342662063834	8.23857653008144e-66	2.25589619893514e-65	PIGHP1
PIGK	1004.18378995094	0.57958549456651	0.0249280375217967	23.2503458830135	1.41111683629437e-119	6.07546380534202e-119	PIGK
PIGL	972.361050409884	-1.14452480121984	0.0452836515276775	-25.2745695766232	6.08249538213715e-141	3.0355142604339e-140	PIGL
PIGM	566.951852082795	0.129182439145966	0.0364184800070424	3.54716723819846	0.000389397321022571	0.000471419811401392	PIGM
PIGN	1223.82200644264	-0.234039956489119	0.0256205561159981	-9.13485075926901	6.54970517008022e-20	1.07368402483029e-19	PIGN
PIGO	1111.0891792233	-0.244926222547554	0.0252964136852138	-9.68225083584548	3.5872973337765e-22	6.07821341352698e-22	PIGO
PIGP	725.569632077506	0.143899579800782	0.0459253277500385	3.13333811320837	0.00172830227003714	0.00204773047870325	PIGP
PIGQ	2298.56741246189	-0.0723953241863321	0.0224291680785138	-3.22773113710284	0.00124776190597085	0.00148679169056605	PIGQ
PIGR	551.115320763946	-4.35886658819614	0.152750273049096	-28.535900468048	4.20277603398039e-179	2.75406521251114e-178	PIGR
PIGS	3032.12680669114	0.067101399919265	0.0214615881221002	3.12658129200453	0.00176851603436626	0.00209468727033999	PIGS
PIGT	5977.9152371304	0.837206002286153	0.0217647231897195	38.4661911382179	0	0	PIGT
PIGU	779.070312165348	0.222679327293441	0.0200492186519609	11.1066336877752	1.16467758408149e-28	2.15360669656404e-28	PIGU
PIGV	653.987252476442	-0.745410930711619	0.0358714271515838	-20.7800745579956	6.55567518414061e-96	2.33449473767982e-95	PIGV
PIGW	390.61494249662	-0.649191504136057	0.0340893427838486	-19.0438257567007	7.39252916547326e-81	2.32320037548331e-80	PIGW
PIGX	831.03651762225	-0.134702977152646	0.0223611022094562	-6.02398646948998	1.70172598579842e-09	2.33962953260195e-09	PIGX
PIGZ	584.45504818402	0.227478336865148	0.0306237534341542	7.42816641840658	1.10113367988498e-13	1.63787038271439e-13	PIGZ
PIH1D1	2088.09259330649	-0.696334096980411	0.0176018131527874	-39.5603618181881	0	0	PIH1D1
PIH1D2	52.9833442971109	0.325861482746362	0.0354017418379339	9.20467372024031	3.42710805341645e-20	5.64061187433022e-20	PIH1D2
PIK3AP1	195.983346556492	-0.00797482401673738	0.054659746457878	-0.145899396421148	0.88400080807747	0.890879999227552	PIK3AP1
PIK3C2A	2939.05187682724	0.0411490636735742	0.0313846813567826	1.31111937080991	0.1898174372809	0.20458051062708	PIK3C2A
PIK3C2B	3119.01930521592	-0.168317253214613	0.0455174380175281	-3.69786307282489	0.000217422110567187	0.000265127720655734	PIK3C2B
PIK3C2G	405.387453374194	-8.23208585786938	0.1751439121459	-47.0018384139541	0	0	PIK3C2G
PIK3C3	2002.90224108706	-0.495995977094946	0.0129191633098679	-38.3922677652117	0	0	PIK3C3
PIK3CA	1608.51512961516	-0.549649329691383	0.0212596908019452	-25.8540603817761	2.19030336883819e-147	1.14615264367606e-146	PIK3CA
PIK3CB	2654.03701262261	-0.667551130459578	0.0358767495788251	-18.6067895864673	2.83079353140961e-77	8.60762066873384e-77	PIK3CB
PIK3CD	541.619490871614	0.328485484515532	0.0427546878212998	7.6830284877413	1.55371020718516e-14	2.34260301863976e-14	PIK3CD
PIK3CG	95.3999678048546	0.631463031867255	0.0560094105451676	11.2742309858452	1.75908932049468e-29	3.28274589034052e-29	PIK3CG
PIK3IP1	3428.17621629426	-0.713918538808607	0.0495569749733536	-14.4060152822579	4.7429638295749e-47	1.07895983692882e-46	PIK3IP1
PIK3R1	10735.0052479307	-0.555532575611861	0.0469001026178756	-11.8450183390457	2.2836839358191e-32	4.41410872207448e-32	PIK3R1
PIK3R2	2258.43128208188	-0.126023201902784	0.0336251062157957	-3.74789007636155	0.000178328371067506	0.00021795824331791	PIK3R2
PIK3R3	3486.28649996082	1.28527470535652	0.0570142537734638	22.5430417885208	1.57143291492279e-112	6.43919050797293e-112	PIK3R3
PIK3R4	1559.70729084457	-0.439278927848371	0.0151144426231969	-29.0635214807187	1.03836380057948e-185	7.09627440175823e-185	PIK3R4
PIK3R5	291.19677600359	0.190736201066339	0.0571873599146847	3.33528600290151	0.000852117107166108	0.00102021683046871	PIK3R5
PIK3R6	153.783595962065	1.86257996554912	0.063778605844745	29.2038363159453	1.73346807440865e-187	1.20015995413193e-186	PIK3R6
PIKFYVE	2217.20831084789	-0.231072263391557	0.0162639599131118	-14.2076262254723	8.21636963426299e-46	1.84325610401755e-45	PIKFYVE
PILRA	206.183850969209	-0.27570409461384	0.0441533417229915	-6.24424072686384	4.2586369052387e-10	5.9242444305411e-10	PILRA
PILRB	4279.80918790142	-0.253649600133578	0.0321519359270748	-7.88909261043851	3.04391581866664e-15	4.64155261768896e-15	PILRB
PIM1	5782.91267252893	-1.05980740343545	0.0611299565545981	-17.3369565949043	2.47499324388198e-67	6.87854768922643e-67	PIM1
PIM2	307.195929303982	-0.32285135347549	0.0392904903136043	-8.21703549379485	2.08595345042253e-16	3.24427579584033e-16	PIM2
PIM3	8303.88891499334	-0.649158081448851	0.0329435863342262	-19.7051430546413	1.94790915669171e-86	6.42085931690303e-86	PIM3
PIN1	2529.51375418617	0.70462793701153	0.025629448203923	27.4929031403679	2.13448625660185e-166	1.27354614203148e-165	PIN1
PIN4	691.79247188875	0.390797443489052	0.0257808973312584	15.1584112247026	6.66624549467617e-52	1.59446033948533e-51	PIN4
PIN4P1	3.27761371713775	2.16301283110739	0.0740251787809386	29.219960920437	1.08170992836768e-187	7.49782842531638e-187	PIN4P1
PINK1	4953.76243064437	-0.215698304591069	0.067679744678711	-3.18704371027152	0.00143735051080841	0.001709417715715	PINK1
PINLYP	104.052373379538	-0.264926767065387	0.0563558970431237	-4.70095910038775	2.58942380410838e-06	3.3242203607014e-06	PINLYP
PINX1	532.517984749592	-0.589634580492198	0.023401893616519	-25.1960200381385	4.42891083359695e-140	2.19446253552377e-139	PINX1
PIP	1896.85973988137	-7.97116560088386	0.180182143621591	-44.239487002799	0	0	PIP
PIP4K2A	1163.29344214943	0.100548680003358	0.0359690825183517	2.7954196483065	0.00518323848005418	0.00603125248089563	PIP4K2A
PIP4K2B	6831.26382627144	-0.46273650429345	0.0428218511602987	-10.8060836174795	3.22130839730551e-27	5.83896611216358e-27	PIP4K2B
PIP4K2C	1877.91205689134	-0.300427300664191	0.0292386339429151	-10.2750115224514	9.13335227773881e-25	1.60477769010811e-24	PIP4K2C
PIP5K1A	2974.2454413486	-0.129266901973639	0.0172446810998603	-7.49604479346888	6.57723221994818e-14	9.81975260772059e-14	PIP5K1A
PIP5K1B	631.39712243288	2.96087822996988	0.049678234686065	59.6011160356393	0	0	PIP5K1B
PIP5K1C	3665.92693667573	0.880962348120606	0.0183399159296693	48.0352446270178	0	0	PIP5K1C
PIP5K1P1	1.53724633797619	-0.365257206876546	0.117768663672252	-3.10148044044255	0.00192555592963373	0.00227619728719048	PIP5K1P1
PIP5KL1	102.872108765343	-1.98589841477663	0.0834505904486297	-23.797296149739	3.56214609991212e-125	1.59507940160493e-124	PIP5KL1
PIPOX	47.6793615357972	-1.51921883914606	0.052262064827135	-29.0692463868604	8.79015620683501e-186	6.01183897717466e-185	PIPOX
PIPSL	31.7139437113655	-0.201874307845786	0.0510630683331206	-3.95343081478803	7.70385465478401e-05	9.52845180986443e-05	PIPSL
PIR	636.544094098382	0.0990669319251726	0.0315212206637208	3.14286470635298	0.00167303149321887	0.00198315816603666	PIR
PISD	2133.86424348992	-0.443730691033539	0.032628811159341	-13.5993520838563	4.03996478832512e-42	8.69793160562619e-42	PISD
PITHD1	3093.17618418056	-0.607417003393912	0.0210899850401731	-28.801205986485	2.07164557161808e-182	1.38527830366631e-181	PITHD1
PITPNA	4981.64608306499	-0.239264545405624	0.0348364649511349	-6.86822115106225	6.50073915053437e-12	9.37358262165726e-12	PITPNA
PITPNB	2941.74216034153	0.122973445133876	0.0256707586192093	4.79040946775354	1.66441307708476e-06	2.14574946649021e-06	PITPNB
PITPNC1	1043.21449848686	0.73960960686364	0.0564235414307765	13.1081741434297	2.95630155636674e-39	6.14295097727782e-39	PITPNC1
PITPNM1	1511.53299071568	1.87831113996933	0.0340311761384061	55.1938355680147	0	0	PITPNM1
PITPNM2	2004.74838530181	1.31002633101123	0.0315721743660891	41.4930665155043	0	0	PITPNM2
PITPNM3	887.512078927002	-3.65324758852372	0.0877806841198644	-41.6178983469213	0	0	PITPNM3
PITRM1	5275.11550227227	0.0790739461238107	0.0346845843910379	2.27980088307596	0.0226195006175385	0.0256471170708183	PITRM1
PITX1	401.089556635422	-4.53171226014504	0.0999501275299217	-45.3397346470458	0	0	PITX1
PITX2	1336.2786526929	-7.37759371089364	0.128183376148625	-57.5549960732779	0	0	PITX2
PIWIL1	5.92059270197941	0.112720510795287	0.14353901237096	0.785295293128907	0.4322804548694	0.452753852801772	PIWIL1
PIWIL2	248.56165137765	-2.05174078483965	0.0567877942598707	-36.1299608759328	7.68001677060316e-286	9.29085899782443e-285	PIWIL2
PIWIL3	0.3696100888144	0.248627137453775	0.178009492118225	1.39670718957306	0.162501641305235	0.17595140121116	PIWIL3
PIWIL4	163.36502812079	-0.243276052545406	0.0421702138587848	-5.76890725193055	7.97871985482456e-09	1.08037412446741e-08	PIWIL4
PJA1	1005.14766644276	-0.134660967396935	0.0347740226088365	-3.87245872908346	0.000107742924290004	0.000132541541730633	PJA1
PJA2	6013.90902406088	-0.133495532889831	0.0200441587838804	-6.66007161134588	2.73694195341758e-11	3.8993028969901e-11	PJA2
PKD1	12572.4469172768	-0.282886174487524	0.0412502729323247	-6.85780127931827	6.9928438843009e-12	1.00767037112793e-11	PKD1
PKD1L1	195.663972047616	2.42512420219052	0.0645244708135904	37.5845655394315	0	0	PKD1L1
PKD1L2	581.042412403187	0.45579078941476	0.0829124032879366	5.49725700064318	3.85744323460003e-08	5.14964666760865e-08	PKD1L2
PKD1L3	10.3472444481784	-0.238100666947173	0.0616720119757326	-3.8607572433483	0.000113036165037108	0.000138939160589483	PKD1L3
PKD1P1	1.80274023568975	-0.612526262258014	0.100236531995073	-6.11080860507147	9.91275912790267e-10	1.36924169015789e-09	PKD1P1
PKD1P5	473.545175220908	-0.816357279684794	0.0765184341023493	-10.6687661510801	1.42506088221579e-26	2.56345767370506e-26	PKD1P5
PKD1P6	2509.87362398633	-0.963379078749011	0.0261601227597327	-36.8262445706831	7.02088938446651e-297	8.95698297730557e-296	PKD1P6
PKD2	1963.13775085473	0.23520214833792	0.0409087575165283	5.7494327038139	8.95433845043663e-09	1.21084019265557e-08	PKD2
PKD2L1	3.60745966653338	-1.12576844180015	0.108749486721887	-10.3519425767881	4.10079522898638e-25	7.2449126427504e-25	PKD2L1
PKD2L2	21.5095212161988	-0.0921453022914268	0.0598373185400875	-1.53993034012202	0.12357733428313	0.134802787203407	PKD2L2
PKDCC	5657.65368600927	-0.392455869805377	0.0806584507332476	-4.86565097937848	1.14080684240908e-06	1.47664226434212e-06	PKDCC
PKDREJ	50.7471217329181	0.278700203423074	0.0515778580445981	5.40348541000073	6.53582741918525e-08	8.67891925145719e-08	PKDREJ
PKHD1	28.9655817111498	-2.80456016718813	0.0915811239209759	-30.6237797388046	5.90591715652285e-206	4.59232893021891e-205	PKHD1
PKHD1L1	457.633591769412	-0.0149711953202417	0.0945171111963426	-0.158396666283438	0.874144240539195	0.881835377378729	PKHD1L1
PKIA	10208.1384598862	-0.614433063747551	0.120509046685632	-5.09864678749307	3.4209020168226e-07	4.47754360538236e-07	PKIA
PKIB	98.5771677878084	-2.48879404817007	0.085737350948675	-29.0281192576143	2.90707897036131e-185	1.98070887757282e-184	PKIB
PKIG	3680.19336049685	1.61602377040025	0.0418891707805697	38.5785571852343	0	0	PKIG
PKLR	13.6210505259284	-2.74609384388838	0.133578300317661	-20.5579337164639	6.53576106807313e-94	2.29606235336425e-93	PKLR
PKM	63198.4614041033	-0.17695253696869	0.0633446812638365	-2.79348689484546	0.00521431417785673	0.00606623599273567	PKM
PKMP1	13.4544508130718	-1.3903511031062	0.103987900624748	-13.3703161113276	9.01568822289822e-41	1.90773955213813e-40	PKMP1
PKMYT1	82.791320852602	-1.25255584549707	0.0862743925646747	-14.5182806654721	9.28089979808857e-48	2.12903628476351e-47	PKMYT1
PKN1	6508.71273923297	0.891596183002931	0.0437839523581706	20.3635381225822	3.5220797286e-92	1.21690896726542e-91	PKN1
PKN2	2464.76467438884	-0.324901490514012	0.0185996280596998	-17.4681713780064	2.50392146394324e-68	7.03827143542196e-68	PKN2
PKN3	1094.57181006593	1.26326605041812	0.0453767996133326	27.8394699754662	1.44468206776354e-170	8.93360422597438e-170	PKN3
PKNOX1	938.985856203937	-0.623267565153479	0.0242170441332597	-25.7367316062114	4.53820731574829e-146	2.34950445472491e-145	PKNOX1
PKNOX2	845.529390348826	-0.609294028164859	0.0751508008912476	-8.10761856079994	5.16214896661749e-16	7.98246229259355e-16	PKNOX2
PKP1	43903.0928355878	-8.71102254619607	0.130617380747853	-66.6911439834493	0	0	PKP1
PKP2	3956.60765289074	4.67160579625877	0.0513895444682647	90.905763898018	0	0	PKP2
PKP3	6651.01529276346	-6.73868068409579	0.13521314694369	-49.8374665216699	0	0	PKP3
PKP4	3343.14443528854	0.0766093689273664	0.0298783661683884	2.56404143705889	0.0103461191950156	0.0118973526044335	PKP4
PLA1A	459.323917039837	-0.571160457321038	0.0940013612989222	-6.07608708457701	1.23150547847274e-09	1.69872261440519e-09	PLA1A
PLA2G10	2.93317981241346	-1.11852164407832	0.0898497853370512	-12.4487959529612	1.41970744300947e-35	2.83957263129038e-35	PLA2G10
PLA2G12A	2007.48213662931	0.371165215669338	0.0371802400554935	9.98286227080175	1.8116392417722e-23	3.12698417788296e-23	PLA2G12A
PLA2G12AP1	4.74016001086514	-0.280466886098852	0.0699740770435108	-4.00815413291487	6.11951779518088e-05	7.58921390499834e-05	PLA2G12AP1
PLA2G15	2300.72663295839	0.2363482330681	0.0550255786043694	4.29524303174401	1.74502062643657e-05	2.1945030247649e-05	PLA2G15
PLA2G2A	4674.53390020577	1.30726929760012	0.0961981645080243	13.5893372216169	4.63256353106483e-42	9.96543691714842e-42	PLA2G2A
PLA2G2D	1.89996395410611	-0.9272578692578	0.157931382398892	-5.87127051744405	4.32467920546787e-09	5.89270686379737e-09	PLA2G2D
PLA2G2F	478.346204360973	-7.75258914714029	0.219146791029158	-35.3762385053989	3.96125502719578e-274	4.49883607221143e-273	PLA2G2F
PLA2G3	469.280386408437	-8.24580958178845	0.195389189773308	-42.2019743843316	0	0	PLA2G3
PLA2G4A	352.80370164906	-0.914291467615024	0.0727210609269114	-12.572581532246	2.98805052505598e-36	6.01923651539086e-36	PLA2G4A
PLA2G4B	3256.19569282198	-1.03166200678403	0.0619308806871	-16.6582808986103	2.63489675106915e-62	6.98641573368621e-62	PLA2G4B
PLA2G4C	2177.39160307202	-0.126305651283661	0.0856828818785425	-1.47410601177843	0.140453050135721	0.152702503804621	PLA2G4C
PLA2G4D	834.814290073569	-9.01155261960741	0.196250411185095	-45.9186432537361	0	0	PLA2G4D
PLA2G4E	2994.0779813887	-8.15976293896113	0.158982817834181	-51.3248101280465	0	0	PLA2G4E
PLA2G4F	5306.79259763983	-4.9576711091519	0.117812420656899	-42.0810563224903	0	0	PLA2G4F
PLA2G5	1119.5490480643	6.10623341834334	0.0685238646407984	89.1110483968202	0	0	PLA2G5
PLA2G6	1494.41827984414	-0.56818366859945	0.036427510096998	-15.597653177132	7.55195907555831e-55	1.85587461186519e-54	PLA2G6
PLA2G7	64.3712179834526	-2.05080594000803	0.101692822166327	-20.1666734811801	1.92135764345188e-90	6.55292893894985e-90	PLA2G7
PLA2R1	2185.42959738543	-2.24568788145944	0.0837399883576032	-26.8173894635554	2.02592886937745e-158	1.14465617004593e-157	PLA2R1
PLAA	2954.4959485919	-0.598773962913133	0.0494287377129964	-12.1138833524308	8.91702680471942e-34	1.75082242050343e-33	PLAA
PLAC1	3.91736356943883	-1.61487031893598	0.159398788583337	-10.1310074768334	4.02480901044566e-24	7.01089481295068e-24	PLAC1
PLAC4	36.0113026257193	-1.27091035392595	0.0804387608555913	-15.7997256597173	3.12473430504352e-56	7.79170830102347e-56	PLAC4
PLAC8	32.4777736422327	0.455192971285047	0.0679613992369378	6.69781635451738	2.11556890186265e-11	3.01905468546294e-11	PLAC8
PLAC8L1	26.9395389585078	-0.956479915935864	0.0472884038167526	-20.2265214880655	5.71984730614593e-91	1.95784315189072e-90	PLAC8L1
PLAC9	1129.86113776262	0.65411903175874	0.06176710645171	10.5900870112822	3.31283772349121e-26	5.93022989862423e-26	PLAC9
PLAG1	272.687992282375	1.77596678573447	0.0449034623602919	39.5507760957195	0	0	PLAG1
PLAGL1	3051.21707458743	-0.0637597970758986	0.0549716217121656	-1.15986749326313	0.24610275940971	0.263069820197992	PLAGL1
PLAGL2	1043.39328273472	0.0821805355590721	0.037552622290216	2.18841003762562	0.0286397477759589	0.0323144101614037	PLAGL2
PLAT	1350.40215157906	-0.140517790892592	0.0667454943044662	-2.10527755254319	0.0352671549246721	0.0395960865589112	PLAT
PLAU	1063.09383305017	0.843309074545092	0.0612281432767231	13.7732263206761	3.6934305551971e-43	8.03352385501487e-43	PLAU
PLAUR	443.435888591034	0.977444546085644	0.0622287439125351	15.7072838792871	1.34833144109496e-55	3.3376394762308e-55	PLAUR
PLB1	371.432201781978	-1.50604079755138	0.0492742608154711	-30.5644523657373	3.6341427640963e-205	2.81732144257095e-204	PLB1
PLBD1	1101.45082908929	0.293442756063017	0.0473252855599252	6.20054908472655	5.62665078066411e-10	7.80799727896505e-10	PLBD1
PLBD2	3468.28020968663	0.165025637792217	0.0201843351263633	8.17592636859622	2.93601259105274e-16	4.55809940936096e-16	PLBD2
PLCB1	696.420799917211	-0.275464997663805	0.0525447698310392	-5.24248176459007	1.58431053857463e-07	2.08687062819274e-07	PLCB1
PLCB2	511.061309535309	0.706859021083114	0.0535885067417143	13.1904966953088	9.95273174150115e-40	2.08155134284608e-39	PLCB2
PLCB3	1908.52331899947	-0.0370777962503432	0.0366334329490355	-1.01212999343867	0.311475903174212	0.330457814170978	PLCB3
PLCB4	1427.80633825811	0.910730148503588	0.0434739215447571	20.9488842078802	1.92079024826707e-97	6.94579053014373e-97	PLCB4
PLCD1	1259.32522155606	-0.607447525343665	0.0549158923459445	-11.0614159106626	1.93026046429674e-28	3.5590104084611e-28	PLCD1
PLCD3	5714.25155630549	0.0839872120216648	0.0508607335067365	1.65131735684741	0.098673789967109	0.108260309209358	PLCD3
PLCD4	1307.82362024744	-5.92290685664313	0.118785333682563	-49.8622740116323	0	0	PLCD4
PLCE1	1198.73634492753	1.26311118285073	0.0443618911361595	28.4728885649595	2.53826687382923e-178	1.65308762647612e-177	PLCE1
PLCE1-AS1	6.04196902304975	0.484586489542319	0.077624617237909	6.24269087288542	4.3010641830734e-10	5.98280321146004e-10	PLCE1-AS1
PLCG1	6537.21302852292	0.381319792552837	0.0281720470935916	13.5353952549503	9.66611351405416e-42	2.06994657823565e-41	PLCG1
PLCG2	945.641195578997	-0.376990924333424	0.0540189505839149	-6.97886427371064	2.97575781721925e-12	4.31710319695065e-12	PLCG2
PLCH1	72.7753941319293	0.904533155662727	0.0778949257565288	11.6122218087731	3.57211348376082e-31	6.80584407506122e-31	PLCH1
PLCH2	3599.64590172852	-6.56629026655814	0.127222714683934	-51.6125621346087	0	0	PLCH2
PLCL1	1762.57644431187	2.05432411162404	0.0759311706358957	27.0550828391006	3.32815628930851e-161	1.91589834869979e-160	PLCL1
PLCL2	1961.53058048932	0.702569671610796	0.0735325108521256	9.554544832879	1.24128350028442e-21	2.08591712925877e-21	PLCL2
PLCXD1	1453.65983158115	-1.22064193108008	0.0628550441342993	-19.4199518573561	5.23389729756939e-84	1.69026525392082e-83	PLCXD1
PLCXD2	69.4452679293884	0.185979116190742	0.0456016838465066	4.0783387915398	4.53586369993415e-05	5.64427502160339e-05	PLCXD2
PLCXD3	1629.52713230916	4.62857645092923	0.0687697401789583	67.3054229794146	0	0	PLCXD3
PLCZ1	9.19401460216621	-1.56595996353882	0.13523032494851	-11.5799467622005	5.20783868360465e-31	9.89720271785972e-31	PLCZ1
PLD1	1918.48222566007	0.632686333841409	0.0727077594810997	8.70177183778955	3.26742007842982e-18	5.22120096154595e-18	PLD1
PLD2	2300.44702128164	-0.782292104768009	0.0581519264310587	-13.4525569964642	2.97407177769714e-41	6.33490309671355e-41	PLD2
PLD3	7515.6804768949	0.425048336314596	0.0203823725774789	20.8537222395908	1.41014575240652e-96	5.05658041614935e-96	PLD3
PLD4	18.1239873457816	-0.694170198717927	0.101628129374684	-6.83049272862881	8.4623468910698e-12	1.21757418580567e-11	PLD4
PLD5	33.8653957886452	-0.554478068794438	0.0707046517791648	-7.84217240085228	4.42817825392383e-15	6.73297041548128e-15	PLD5
PLD6	373.816061286009	0.124102417222066	0.0404942739107428	3.06469051638294	0.00217895345112512	0.00257252843665661	PLD6
PLEC	59203.4198523876	-0.67580617841673	0.0486632073986747	-13.8874154529143	7.55112188217346e-44	1.65583804362291e-43	PLEC
PLEK	333.955348130351	0.223400466836778	0.0614613343388716	3.63481315919766	0.000278182167658108	0.000338211346752236	PLEK
PLEK2	277.969419145576	-4.88029946449325	0.13846074668505	-35.2468087984115	3.83976201878356e-272	4.30919925811239e-271	PLEK2
PLEKHA1	3763.80057320124	-0.293194028841059	0.0361867527597736	-8.10224754863837	5.39530184180803e-16	8.34013125413364e-16	PLEKHA1
PLEKHA2	1444.34774577754	1.44154139012798	0.0401378442558235	35.9147686392956	1.79674967473944e-282	2.1320560906384e-281	PLEKHA2
PLEKHA3	940.311986022311	0.773894686084408	0.0225390816404397	34.3356796177482	2.30408530921538e-258	2.3960623715301e-257	PLEKHA3
PLEKHA3P1	2.93329070476017	0.420550242796059	0.0947157187480324	4.4401314623904	8.99039412703971e-06	1.13888870289122e-05	PLEKHA3P1
PLEKHA4	1994.36747972697	0.474504202571418	0.0390947800454169	12.1372777138068	6.70188221254349e-34	1.31732454365577e-33	PLEKHA4
PLEKHA5	1665.00127517657	1.28842426299437	0.0632913280703787	20.3570426198305	4.02135727529828e-92	1.38888051252196e-91	PLEKHA5
PLEKHA6	1801.6665348064	1.29609078391961	0.048654973252638	26.6384029683818	2.43870851304709e-156	1.35952901651783e-155	PLEKHA6
PLEKHA7	1638.03403298916	0.966558007427861	0.0580111189709965	16.6615990963923	2.49269700632745e-62	6.61034749718628e-62	PLEKHA7
PLEKHA8	669.749365980736	-0.235655537575123	0.0300904697160871	-7.83156726360893	4.81825452800221e-15	7.31927424122935e-15	PLEKHA8
PLEKHA8P1	108.1587065585	0.334758702419579	0.0516006706348298	6.48748743574702	8.72796156709968e-11	1.23099613076362e-10	PLEKHA8P1
PLEKHB1	455.250892246479	0.720356528836864	0.0509571970536356	14.1365022114275	2.26253825595892e-45	5.04495864554893e-45	PLEKHB1
PLEKHB2	4051.10781951441	-0.010573557438573	0.0267049239448111	-0.395940368915655	0.692149019414768	0.707396496819693	PLEKHB2
PLEKHD1	113.383750849042	-2.83087256647777	0.09855529903552	-28.7236971951909	1.93051988037351e-181	1.28375649673453e-180	PLEKHD1
PLEKHF1	2223.78999474879	-0.502166613151897	0.0680637206977013	-7.37788954239254	1.60818298644066e-13	2.38478473835722e-13	PLEKHF1
PLEKHF2	989.419632832316	-0.747843326712196	0.0326943564815364	-22.8737741675548	8.47748517697424e-116	3.55718439791872e-115	PLEKHF2
PLEKHG1	1926.96106559772	-0.105718009184306	0.0518829189723615	-2.03762647280164	0.0415873024925527	0.0465294941990454	PLEKHG1
PLEKHG2	2073.29394715084	1.17378128505499	0.0508632097755174	23.077216129997	7.84269600382601e-118	3.33592558518129e-117	PLEKHG2
PLEKHG3	2934.23093595811	-0.672014028709634	0.0467379663533584	-14.3783326734614	7.07792264608255e-47	1.60789608218238e-46	PLEKHG3
PLEKHG4	977.564482639698	-2.53369391314445	0.0665231571895463	-38.0873972340958	0	0	PLEKHG4
PLEKHG4B	146.367077416208	-2.15261281995795	0.0864027778489127	-24.9136992299263	5.28640927841982e-137	2.56290475143644e-136	PLEKHG4B
PLEKHG5	4740.02154230766	-0.817442351625379	0.083754952593459	-9.75992853333928	1.67273055344033e-22	2.84493789611483e-22	PLEKHG5
PLEKHG6	496.755958208697	-5.43467224767977	0.104830536512913	-51.8424538160245	0	0	PLEKHG6
PLEKHG7	2.22078709601767	-1.25774145589366	0.137202033779987	-9.16707588978261	4.86023614988618e-20	7.98549752958206e-20	PLEKHG7
PLEKHH1	1215.33390241797	-1.42331545010626	0.0703183423395475	-20.2410267755384	4.26197204691906e-91	1.46105044404095e-90	PLEKHH1
PLEKHH2	1578.54957740369	-1.52067301064007	0.0638524739782687	-23.8154125579787	2.3124769845585e-125	1.03807726182138e-124	PLEKHH2
PLEKHH3	2529.88459014255	-0.40836645246723	0.0352749261063392	-11.5766777579115	5.41023623093952e-31	1.02785923370071e-30	PLEKHH3
PLEKHJ1	2532.5383431026	0.330324958733304	0.029400982715835	11.2351672706299	2.7397446749121e-29	5.10064576410101e-29	PLEKHJ1
PLEKHM1	2705.23513132615	-0.437479466130404	0.0278196003084173	-15.7255841665718	1.01014859001471e-55	2.50463977532435e-55	PLEKHM1
PLEKHM2	10675.5617964086	-0.349544539310646	0.0415213174919557	-8.41843564762524	3.81544654330244e-17	5.9994630700548e-17	PLEKHM2
PLEKHM3	1055.91707147943	0.309838324130885	0.0237130259532497	13.0661656062678	5.13913792539182e-39	1.06590185269015e-38	PLEKHM3
PLEKHN1	1194.43004504555	-5.3187890884217	0.113360928224138	-46.9190678988212	0	0	PLEKHN1
PLEKHO1	2527.80032102711	1.17730491041049	0.0460965386382291	25.5399851092967	7.09414540199409e-144	3.61454037309073e-143	PLEKHO1
PLEKHO2	1712.622401834	0.49148735597187	0.0504336127137162	9.74523397246539	1.9333298985653e-22	3.28443483428406e-22	PLEKHO2
PLEKHS1	276.536955384623	-6.13510383625431	0.143821808596268	-42.6576740769307	0	0	PLEKHS1
PLG	3.73375938420875	0.478274290960662	0.139999432679243	3.41625877910842	0.000634878835461492	0.000763474775679225	PLG
PLGRKT	800.242769319124	0.413068792587955	0.0393343305329068	10.5014827249287	8.50338293429564e-26	1.51478868085359e-25	PLGRKT
PLIN1	8401.8506438722	-4.74566283029091	0.126789457810933	-37.4294749123983	1.2959966035325e-306	1.73065540505849e-305	PLIN1
PLIN2	20722.1422951327	-1.32648777403448	0.0765434129815582	-17.3298749345561	2.7993658497956e-67	7.77524836632783e-67	PLIN2
PLIN3	4428.1019359785	-1.82430665576886	0.0469091327916115	-38.8902234426957	0	0	PLIN3
PLIN4	39092.239666282	-0.699405364892616	0.0952025154977355	-7.34650089061199	2.03462869133242e-13	3.01220092710542e-13	PLIN4
PLIN5	5902.98199927118	-0.110004412155597	0.0986536044857991	-1.11505720170044	0.264825910091617	0.282496664151656	PLIN5
PLK1	152.59924307767	-0.639942035583947	0.0557630450910743	-11.4760955851455	1.73960192534425e-30	3.28727422403126e-30	PLK1
PLK2	3290.20624964126	0.491369033357826	0.063177835862338	7.77755405279313	7.39401807867468e-15	1.11980245191168e-14	PLK2
PLK3	1252.08104643049	-0.060974743932679	0.0584364112616033	-1.04343751808632	0.296745704831963	0.315331725659986	PLK3
PLK4	101.945353687736	-1.45777653650779	0.0773453482955557	-18.8476303828546	3.07302605506308e-79	9.5047323053592e-79	PLK4
PLK5	22.6819600784621	-0.88645407564582	0.096937694584327	-9.1445755899908	5.98644606867289e-20	9.81975721543473e-20	PLK5
PLLP	1913.12381993012	-1.93570967931804	0.088755294949064	-21.809512102111	1.88475286857039e-105	7.27744238248298e-105	PLLP
PLN	22673.7919612635	3.18359130805986	0.105582719570176	30.1525791438235	9.92290165610503e-200	7.44569206800945e-199	PLN
PLOD1	4360.1411073147	1.13462268231477	0.0272533112944607	41.6324706401964	0	0	PLOD1
PLOD2	1111.99339368923	0.722403512227658	0.0667161314800808	10.8280185946235	2.53583074609267e-27	4.60248933861809e-27	PLOD2
PLOD3	2052.74963786988	0.780081673464798	0.0293776091145195	26.5536133462697	2.33293725799837e-155	1.29057171423567e-154	PLOD3
PLP1	605.681394423854	0.494561887083692	0.0672599110098709	7.35299645298537	1.93812082467495e-13	2.86990288593255e-13	PLP1
PLP2	3837.95201615148	-0.929294638934168	0.0520612843634335	-17.8500136962983	2.88965536017762e-71	8.35206906527895e-71	PLP2
PLRG1	2042.24934943006	-0.226247754382889	0.0140268964454981	-16.1295661703913	1.58127286137974e-58	4.03179784386638e-58	PLRG1
PLS1	111.163852640168	-0.643417492281797	0.063114408429634	-10.1944628539003	2.09901621088758e-24	3.67266629200888e-24	PLS1
PLS3	7775.72063682455	-0.594709108869263	0.0515906106241104	-11.5274679185777	9.59235729310005e-31	1.81779159525312e-30	PLS3
PLSCR1	1569.09743091006	0.245991246687615	0.0575168093965449	4.27685835268866	1.8954932423945e-05	2.38123901572638e-05	PLSCR1
PLSCR2	2.58975262980168	-0.230051955342199	0.10543827321081	-2.18186383688435	0.0291195834938642	0.0328434600547023	PLSCR2
PLSCR4	1915.63227132295	-0.34629227692942	0.0580987783321496	-5.96040548304947	2.51612802975871e-09	3.44484489380032e-09	PLSCR4
PLTP	3836.49433525643	0.313517740631429	0.0592037526800617	5.29557209533128	1.18644371802624e-07	1.56692394484155e-07	PLTP
PLVAP	5841.74384582346	-1.67720303960415	0.0681065411971674	-24.626166739971	6.62675463280289e-134	3.14495676628223e-133	PLVAP
PLXDC1	1690.18223134197	2.15274532570603	0.0537524277368792	40.0492669139304	0	0	PLXDC1
PLXDC2	4363.27284291346	-0.637325324898446	0.0531971712200951	-11.9804363706035	4.49949027576729e-33	8.76193470944255e-33	PLXDC2
PLXNA1	4465.98910730245	0.346798318153577	0.026909136388938	12.8877535548165	5.27583084049652e-38	1.08351661106421e-37	PLXNA1
PLXNA2	4343.71394535669	0.225004086956876	0.0381177559583129	5.90286813323822	3.57235809781219e-09	4.87573114858724e-09	PLXNA2
PLXNA3	2336.59789774366	-0.057199119151264	0.0513760037104407	-1.11334309833912	0.265561103122114	0.283264127595471	PLXNA3
PLXNA4	1450.51137902457	-0.105459129481475	0.0836230962030917	-1.26112442937238	0.207264020268529	0.222810368996942	PLXNA4
PLXNB1	6357.54412036749	-0.31043299982552	0.0731739026090888	-4.24240048373423	2.21141611075478e-05	2.77424917483426e-05	PLXNB1
PLXNB2	8821.14595240293	-0.215868629088386	0.0542544923517239	-3.9788157575771	6.92593845721893e-05	8.57867048568072e-05	PLXNB2
PLXNB3	857.400538601438	-1.47563581789181	0.0841422131289993	-17.537402012822	7.42449112929168e-69	2.09775961102464e-68	PLXNB3
PLXNC1	472.557870506412	-0.129278515479776	0.0504920805439531	-2.56037212345093	0.0104560135914875	0.0120213770620404	PLXNC1
PLXND1	5711.27575854196	0.882497110702688	0.0499467991627131	17.6687420514726	7.3006781748223e-70	2.08139860349978e-69	PLXND1
PM20D1	157.687195518131	-1.84255548413206	0.132337623314244	-13.9231417187899	4.58307018055713e-44	1.00818582818293e-43	PM20D1
PM20D2	2419.04811877771	-0.915145188618999	0.0553082983074272	-16.5462546602362	1.70377791456325e-61	4.48781185836305e-61	PM20D2
PMAIP1	272.407524836807	-2.35246173703977	0.0845025782227758	-27.8389344623064	1.46640924313987e-170	9.0648464236816e-170	PMAIP1
PMCH	0.00966714113290316	0.56967602916946	2.10351375586384	0.270821157019491	0.786528586812757	0.798460472096573	PMCH
PMEL	1107.63332242746	-5.44647900568485	0.126226030956751	-43.1486196975565	0	0	PMEL
PMEPA1	2501.40969661488	0.738561012440257	0.0429828241818938	17.182700915948	3.57854925082745e-66	9.83472749070915e-66	PMEPA1
PMF1	2493.58601040663	0.120034056921686	0.0285717626236297	4.20114287322315	2.65570919905527e-05	3.32490063236848e-05	PMF1
PMFBP1	35.9353007999602	-0.571103864324941	0.067607750808336	-8.447313473628	2.98082571104309e-17	4.6957069768519e-17	PMFBP1
PML	4830.5702432502	-0.166648009680207	0.0421531858763529	-3.95339062079513	7.70514947031336e-05	9.52939853075306e-05	PML
PMM1	1057.6863571587	-0.386708857955168	0.0399472564029274	-9.68048604025856	3.64976694255632e-22	6.18289617287374e-22	PMM1
PMM2	1194.67276798711	0.163630153053713	0.0306948611744055	5.33086473738979	9.77462044806175e-08	1.29282103369258e-07	PMM2
PMP2	60.2518385276464	0.672293054991442	0.0909377775298007	7.39289075732172	1.43670511707571e-13	2.13260730704047e-13	PMP2
PMP22	11248.2954131193	-0.228252910500923	0.0423907519817326	-5.38449779327537	7.26471951999984e-08	9.63686190711254e-08	PMP22
PMPCA	4066.75578297597	0.577112981558679	0.0276023140343134	20.9081376598082	4.51515454640198e-97	1.62587111401844e-96	PMPCA
PMPCB	3409.71391718024	0.220692361368961	0.0182669501424157	12.0815111251941	1.3226633697777e-33	2.59162548376711e-33	PMPCB
PMS1	758.64537277468	-0.227729541731443	0.0215613301414388	-10.5619430822484	4.4730534878602e-26	7.99121038457438e-26	PMS1
PMS2	591.994351529304	-0.921468899612959	0.0301791803502067	-30.5332646188534	9.43231970633683e-205	7.28717540917465e-204	PMS2
PMS2CL	324.944766617866	-0.598578686845855	0.0317615477791645	-18.8460175495138	3.16813994822119e-79	9.79723195463488e-79	PMS2CL
PMS2P1	516.68623924067	-0.194368947060607	0.0212812843689656	-9.13332784294045	6.64253350502769e-20	1.08880209091243e-19	PMS2P1
PMS2P2	4.99665648962092	-0.151329718354933	0.0888335606618992	-1.70351967462944	0.0884708592837271	0.0973390341645604	PMS2P2
PMS2P3	226.292162326309	-0.454815116077771	0.0298159221915604	-15.2541019243238	1.54607567076696e-52	3.71723095358302e-52	PMS2P3
PMS2P4	176.554883552003	0.057516591659113	0.0260207321656428	2.21041403804374	0.0270764404185074	0.0305888668239959	PMS2P4
PMS2P5	31.4015091186793	-0.159723065335061	0.0521962857869575	-3.06004657088018	0.00221302576808051	0.00261138491322303	PMS2P5
PMS2P9	28.1498580740968	-1.2399676139873	0.0670652983195355	-18.4889599398994	2.5339462031048e-76	7.64430460903127e-76	PMS2P9
PMVK	1928.95087109106	0.454735509223408	0.0322039828429254	14.1204742109501	2.84073287897528e-45	6.32950025429312e-45	PMVK
PNCK	112.823428509998	1.48559503763651	0.0579163096405139	25.6507199242767	4.15056744110014e-145	2.13408638980987e-144	PNCK
PNISR	10896.501278775	-0.0907676815932849	0.0227560890900895	-3.9887206116105	6.64306055405405e-05	8.23225478683236e-05	PNISR
PNKD	1760.52028143948	0.830690183819454	0.0223950081824341	37.0926492659655	3.69087123732389e-301	4.80400384259344e-300	PNKD
PNKP	1358.92349393653	0.377553664080347	0.0182671901359668	20.6684039127053	6.66852573223471e-95	2.35881571440277e-94	PNKP
PNLDC1	30.09304964562	-0.469127391070344	0.10125426367591	-4.63316184464	3.60122780124261e-06	4.60900829364865e-06	PNLDC1
PNLIP	138.208302246165	0.113990767725519	0.178628676445742	0.638143717983282	0.523380130306427	0.543895954603741	PNLIP
PNLIPRP3	395.793630058482	-9.47328473417456	0.19823853615311	-47.7873016922292	0	0	PNLIPRP3
PNMA1	1298.67275968734	0.438541729004115	0.0341810828119395	12.8299542591123	1.11429943099579e-37	2.28015278587645e-37	PNMA1
PNMA2	117.116061009105	1.51222235155866	0.0511345367612722	29.5734047346249	3.28509998011221e-192	2.34291143985737e-191	PNMA2
PNMA3	78.2225644423294	1.89268083338943	0.0717332005842655	26.3850046836553	2.03656515473939e-153	1.106556273784e-152	PNMA3
PNMA5	12.7413706599017	-2.50198457713183	0.108983230514253	-22.9575189258555	1.23949974843664e-116	5.23392797832697e-116	PNMA5
PNMT	359.952075954796	0.305291471186244	0.0778727782562539	3.92038756061366	8.84066772853236e-05	0.000109090252112223	PNMT
PNN	7429.70954906154	-0.117161265432924	0.0184347727635171	-6.35544939641397	2.07818155996271e-10	2.9116863528089e-10	PNN
PNO1	1074.11969258204	-0.517161310622458	0.0367300492639794	-14.080060358907	5.03667547240503e-45	1.1187709178031e-44	PNO1
PNP	935.75960434001	0.544090814731987	0.0673061851459205	8.08381597549158	6.27710291783427e-16	9.69490601663961e-16	PNP
PNPLA1	795.051093244201	-7.22478209377521	0.157160171568419	-45.9708208617597	0	0	PNPLA1
PNPLA2	15529.4486580373	-0.180746135068304	0.0552478172943016	-3.27155250506062	0.00106958725776976	0.00127786820383045	PNPLA2
PNPLA3	337.833771462915	-5.93927957523428	0.0953202776813952	-62.3086684145646	0	0	PNPLA3
PNPLA4	1148.87438905161	0.15587961299526	0.0458303751127807	3.40122926359794	0.000670835409742357	0.000806068233814309	PNPLA4
PNPLA5	29.4833517022655	-6.42976337244088	0.224318149295967	-28.6635896053038	1.08545552696319e-180	7.18620262628336e-180	PNPLA5
PNPLA6	3740.23260944593	-0.175321572680855	0.0272964985595367	-6.42285941174686	1.33737999379233e-10	1.88020753422804e-10	PNPLA6
PNPLA7	3285.30193736707	-0.921171167760872	0.0351568014604521	-26.2017911042646	2.53539655442626e-151	1.3607535294045e-150	PNPLA7
PNPLA8	2653.13039873344	-0.285631816233554	0.0426685086088415	-6.69420670059151	2.16844731481299e-11	3.09353464209451e-11	PNPLA8
PNPO	1233.75316527137	0.0907711104597895	0.0350507329050737	2.5897064893228	0.00960577941849308	0.0110650563327762	PNPO
PNPT1	1808.04368624992	-0.0604471351335202	0.0385055565300435	-1.56982889174338	0.116454924114239	0.127218417828645	PNPT1
PNPT1P1	1.91625990059966	-1.19869114749776	0.119236506381214	-10.0530549231742	8.90627903894399e-24	1.54467606686608e-23	PNPT1P1
PNRC1	13238.0198200527	-1.10459674406999	0.0490202840361784	-22.5334627448254	1.95092993110212e-112	7.98696604270396e-112	PNRC1
PNRC2	2963.89827218741	0.30040795561557	0.0234923902752063	12.7874580703105	1.92673254426471e-37	3.93098861263844e-37	PNRC2
POC1A	115.494974580734	-0.302839163125668	0.0388652435801155	-7.79203049381141	6.59408134968626e-15	9.99495270930467e-15	POC1A
POC1B	533.569740151581	-0.0431771484512858	0.016421811553231	-2.62925611533951	0.00855718867696917	0.00988056147364477	POC1B
POC5	363.281297361468	-0.654140484739515	0.0292565154964715	-22.358796788989	9.91498032129017e-111	4.00088681379835e-110	POC5
PODN	4815.80871638307	-0.184224797647189	0.0666766662185409	-2.76295753964918	0.00572802173869208	0.00665527136888893	PODN
PODNL1	250.317922057536	-0.750490221015576	0.0763158934303813	-9.83399639683452	8.03648625527519e-23	1.37383465414253e-22	PODNL1
PODXL	6004.51284441651	1.97153567693864	0.0461645984236252	42.7066571411935	0	0	PODXL
PODXL2	388.631761934318	-1.18541732643959	0.044855210859581	-26.4276391465539	6.5957165098055e-154	3.59895401312545e-153	PODXL2
POF1B	5511.24224892649	-4.74210078595978	0.15587052455853	-30.4233324381936	2.69963579295977e-203	2.06880135841076e-202	POF1B
POFUT1	2396.91161616364	0.284854052235943	0.0157402379083364	18.0971884856377	3.35354469771451e-73	9.83659085930568e-73	POFUT1
POFUT2	1613.02783610031	0.281211529722353	0.0278983321521421	10.0798688677438	6.78165685688987e-24	1.17834560888875e-23	POFUT2
POGK	2273.506175418	0.0410349621284928	0.0306131204864539	1.34043708960184	0.18010328429122	0.194518462862318	POGK
POGLUT1	816.881915512909	0.0103549506497055	0.0361732629029715	0.28625979020695	0.774679152780751	0.787274850629837	POGLUT1
POGZ	5318.29874999502	-0.027108439029803	0.0192377435465195	-1.40912778903883	0.158797385148066	0.172023333336362	POGZ
POLA1	834.79023525562	-0.648225673044099	0.0168230403610102	-38.5320167540259	0	0	POLA1
POLA2	614.928342873601	-0.0233745497963199	0.0193060646078786	-1.21073612209818	0.225996553673697	0.24213820383788	POLA2
POLB	1198.92770709928	-0.481361501576645	0.0487350501768328	-9.87711102851126	5.23195225593022e-23	8.97297756850227e-23	POLB
POLD1	837.173421122791	-0.271658810603542	0.0252763881407645	-10.7475327998079	6.08679594007516e-27	1.09909132026575e-26	POLD1
POLD2	4489.20066549171	0.155158216108918	0.0334139379611847	4.64351781251159	3.42526446625458e-06	4.38723393034358e-06	POLD2
POLD3	710.753938493791	-0.335561487021969	0.0201658253803811	-16.6401067495323	3.56981146696271e-62	9.45558802483751e-62	POLD3
POLD4	2627.4417063566	0.283601963128848	0.0264545514419581	10.720346695391	8.16965260523264e-27	1.47327105336398e-26	POLD4
POLDIP2	10253.6553755074	0.0461561407388841	0.0530207329298462	0.870530039634778	0.384010810240278	0.404386252201664	POLDIP2
POLDIP3	4355.46321291285	-0.105750689417374	0.0167494220456104	-6.3136918473607	2.72456196541565e-10	3.80664699933617e-10	POLDIP3
POLE	3089.64667331617	-0.964263484123032	0.0259263485867362	-37.1924137676812	9.05072135283985e-303	1.18747838974104e-301	POLE
POLE2	69.9250691695899	-0.797464545601086	0.049166708172998	-16.2196041840981	3.66549291168497e-59	9.40190052767756e-59	POLE2
POLE3	3053.59098643879	-0.873984839891687	0.0297890632754355	-29.339117910847	3.28968312348764e-189	2.29525526767058e-188	POLE3
POLE4	1495.27595120027	-0.174948294521672	0.0366658404043488	-4.77142464463795	1.82927418486868e-06	2.3572742932079e-06	POLE4
POLG	3443.02691840441	-0.199936059059238	0.0191294688485649	-10.4517308160512	1.43875218399642e-25	2.55640885047079e-25	POLG
POLG2	706.433370842159	0.0860973419543377	0.0193145956479405	4.45763108499339	8.28703613155414e-06	1.05045375258155e-05	POLG2
POLH	893.471061232348	-0.369438246693179	0.027044493665037	-13.6603868894313	1.750512282236e-42	3.78510169279643e-42	POLH
POLHP1	1.23558448957251	-0.910577972483169	0.136478774241594	-6.67193838414221	2.52446564502654e-11	3.59829805021164e-11	POLHP1
POLI	1092.20324690083	-0.0250855405701874	0.034129408691741	-0.735012457929219	0.462331907025597	0.482908010813959	POLI
POLK	1033.00639846794	-0.244406447518248	0.0272870264774806	-8.95687361611024	3.34014191589535e-19	5.42554544559035e-19	POLK
POLL	1474.98236723656	-0.212082980975834	0.0261007576497002	-8.12554883740206	4.45342628805468e-16	6.89423173471554e-16	POLL
POLM	1356.95131090487	-0.169576259714843	0.0200097417214376	-8.47468508467381	2.35716299067852e-17	3.72139019428205e-17	POLM
POLN	41.556027556552	-0.570431285656643	0.0518110719214892	-11.0098336996585	3.42635581401663e-28	6.29108843412009e-28	POLN
POLQ	74.2352285182364	-0.343683914081317	0.0665617965256613	-5.16338097858909	2.42528814437706e-07	3.18529198066041e-07	POLQ
POLR1A	3147.00262380201	-0.453893968978144	0.0318536746676781	-14.2493440305872	4.52511762934842e-46	1.01909974284876e-45	POLR1A
POLR1B	1013.68271380139	-0.63560908422768	0.0278480922787464	-22.8241517539345	2.64008987947924e-115	1.10367528844649e-114	POLR1B
POLR1C	695.372261203777	-0.125773240649282	0.0250727704527234	-5.01632800756649	5.26683814627064e-07	6.86967273900571e-07	POLR1C
POLR1D	4229.40960969624	-0.535830786441714	0.0198306779186072	-27.0202959596728	8.53570911472256e-161	4.89959501830742e-160	POLR1D
POLR1E	1114.72766196886	-0.733175933079469	0.0211037162180906	-34.7415557289845	1.85904443830918e-264	2.00747804043212e-263	POLR1E
POLR2A	12596.8803546322	-0.611850603554456	0.0255700178334518	-23.9284386714039	1.54965935367072e-126	7.00361989089296e-126	POLR2A
POLR2B	5213.09830836244	-0.204048051687567	0.0302805160580201	-6.73859227816966	1.59928476337103e-11	2.28827001235529e-11	POLR2B
POLR2C	3470.60366790654	-0.240773437357015	0.0267609599851887	-8.99718984260189	2.3156891093925e-19	3.770325584133e-19	POLR2C
POLR2D	1340.08451841574	-0.433967547815131	0.041224683063659	-10.5268862138976	6.49474148327767e-26	1.15834579847896e-25	POLR2D
POLR2E	6354.83593423443	-0.0398951245021655	0.0228809301677487	-1.74359714442024	0.0812293616016118	0.0895797180782095	POLR2E
POLR2F	1601.17775337127	0.30709392544532	0.027131986739424	11.3185196644335	1.0625091816787e-29	1.98610880367584e-29	POLR2F
POLR2G	1686.92356043554	-0.062696219971506	0.0181609916808068	-3.45224650027044	0.000555939590359501	0.000669978480689655	POLR2G
POLR2H	1505.30573116538	-0.0598561687194755	0.0211575897060015	-2.82906368594986	0.00466844079497274	0.00544278515222178	POLR2H
POLR2I	602.95514842075	0.591594354308837	0.0415179724866655	14.2491147538296	4.53999778924269e-46	1.02232299479807e-45	POLR2I
POLR2J	2206.82924666356	0.234355348953364	0.0435794941380947	5.3776518885405	7.54635437315063e-08	1.00052975672891e-07	POLR2J
POLR2J2	24.6108882644743	-0.0969363493995758	0.0516452060618808	-1.87696703704556	0.0605226118177668	0.0671143679745962	POLR2J2
POLR2J3	116.250182763659	-0.0939771044518286	0.0320673956173313	-2.93061231330671	0.00338294679674281	0.00396486915086707	POLR2J3
POLR2J4	209.97522972484	0.389393021745711	0.0235638849737965	16.5249924695662	2.42470113363191e-61	6.37555435385744e-61	POLR2J4
POLR2K	1226.17507647836	0.312524192300418	0.0182873958025237	17.0895952422755	1.77400891965876e-65	4.83847493375415e-65	POLR2K
POLR2L	4499.80641257995	0.858618747026463	0.031418828855664	27.3281588874907	1.96359628990112e-164	1.15852824695215e-163	POLR2L
POLR2M	2522.08649403911	-0.0831871540881391	0.0322726559355163	-2.57763582440672	0.00994787773766465	0.011451064532274	POLR2M
POLR3A	1791.04109755922	-0.656799921526784	0.0269269025612586	-24.3919596779677	2.08148180891537e-131	9.71700052963839e-131	POLR3A
POLR3B	696.02124950497	-0.283696774783959	0.0339719189998968	-8.35091991078927	6.77333392938413e-17	1.06134039051918e-16	POLR3B
POLR3C	1283.31362065418	-0.611038225771783	0.0142375381774527	-42.9174073604562	0	0	POLR3C
POLR3D	1751.83834208245	-0.451853389945583	0.038070922758247	-11.8687270286272	1.72065820828132e-32	3.33156592527397e-32	POLR3D
POLR3E	3426.66917621334	-0.948497743420685	0.0390580974472551	-24.2842791997628	2.87382772439165e-130	1.33226301485383e-129	POLR3E
POLR3F	589.555001398092	0.0417369285637439	0.0200264190097363	2.08409344393786	0.0371516682949139	0.0416651411735559	POLR3F
POLR3G	151.937266527585	-0.0848257191303795	0.0297433958428054	-2.85191776953397	0.00434563406897238	0.00507234852000854	POLR3G
POLR3GL	2800.43187175275	-0.276470446887517	0.051012837380897	-5.4196249626971	5.97241914512783e-08	7.93779659121722e-08	POLR3GL
POLR3H	1063.41432215286	-0.0660592227650293	0.020708975724435	-3.18988363519517	0.00142330090516955	0.00169282058764169	POLR3H
POLR3K	395.731488764	0.332536161758206	0.0353969086764812	9.39449726521327	5.74917163633597e-21	9.57716441103866e-21	POLR3K
POLRMT	4595.56723345475	-0.393815281568732	0.0353390606618902	-11.1439091530077	7.66781172758207e-29	1.4206286425299e-28	POLRMT
POLRMTP1	63.2162496147219	-0.185959997091824	0.069190736014053	-2.68764299680314	0.00719582843866443	0.00833003908195488	POLRMTP1
POM121	2231.36527634535	-0.625473981502271	0.0165959425226805	-37.6883675420954	0	0	POM121
POM121B	33.1265324319752	-0.780186457016916	0.0479047785792469	-16.2861927380853	1.23693831775764e-59	3.19181861495917e-59	POM121B
POM121C	2418.48507858814	-0.499605380531204	0.0141666904470174	-35.2662029568373	1.93690419759634e-272	2.17913827880823e-271	POM121C
POM121L10P	0.200269034988615	0.454044753495458	0.266296242829976	1.70503627340081	0.0881876595052317	0.0970393091725458	POM121L10P
POM121L14P	0.54530111325015	0.0317114005757188	0.193084620894165	0.164235765794629	0.869545546334832	0.877392902442451	POM121L14P
POM121L9P	147.101240882835	0.570284193836262	0.0733468180475979	7.77517292524101	7.53444099108752e-15	1.14078116141447e-14	POM121L9P
POMC	240.586055068504	1.11978972024666	0.0641479267838734	17.4563665014373	3.07919955034231e-68	8.65261803086355e-68	POMC
POMGNT1	5348.59282636087	1.00078272142637	0.0399521044752584	25.0495620836728	1.76513551809161e-138	8.66018110143556e-138	POMGNT1
POMGNT2	1673.85691419177	0.0196343057243203	0.0415064133012551	0.473042697807054	0.636182717129645	0.6534994916144	POMGNT2
POMK	822.524909854284	-0.420877313330445	0.0244940483551922	-17.1828399792159	3.56997984318174e-66	9.81267478349587e-66	POMK
POMP	4736.00516277568	0.313376536228789	0.0423999967191871	7.39095661502676	1.45776182753418e-13	2.16368491568625e-13	POMP
POMT1	2302.04406089435	-0.112707958331098	0.0271779963554052	-4.14702970952023	3.36816371157941e-05	4.20459881914986e-05	POMT1
POMT2	2082.98441199251	-0.614131864756503	0.0412596288498148	-14.88457075055	4.15142278592383e-50	9.74439451941777e-50	POMT2
POMZP3	431.56705584736	-0.244905798994215	0.0352037052320726	-6.95681881721621	3.48042092190037e-12	5.04315036747393e-12	POMZP3
PON1	14.3606351700798	-0.395677614726729	0.0765824712235449	-5.16668642843533	2.38280522986413e-07	3.12995307521776e-07	PON1
PON2	2086.20866318902	0.141820659034315	0.0376198491080657	3.76983593493223	0.000163354896522951	0.000199983099313768	PON2
PON3	173.934426017151	-1.37916861665196	0.0689579398614212	-20.0001423972867	5.49154724432988e-89	1.84876270703539e-88	PON3
POP1	258.881387636023	0.154958524914767	0.0313663875571269	4.94027323460645	7.80131731406108e-07	1.01365319020076e-06	POP1
POP4	1171.14947010311	0.137072277746216	0.0211600427553123	6.47788283470285	9.30185362734098e-11	1.31121900662306e-10	POP4
POP5	723.572482016086	0.914893299635421	0.0231588084206985	39.5051974616156	0	0	POP5
POP7	1335.75912613798	-0.442673433338804	0.0307972794151392	-14.3737837154926	7.55863012177153e-47	1.71601590140004e-46	POP7
POPDC2	6087.2672906245	3.66545089896934	0.0933092290158137	39.2828334092026	0	0	POPDC2
POPDC3	2055.82234517727	-0.885128479113526	0.147924551300012	-5.9836482269827	2.18194285754905e-09	2.99231703327293e-09	POPDC3
POR	4870.32983870536	0.0549611690890394	0.0391693007330293	1.40316952461431	0.160566292967727	0.173908173267873	POR
PORCN	654.508310107629	0.609074064241036	0.0205390662224825	29.6544184454856	2.97463055079429e-193	2.13502091486635e-192	PORCN
POSTN	5269.7573448228	-0.419356231849357	0.0836861448865401	-5.01105926695406	5.41312385714422e-07	7.05791992991838e-07	POSTN
POT1	752.576361927643	0.436399440694487	0.0223427351926811	19.532050885043	5.86366389611751e-85	1.90664403529645e-84	POT1
POTEC	0.354968112712031	-0.0983479607637892	0.30955455400254	-0.317708008143154	0.750706436108628	0.763947456407452	POTEC
POTEE	19.3012451120278	-1.20975544708884	0.0897141707876015	-13.4845525123666	1.92831882789902e-41	4.11665882602115e-41	POTEE
POTEF	8.22765981617908	-1.24754664877538	0.100027549046202	-12.4720305622919	1.06087771297032e-35	2.12470624289928e-35	POTEF
POTEG	1.65271368348808	2.02370185317383	0.0839595318573543	24.1033008213059	2.30823369434039e-128	1.0559215942013e-127	POTEG
POTEH	0.137317567811642	0.382946111049462	0.590652363830232	0.648344329930643	0.516762268142277	0.537328881055288	POTEH
POTEI	4.56833257977408	-1.38246287737082	0.106593610384171	-12.9694723012788	1.82280916191364e-38	3.75814771774224e-38	POTEI
POTEJ	14.5962270935891	-1.27725236221624	0.0884829707776338	-14.4350076742574	3.11611018650551e-47	7.10308971347166e-47	POTEJ
POTEKP	22.2137411893767	-1.78556675125977	0.119973921307716	-14.8829573277016	4.25277777977321e-50	9.97969662543312e-50	POTEKP
POTEM	1.73309391141644	0.119776777190415	0.0832916620322768	1.4380404264715	0.150422584058183	0.163294954506776	POTEM
POU1F1	3.31494041613559	-0.259928958853151	0.126110779125009	-2.0611161128066	0.0392919639728279	0.0440078797582675	POU1F1
POU2AF1	47.493923887484	-0.59952546738755	0.0957895711805692	-6.25877598154612	3.88010760228626e-10	5.40434981033388e-10	POU2AF1
POU2F1	1770.53558630142	-0.474250990866819	0.0213890863525642	-22.1725689003058	6.31986745874648e-109	2.508023239085e-108	POU2F1
POU2F2	160.486232122718	-0.454831897936034	0.0529069458480907	-8.59682770655429	8.19498790635153e-18	1.30224203126972e-17	POU2F2
POU2F3	1794.95497589898	-7.09858010468025	0.156681448470954	-45.3058110832834	0	0	POU2F3
POU3F1	947.319770856944	-6.66988233653253	0.12998181658721	-51.3139646117918	0	0	POU3F1
POU3F3	95.9031971462724	-3.793396116448	0.128614849982336	-29.4942311635787	3.41365817159697e-191	2.41545836269328e-190	POU3F3
POU4F1	11.3675433780647	-3.55121524234487	0.118846412194082	-29.8807105472023	3.50477193464752e-196	2.5666964847677e-195	POU4F1
POU5F1	107.219311227595	1.14674710857935	0.0536034140478572	21.3931729713248	1.54671467384253e-101	5.78723983451245e-101	POU5F1
POU5F1B	23.0410909434814	-1.24572993112373	0.0774947132551702	-16.075031170473	3.81801303833014e-58	9.69502788869811e-58	POU5F1B
POU5F1P3	28.3390305132602	-0.740341155322112	0.0529580163682717	-13.97977503866	2.07141733162004e-44	4.57011685089991e-44	POU5F1P3
POU5F1P4	1.60049016862337	-0.698041157071308	0.118824881188521	-5.87453696641056	4.24026854991446e-09	5.77944076376241e-09	POU5F1P4
POU5F1P5	1.51828865723897	-1.04310755708517	0.138487717311642	-7.53213048300773	4.99190359915121e-14	7.47270325890403e-14	POU5F1P5
POU5F2	8.69294832373421	0.052234384436354	0.0778648688324896	0.67083378190395	0.502326424169189	0.523013358868042	POU5F2
POU6F1	1780.19373077043	-0.740782997146559	0.0227849978808887	-32.5118747440351	7.24565015210479e-232	6.48577565330872e-231	POU6F1
POU6F2	10.808656712512	1.53515847029755	0.0934964045752467	16.4194385577901	1.38845496843694e-60	3.61753913545134e-60	POU6F2
PP2D1	24.198133701922	-1.32452749499173	0.047942266645758	-27.6275526307209	5.19425216592426e-168	3.13869530845259e-167	PP2D1
PPA1	4878.34097855113	-0.256067561236066	0.0330400380094558	-7.75021993506126	9.17335263195788e-15	1.38729329352158e-14	PPA1
PPA2	2040.30798569261	0.453712613836281	0.0229459476429264	19.7731042054455	5.07548752945922e-87	1.68010023938572e-86	PPA2
PPAN	1794.58830502631	-0.686009684624245	0.0280724916580378	-24.4370785814384	6.90514594265962e-132	3.22939808037973e-131	PPAN
PPARA	3712.48266840384	0.403671498701064	0.0554603418317383	7.27856131730611	3.37398873085378e-13	4.97584557955915e-13	PPARA
PPARD	3332.98010395963	-0.590858357070609	0.0327828468259384	-18.0233998654171	1.27652049235265e-72	3.73090524157169e-72	PPARD
PPARG	1578.68894743476	-0.849240038803386	0.0886848747939001	-9.57592871137254	1.0094593339232e-21	1.698408960646e-21	PPARG
PPARGC1A	3706.21639326994	0.640377834205613	0.0795420789618877	8.05080584469571	8.22506616410937e-16	1.26730647967245e-15	PPARGC1A
PPARGC1B	1361.52947731655	1.06790315997769	0.0472551207703972	22.5986759226881	4.46561752019249e-113	1.83654514464211e-112	PPARGC1B
PPAT	337.439238459671	-0.513227399347389	0.0246973528531402	-20.7806643246032	6.47563903798928e-96	2.30644990745637e-95	PPAT
PPBP	10.211914819816	1.5084899036749	0.114810324988089	13.1389742501939	1.96877415059031e-39	4.10041692523153e-39	PPBP
PPCDC	341.069735752043	-0.123753132049061	0.0244389793633271	-5.06376024175393	4.11066577248444e-07	5.37098748424855e-07	PPCDC
PPCS	1721.73541677079	-0.235408956311889	0.0179880917786432	-13.0869332449918	3.9108165465853e-39	8.1197933858226e-39	PPCS
PPDPF	11833.7957458235	0.109449136748236	0.0361666785676086	3.02624241658343	0.00247613695082985	0.00291688641135319	PPDPF
PPEF1	14.9043105457261	0.472983149430459	0.0816180910684577	5.79507733198197	6.82897066711809e-09	9.26153100118984e-09	PPEF1
PPFIA1	3099.32008189291	-0.436774486106815	0.0191560557387123	-22.8008569229699	4.49624970424012e-115	1.8761472166441e-114	PPFIA1
PPFIA2	46.7128364782167	-1.0772244380926	0.0658567398641279	-16.3570872216735	3.87210583588552e-60	1.0033363632039e-59	PPFIA2
PPFIA3	1730.83983828375	-2.04539153341178	0.0926693430931691	-22.0719330162442	5.88223098822581e-108	2.31748829107141e-107	PPFIA3
PPFIA4	2237.63736778454	0.676918146416002	0.0877752646753159	7.71194651386069	1.23913066218072e-14	1.87127441693918e-14	PPFIA4
PPFIBP1	5322.31142535504	2.05905546095442	0.0287013612736627	71.7406899736105	0	0	PPFIBP1
PPFIBP2	2213.26973338615	-1.41791689231901	0.0369802329757672	-38.3425624508141	0	0	PPFIBP2
PPHLN1	2075.51002102072	-0.253584107077082	0.0113414938058372	-22.358968881733	9.87682703007953e-111	3.98638482888927e-110	PPHLN1
PPIA	13819.9793761689	-0.37284597487756	0.0379578860351583	-9.82262222222315	8.99721729681661e-23	1.5369036682482e-22	PPIA
PPIAL4G	0.257015920036895	0.282288638955119	0.171798620597445	1.64313681898862	0.100354628484854	0.110037379993656	PPIAL4G
PPIAP11	3.15135933212124	-0.813808384619048	0.0848096760439099	-9.59570207764621	8.33477055301846e-22	1.40428870015804e-21	PPIAP11
PPIAP16	3.98299906564258	3.65022987262353	0.0837382263553287	43.5909623537333	0	0	PPIAP16
PPIAP19	0.934964687258709	0.474890882820059	0.118527983259175	4.00657186397623	6.16063869224176e-05	7.6396842862389e-05	PPIAP19
PPIAP2	0.949981831538387	0.238574556674067	0.13390904600891	1.78161643133648	0.0748118030552658	0.0826391302649632	PPIAP2
PPIAP22	180.344921993975	-0.310335143944581	0.0422473046254365	-7.34567913139086	2.04716951575564e-13	3.03051796489451e-13	PPIAP22
PPIAP29	17.0070044046439	-0.530088618718886	0.0604818884698378	-8.7644191034683	1.87742176076341e-18	3.01180546435275e-18	PPIAP29
PPIAP30	0.79346780555429	0.361589022628066	0.149024125250128	2.42637909815716	0.015250330688947	0.0174133335066118	PPIAP30
PPIAP31	12.8459955409974	-0.220653948015007	0.0575157694505746	-3.83640782558986	0.000124847022926996	0.000153278629089405	PPIAP31
PPIAP6	1.26884741997411	-0.483882008267076	0.104029807565003	-4.65137848077556	3.2972354761127e-06	4.22445094701101e-06	PPIAP6
PPIB	1956.26284013366	-0.0416627978842388	0.0495062117532958	-0.841567076306644	0.400030324635615	0.420468636795848	PPIB
PPIC	998.946925124129	0.916511122275185	0.0274037529598188	33.4447301294474	3.07032512673431e-245	2.97304586370868e-244	PPIC
PPID	1219.37770182034	-0.245029940618545	0.0516769603000083	-4.74157030901265	2.1206803490149e-06	2.72790960144471e-06	PPID
PPIE	2077.67906744138	-0.190885971154804	0.0175712747952978	-10.8635243247056	1.71981030384019e-27	3.12804943714531e-27	PPIE
PPIF	5881.24696436599	0.692690007755103	0.0458745951334566	15.0996429666563	1.62812579418153e-51	3.87978454078128e-51	PPIF
PPIG	3517.79706625116	-0.363774671617756	0.0163316178556289	-22.2742581190373	6.56560290356273e-110	2.62755486587445e-109	PPIG
PPIH	724.7176049196	-0.125762837891276	0.02419450829292	-5.19799106345459	2.01453810950277e-07	2.64988677450927e-07	PPIH
PPIHP1	2.49278084862536	0.35775196471876	0.0898876217672333	3.97999143469575	6.89177513123394e-05	8.5375297045862e-05	PPIHP1
PPIL1	949.417375073082	1.98979642734213	0.0392999767683931	50.6309822794201	0	0	PPIL1
PPIL2	2382.57841229618	-0.0211263465330422	0.0168998582627079	-1.25009016079506	0.211266613616112	0.226950546738893	PPIL2
PPIL3	593.123717768167	0.0451643644179269	0.0213051862926212	2.11987653135749	0.0340164590420701	0.0382180925737302	PPIL3
PPIL4	1055.78460139172	-0.027541888844473	0.0216339865479354	-1.27308431034877	0.202988125808243	0.218357192104349	PPIL4
PPIL6	88.9996201184744	0.138568086940946	0.0338860489190794	4.08923705657895	4.32794369860493e-05	5.38666352199318e-05	PPIL6
PPIP5K1	959.927932725864	-0.798573413588661	0.0244808235932432	-32.620365509642	2.10968352379365e-233	1.90836246793013e-232	PPIP5K1
PPIP5K2	1412.54155163655	0.735310445491886	0.0360714410105141	20.3848370038102	2.27974555384485e-92	7.88883116392948e-92	PPIP5K2
PPL	16298.9147574748	-3.92509498728236	0.0819056103004252	-47.922174963172	0	0	PPL
PPM1A	6555.95019157668	-0.386856706796849	0.0442585459708916	-8.74083633590857	2.3139102375254e-18	3.70773528446633e-18	PPM1A
PPM1B	6112.82665848906	-1.33022346762946	0.0621368599972461	-21.4079608736009	1.12634243957633e-101	4.22225952828271e-101	PPM1B
PPM1D	873.917813832158	-0.529638342872811	0.0221004777538081	-23.9650178051717	6.44398677255384e-127	2.92481608403282e-126	PPM1D
PPM1E	37.9330691670241	2.1890778075348	0.0554639144374791	39.4685054190037	0	0	PPM1E
PPM1F	2376.44430326097	0.401660320609487	0.0303079005126957	13.2526606533249	4.3548579902254e-40	9.13976899639122e-40	PPM1F
PPM1G	4852.52165900002	-0.463583673080405	0.0309558117577763	-14.9756587456942	1.05913175266693e-50	2.50071231371425e-50	PPM1G
PPM1H	343.296185288429	1.07996466952571	0.0533710754473821	20.2350179469483	4.81450991839769e-91	1.64889636683936e-90	PPM1H
PPM1J	1126.85040019948	-1.00158202131802	0.0739501832888426	-13.5440099912388	8.59650608343257e-42	1.84199150110546e-41	PPM1J
PPM1K	3790.51561020731	4.07794341520073	0.0503188079386169	81.0421308107168	0	0	PPM1K
PPM1L	3585.09532009902	-0.669785408264811	0.0577382600436725	-11.600373959281	4.10281487538558e-31	7.81201296507466e-31	PPM1L
PPM1M	931.923511470657	0.22660613966016	0.0431913167207815	5.2465670617337	1.54959459551475e-07	2.04174003175677e-07	PPM1M
PPM1N	62.9838908554693	-0.891776188611122	0.062594919360481	-14.2467822903554	4.69417076102714e-46	1.05664333961798e-45	PPM1N
PPME1	2708.32351480194	-0.533319476410852	0.0264842784179929	-20.1372100079013	3.48418163706945e-90	1.1858338750026e-89	PPME1
PPOX	691.108942236901	0.0442535534540228	0.0308558642026147	1.43420236631301	0.151514521992251	0.164450582477088	PPOX
PPP1CA	4659.92944515426	0.180443534873101	0.0255736374907015	7.05584158447188	1.71559187492241e-12	2.49897793659802e-12	PPP1CA
PPP1CB	16983.0702117872	-0.367422797534005	0.0469770473038011	-7.82132591599208	5.22698193590566e-15	7.93614219199036e-15	PPP1CB
PPP1CC	8226.41921228941	-0.0422377488785037	0.0363511113510753	-1.16193830968676	0.245260524342737	0.262185088110553	PPP1CC
PPP1R10	3309.07503622508	-0.501666144735597	0.0303364483893111	-16.5367461048063	1.99512072997737e-61	5.25060939478401e-61	PPP1R10
PPP1R11	2509.74120699528	0.13969328933536	0.0181505425488539	7.69636989965244	1.39986190530063e-14	2.1129393054936e-14	PPP1R11
PPP1R12A	3703.4387302593	-0.463100226748902	0.01778839201114	-26.0338442316137	2.05032297523929e-149	1.08872754800243e-148	PPP1R12A
PPP1R12B	20894.4716104448	1.95741444710405	0.0570879177468933	34.2877183887228	1.1961707050236e-257	1.23891075150344e-256	PPP1R12B
PPP1R12C	7522.28137749367	1.9223832829648	0.0302676591307701	63.5127835508928	0	0	PPP1R12C
PPP1R13B	3089.22858166723	1.31364443106352	0.0314179046528361	41.811968225734	0	0	PPP1R13B
PPP1R13L	6967.05292375088	0.254795353043775	0.0910206563318797	2.79931351093251	0.0051211388534689	0.00596053410715722	PPP1R13L
PPP1R14A	1214.56990470367	1.07595657985452	0.0625201299516106	17.2097623707323	2.24350464832839e-66	6.17418241470103e-66	PPP1R14A
PPP1R14B	3357.14233544567	-0.354486705292902	0.0401025708129851	-8.83950076283189	9.61472540857573e-19	1.54918252846197e-18	PPP1R14B
PPP1R14BP3	37.9670622688896	0.0113102298636453	0.0419173560641218	0.269822119657161	0.787297104741634	0.799195577874818	PPP1R14BP3
PPP1R14C	4072.17259307957	0.358333484799109	0.0913422207997355	3.92297758541193	8.74612910363142e-05	0.000107938482102337	PPP1R14C
PPP1R15A	9498.20612872757	0.506273457137864	0.0416527502791327	12.154622533809	5.42115990347236e-34	1.06710004835873e-33	PPP1R15A
PPP1R15B	2775.55310074795	-0.284755577894742	0.0234293951845173	-12.1537741649821	5.47772531251245e-34	1.07799861539889e-33	PPP1R15B
PPP1R16A	2284.60058922178	1.12370577005142	0.0328671852976219	34.1892912300198	3.48828041703373e-256	3.58404884629133e-255	PPP1R16A
PPP1R16B	742.223759884676	0.436220486968723	0.0751118326551023	5.80761341520923	6.33696247033698e-09	8.60204067781736e-09	PPP1R16B
PPP1R18	2916.96537765441	0.138342081684146	0.0429616157597586	3.22013218631615	0.00128131499834268	0.00152626728991309	PPP1R18
PPP1R1A	16993.4308023899	-1.68375875381948	0.110668835760949	-15.2143893286859	2.83855788238096e-52	6.81019331477272e-52	PPP1R1A
PPP1R1B	1581.09053685274	-4.95818845415547	0.1054932451745	-47.000056221173	0	0	PPP1R1B
PPP1R1C	212.241028503376	3.79546808496455	0.101855448090884	37.2632800316968	6.45806852009963e-304	8.52285127788221e-303	PPP1R1C
PPP1R2	3993.22690014159	-0.945589915372893	0.0491170187885824	-19.2517774631856	1.36401832560027e-82	4.35349182254087e-82	PPP1R2
PPP1R21	1128.0622732882	-0.311777396588377	0.0236034344790698	-13.2089843478009	7.78679906025011e-40	1.62969619676273e-39	PPP1R21
PPP1R26	1074.54260443161	1.34111572522878	0.0290296403986783	46.198151503449	0	0	PPP1R26
PPP1R26P1	7.90172302901231	-0.115723452612225	0.0682938273629962	-1.69449358866842	0.0901715289749603	0.0991677476220834	PPP1R26P1
PPP1R27	9411.00402025564	-9.90756963134216	0.16781261421441	-59.0394808979228	0	0	PPP1R27
PPP1R2P1	1.512308314976	0.745648562471641	0.0993915720418122	7.50213068526535	6.27887246130186e-14	9.38132540678001e-14	PPP1R2P1
PPP1R32	224.307634632995	-0.210453323599179	0.0362473151903464	-5.80603894368507	6.3968089374037e-09	8.68000585573677e-09	PPP1R32
PPP1R35	269.453044410148	0.188018517650629	0.0335080604869413	5.61114295839067	2.00994630822826e-08	2.69846684773396e-08	PPP1R35
PPP1R36	39.051274836383	-1.93645266819967	0.0602899062929627	-32.1190193726623	2.39245868155581e-226	2.07950983711666e-225	PPP1R36
PPP1R37	2264.17057140584	-0.18751413321863	0.0219456117196722	-8.54449334171631	1.29101406663388e-17	2.04429488155141e-17	PPP1R37
PPP1R3A	3639.06849599964	0.27491910170693	0.20778579253766	1.32308902523787	0.185805773959456	0.200472892414539	PPP1R3A
PPP1R3B	6285.29480285467	-0.275492051535695	0.061067433919041	-4.51127604118626	6.44387964600443e-06	8.19009231855721e-06	PPP1R3B
PPP1R3C	8497.8693768513	-0.150674101454953	0.0975334759417094	-1.54484498783785	0.122383762562288	0.133549351957065	PPP1R3C
PPP1R3D	591.263356577813	0.0895586957485249	0.0366612071043032	2.44287362098376	0.0145708387274001	0.0166511978118289	PPP1R3D
PPP1R3F	1174.63861323064	0.609890167788912	0.0712110305848755	8.56454628980537	1.08502237687957e-17	1.72007818636804e-17	PPP1R3F
PPP1R3G	282.036049863779	2.55081111447848	0.0580107969993134	43.9713164862856	0	0	PPP1R3G
PPP1R42	3.30889937936742	1.22967445174818	0.0959412918913063	12.8169469840087	1.31788265820687e-37	2.69459401753543e-37	PPP1R42
PPP1R7	3192.80286169708	0.14843364680473	0.0237373935085269	6.25315693365452	4.02237577612938e-10	5.60033926414301e-10	PPP1R7
PPP1R8	1581.63256234563	-0.293949924422992	0.0128092693123657	-22.9482195474819	1.53504379671041e-116	6.47430257370762e-116	PPP1R8
PPP1R8P1	3.46091040618596	-0.128692604931062	0.094422278353967	-1.3629474650953	0.172899068088325	0.186928295775252	PPP1R8P1
PPP1R9A	935.371631692953	0.551506680465143	0.0656439222739471	8.40148884101683	4.40853075918137e-17	6.92477855113645e-17	PPP1R9A
PPP1R9B	2682.0726848091	0.474254010566867	0.0320768955504627	14.7849098994253	1.83302435112667e-49	4.27689842444993e-49	PPP1R9B
PPP2CA	6882.17479599518	0.156597253484029	0.0252894816644608	6.19218913071257	5.93342938743692e-10	8.2305357481122e-10	PPP2CA
PPP2CB	5487.4369025952	0.212485884016743	0.0249662688165613	8.5109186950591	1.72560609428852e-17	2.72838254750001e-17	PPP2CB
PPP2R1A	16251.2724482349	0.681908171477848	0.0305345259123818	22.3323647936952	1.79190294520605e-110	7.21127764736287e-110	PPP2R1A
PPP2R1B	1629.79362194242	-1.18882398882023	0.0436546116539174	-27.2324948906871	2.67897695963679e-163	1.56928943216472e-162	PPP2R1B
PPP2R2A	3773.56338243928	-0.474696718527238	0.0196946190924727	-24.1028636450586	2.33272699765208e-128	1.06685514951054e-127	PPP2R2A
PPP2R2B	143.81864150498	-2.14772776774957	0.0828187972429119	-25.9328538840061	2.83872497383474e-148	1.49502306184901e-147	PPP2R2B
PPP2R2C	1367.8145420352	-2.22643232255133	0.120185071713844	-18.5250321924539	1.29725555223859e-76	3.92402910365433e-76	PPP2R2C
PPP2R2D	2228.34892316167	0.220585277440436	0.0223321319897395	9.87748404593813	5.21251808534613e-23	8.94049909998244e-23	PPP2R2D
PPP2R3A	4147.40043564232	-0.202199030503554	0.0716118490128043	-2.82354154083357	0.00474962705056564	0.00553636188157949	PPP2R3A
PPP2R3B	4164.37667811216	0.845998199474045	0.0691820476787299	12.2285799258606	2.18729035985503e-34	4.32199931588918e-34	PPP2R3B
PPP2R3C	891.355848793131	0.195705923465375	0.0378684167169802	5.16805138509053	2.36547281815397e-07	3.10763948325716e-07	PPP2R3C
PPP2R5A	4182.96557448966	0.322109617488939	0.0211586036770223	15.2235763004882	2.46669998919394e-52	5.92119836051208e-52	PPP2R5A
PPP2R5B	1900.52292238074	0.558508641992207	0.021804785263298	25.6140400030581	1.06426063521181e-144	5.4564954982762e-144	PPP2R5B
PPP2R5C	5375.70326508772	0.60206513825595	0.0184662586251504	32.6035257318425	3.65549409462502e-233	3.293420880748e-232	PPP2R5C
PPP2R5D	1781.21586558287	-0.278733423986402	0.0256699017883016	-10.8583751618959	1.81957903736296e-27	3.30884354496117e-27	PPP2R5D
PPP2R5E	2251.21216894949	-0.364563702843386	0.0202907722344156	-17.966970336646	3.53500448043851e-72	1.0298367964456e-71	PPP2R5E
PPP3CA	3003.52425743225	-1.23045888353605	0.0242262406005556	-50.7903353154939	0	0	PPP3CA
PPP3CB	7117.61957555668	-1.02075305389605	0.0617794392106445	-16.5225367361409	2.52548666565649e-61	6.63959186044726e-61	PPP3CB
PPP3CC	2614.63734144286	-0.386346919228195	0.0576095975752366	-6.70629435874182	1.99628835410476e-11	2.85041537734908e-11	PPP3CC
PPP3R1	2639.99597048625	-0.801186236499433	0.0247889173913531	-32.3203399265392	3.62319664916188e-229	3.20497114897116e-228	PPP3R1
PPP4C	2854.99526951948	-0.263335455547562	0.0202584174482964	-12.9988167249316	1.24250884498726e-38	2.56495432552932e-38	PPP4C
PPP4R1	3335.30522308766	-0.0740768534212423	0.0226164687216108	-3.27535011469139	0.0010553109716183	0.00126089557945712	PPP4R1
PPP4R1L	599.639973238269	-0.262117034589381	0.0340487525805512	-7.69828597888496	1.37903467688171e-14	2.08167741874614e-14	PPP4R1L
PPP4R2	2540.65326079178	0.0730448954977835	0.0319713829818874	2.2846961465247	0.0223306507448566	0.0253275813784994	PPP4R2
PPP4R4	35.602941597025	-1.43480257921235	0.0909446141952166	-15.7766635430713	4.50373778219924e-56	1.12070478044468e-55	PPP4R4
PPP5C	3137.61955120309	0.484103172011442	0.0272076320545928	17.7929182164797	8.01926104501604e-71	2.30709154660914e-70	PPP5C
PPP6C	5288.64722431339	-1.00798949617305	0.0368361572741748	-27.3641327098942	7.33241793856927e-165	4.34037669556677e-164	PPP6C
PPP6R1	4627.31298681391	-0.0193420452820297	0.020657009202294	-0.936342966816401	0.349096632469813	0.368914434724029	PPP6R1
PPP6R2	4598.46194336915	-0.226192154451924	0.0314021791339514	-7.20307191061685	5.88709040812491e-13	8.64878106885306e-13	PPP6R2
PPP6R3	5217.72505889731	-0.244084689079097	0.0228689968228093	-10.6731699239054	1.35909125298231e-26	2.44503314460668e-26	PPP6R3
PPRC1	3227.57309790051	-0.64998044543315	0.0353712497531566	-18.3759536337883	2.0467883251284e-75	6.12539262520969e-75	PPRC1
PPT1	2712.8204263943	0.0648799724175416	0.0318787473824414	2.03521084562052	0.0418296622369438	0.046789023173257	PPT1
PPT2	1669.59730110242	0.0424791975816209	0.025074283195624	1.69413407554695	0.0902398084802314	0.099224652889417	PPT2
PPTC7	7208.89284985824	-0.2435651619157	0.0616858358208035	-3.94847793946172	7.86496622092765e-05	9.72304491057748e-05	PPTC7
PPWD1	1286.48551369411	-0.125453241488318	0.0141409915825882	-8.87160145422822	7.21014189159453e-19	1.16382500170905e-18	PPWD1
PQBP1	2318.09591151406	-0.0293915922049501	0.0177664989925962	-1.65432661872204	0.0980611673323176	0.107634089826162	PQBP1
PRADC1	2111.46509172922	0.95654088848859	0.0565968777352403	16.9009480163072	4.42731009222483e-64	1.19198338274213e-63	PRADC1
PRADC1P1	8.51515325395648	0.0783522709671061	0.0603907257259797	1.29742224530677	0.194485942557433	0.209373928112932	PRADC1P1
PRAF2	848.097535436504	0.488988148771974	0.0283299671183784	17.2604559238882	9.33708000438157e-67	2.57898138894707e-66	PRAF2
PRAM1	75.9186578172991	-0.0217309460585976	0.0567733082563347	-0.382766950280247	0.701892568523572	0.716622320117567	PRAM1
PRAME	14.7974809545497	0.819597310450391	0.0887021121007797	9.23988494793898	2.46762425708922e-20	4.07258680222454e-20	PRAME
PRB1	5.90783479811458	-4.48088166088771	0.242522671461136	-18.4761351748749	3.21395434440784e-76	9.68436427078767e-76	PRB1
PRB2	9.71254738892043	-5.08290703727929	0.239480237594839	-21.2247452580146	5.64311920303148e-100	2.08758299987196e-99	PRB2
PRB3	4.36585798453506	-3.92647793671145	0.190897576710534	-20.5685059201423	5.25604332528793e-94	1.84865251853279e-93	PRB3
PRB4	2.56386968824702	-3.25845583185596	0.231281328299601	-14.0887111632071	4.45620185274817e-45	9.90689015083609e-45	PRB4
PRC1	350.486602569107	-0.994912775883559	0.0568070091547394	-17.513908770896	1.12217125889415e-68	3.16369691955421e-68	PRC1
PRCC	2944.01930953975	-0.425871388774728	0.0227564075328549	-18.7143505915804	3.78203050639109e-78	1.15841979148453e-77	PRCC
PRCD	225.536493115477	0.651298529289638	0.0495858669750916	13.1347613548192	2.08146592977898e-39	4.33261658209429e-39	PRCD
PRCP	3285.13478782079	0.189372134122353	0.0481919136385248	3.9295416974471	8.51079179337799e-05	0.000105084548372726	PRCP
PRDM1	720.943674248359	-1.79489729715282	0.0778766237117181	-23.0479598575964	1.54185579258496e-117	6.54597785903816e-117	PRDM1
PRDM10	956.89378758722	-1.33404997173425	0.0316689908979459	-42.1248020195293	0	0	PRDM10
PRDM11	960.733707032414	0.936616192739772	0.0227229778574333	41.2189017925473	0	0	PRDM11
PRDM15	952.328124639421	-0.781772398411389	0.0258613322727549	-30.2293938365655	9.73551349807745e-201	7.34488593792507e-200	PRDM15
PRDM16	469.204165265402	2.96467980140524	0.0535036864015573	55.4107576654559	0	0	PRDM16
PRDM2	4499.19337321382	-0.535982093536716	0.0202180986483376	-26.5100147575344	7.42992949952381e-155	4.09009666424857e-154	PRDM2
PRDM4	1667.2528074463	-0.447664901875985	0.017105193935902	-26.1712847894921	5.642721105199e-151	3.0221547936533e-150	PRDM4
PRDM5	340.213962926724	0.479269601348884	0.0398449359960391	12.0283692109965	2.52090922183829e-33	4.92232204168685e-33	PRDM5
PRDM6	107.324821338522	0.223166760668576	0.0638252646069167	3.49652699511709	0.000471356799346997	0.000569417740087598	PRDM6
PRDM7	1.52229276825348	-0.563872619862085	0.101565213768444	-5.55182821893769	2.82697324938749e-08	3.78211411833699e-08	PRDM7
PRDM8	313.041989866258	-0.586521968874086	0.045943424656671	-12.7661786916645	2.53287242398904e-37	5.15888623039451e-37	PRDM8
PRDX1	7693.90699571132	-0.342693128296546	0.0321687695627848	-10.6529759438794	1.68878283018988e-26	3.03391015232016e-26	PRDX1
PRDX2	9204.49887095993	0.936920352914828	0.0442038461434299	21.1954486918348	1.05191263241041e-99	3.87863156411714e-99	PRDX2
PRDX2P1	0.765975843418291	0.728739650831555	0.128853296408536	5.65557631153685	1.5532419775611e-08	2.08999169069198e-08	PRDX2P1
PRDX3	9064.31084044153	0.316238922005056	0.0629023893749318	5.02745484150218	4.97032482218822e-07	6.48668289162692e-07	PRDX3
PRDX3P1	52.0236623670167	-1.00406671980674	0.0517537958782314	-19.4008323982486	7.59319332689515e-84	2.44911437157211e-83	PRDX3P1
PRDX3P2	1.74091413486567	-0.0516615671370496	0.104152716639916	-0.496017471302813	0.619882084388715	0.638138934066182	PRDX3P2
PRDX4	1698.22786219182	0.267020573549983	0.0262915361519244	10.1561419616951	3.11145990316245e-24	5.42989720958093e-24	PRDX4
PRDX5	7386.19082764815	0.939872811935617	0.0312351788210513	30.0902010941003	6.50935394759158e-199	4.86202823280481e-198	PRDX5
PRDX6	23949.4758469985	-0.485052079249525	0.0526959580774193	-9.20473024775261	3.42530476229644e-20	5.63815938424454e-20	PRDX6
PREB	4944.33682782245	-0.388789841715235	0.0496280208490328	-7.83407911627029	4.72291333726349e-15	7.17747260313045e-15	PREB
PRELID1	1122.50909447741	-0.237905031930936	0.0454812242659334	-5.23084054509792	1.68741015485587e-07	2.22153661943688e-07	PRELID1
PRELID1P1	2.09734221024956	-0.138570926253087	0.0936657115494634	-1.47941999223387	0.139028100137608	0.151208073867263	PRELID1P1
PRELID1P3	0.475092469645438	-0.37041044657817	0.188562149983765	-1.96439448006963	0.0494843624876956	0.0551422563539066	PRELID1P3
PRELID1P4	8.76077145491068	0.221962859292832	0.0601047599619667	3.69293312931099	0.000221682330176437	0.000270249466714482	PRELID1P4
PRELID2	158.178280949412	0.28177027469847	0.0522906084565214	5.3885445783779	7.10305456276061e-08	9.4251868778014e-08	PRELID2
PRELP	12341.8703325401	0.416005614454258	0.0603754031076746	6.89031613937792	5.5668533908483e-12	8.03600063261109e-12	PRELP
PREP	4283.23537038465	-1.11913598073187	0.0446474863743704	-25.0660467500429	1.16707677075305e-138	5.73064619485153e-138	PREP
PREPL	2933.27000244293	0.433057835380068	0.0317347695678465	13.646162908296	2.12791646070303e-42	4.59729047156928e-42	PREPL
PREX1	2236.05532699928	0.101511369227619	0.0494492554128697	2.05283918595062	0.0400881766809284	0.0448884839781907	PREX1
PREX2	1182.07934833223	0.590993771103277	0.0540492860823282	10.9343492567704	7.89705060680899e-28	1.44246380490278e-27	PREX2
PRF1	144.502086398838	0.715991444163166	0.0646715064230019	11.0712040551526	1.73059572222144e-28	3.19184975365863e-28	PRF1
PRG2	159.090990607108	-2.1052566842637	0.081631890213553	-25.7896353833807	1.15895070067644e-146	6.03304556474167e-146	PRG2
PRG3	0.721344053542361	0.871748422780581	0.25567829996989	3.40955185826581	0.000650697056108527	0.000782131257145406	PRG3
PRG4	1245.53899876122	-1.16189924938371	0.0970895056918957	-11.9673000815442	5.27162464300749e-33	1.02566488541697e-32	PRG4
PRH2	16.385299410316	0.924412943891876	0.0517602022368934	17.8595311444316	2.43677542233178e-71	7.04988659231667e-71	PRH2
PRICKLE1	389.345759311951	0.887985160952243	0.0499039550138103	17.7938834849163	7.88227808454302e-71	2.2680448817113e-70	PRICKLE1
PRICKLE2	978.655170751022	-0.363853861027535	0.0499430125810369	-7.28538072142026	3.20763161181322e-13	4.73167062560433e-13	PRICKLE2
PRICKLE3	975.072609654807	-0.634389534901221	0.0320488878091426	-19.7944321400211	3.32477851332594e-87	1.10341699886394e-86	PRICKLE3
PRICKLE4	730.748054198672	0.983602959955754	0.0457659457468763	21.4920273994969	1.84860605621544e-102	6.96749531363782e-102	PRICKLE4
PRIM1	184.40773814577	-0.874301193816512	0.0259713619162655	-33.6640487562938	1.94237498981228e-248	1.91063891757436e-247	PRIM1
PRIM2	254.968388583233	-0.456789721223461	0.0305348424060249	-14.959622687731	1.34788062212534e-50	3.18080743037209e-50	PRIM2
PRIMA1	408.856652890433	0.94102898624877	0.0626759651739943	15.0141921809482	5.9279661271025e-51	1.40351595756901e-50	PRIMA1
PRIMPOL	296.291069573616	-0.130783886994425	0.02336272559402	-5.59797214019842	2.16873592586104e-08	2.90883059395161e-08	PRIMPOL
PRKAA1	3415.93072623086	-0.258867360489047	0.022864273142242	-11.3219151502693	1.02214175446117e-29	1.91104837163019e-29	PRKAA1
PRKAA2	4851.12779418803	0.623655934038503	0.104276148959691	5.98081095495372	2.22029436176633e-09	3.04375286011391e-09	PRKAA2
PRKAB1	1391.05592551292	-0.234977598702508	0.0236465163412734	-9.93709159147347	2.87086728443216e-23	4.94152629442181e-23	PRKAB1
PRKAB2	7103.5252105569	-1.04550677327049	0.064474312257631	-16.2158654611589	3.8955124917663e-59	9.9904716290476e-59	PRKAB2
PRKACA	13069.1198478452	0.594490058725321	0.0588466796169487	10.1023551812106	5.39311407275167e-24	9.38256948135719e-24	PRKACA
PRKACB	883.291808244619	0.869522216272332	0.0344444283433516	25.2442051760794	1.31129403688992e-140	6.52421336596335e-140	PRKACB
PRKAG1	3961.43747259962	0.0884587877931047	0.0377224673188067	2.34498944741621	0.0190276181244262	0.0216439907651056	PRKAG1
PRKAG2	2313.44965540758	1.92904347411971	0.0410844861337024	46.9530875436039	0	0	PRKAG2
PRKAG3	1345.86365264636	-6.14027831243244	0.157311597089554	-39.0325851751217	0	0	PRKAG3
PRKAR1A	18592.9222904643	0.64351248984138	0.0447137679037751	14.391819790858	5.82429821658504e-47	1.32427930019891e-46	PRKAR1A
PRKAR1B	769.905354488863	1.06135306182608	0.039142253941058	27.1152770973361	6.50398373053229e-162	3.76457270525118e-161	PRKAR1B
PRKAR2A	6085.16619336454	-1.01060444477877	0.0574621588108295	-17.5873038133804	3.08196641204954e-69	8.72852067075264e-69	PRKAR2A
PRKAR2B	1911.47466951093	-0.717133022484485	0.100822321316066	-7.11283982677166	1.13679184676331e-12	1.66193373130727e-12	PRKAR2B
PRKCA	1191.75235685178	-0.241885526016238	0.0380660175835483	-6.35436910323864	2.09283768249745e-10	2.93176428969935e-10	PRKCA
PRKCB	279.257392083144	-0.884934442298462	0.0709849693414114	-12.4665045362245	1.13705290074793e-35	2.27676187612497e-35	PRKCB
PRKCD	1997.87842948449	-0.903642321395525	0.0562042572723566	-16.0778269342947	3.64957841225391e-58	9.2699394664855e-58	PRKCD
PRKCE	934.382602606832	-0.0848342236783061	0.0387365225097178	-2.19003199518036	0.0285219164925598	0.0321875129322656	PRKCE
PRKCG	5.96633424214202	0.259020535933311	0.0894790134066003	2.89476298488339	0.00379444916564513	0.00443906410806382	PRKCG
PRKCH	2345.20439774687	0.00630984521377493	0.0351435156080373	0.179545076939652	0.857509726055989	0.866268173227109	PRKCH
PRKCI	1414.33163912251	-0.498082048135182	0.0210255583483457	-23.6893612946251	4.64151479133116e-124	2.06250080865841e-123	PRKCI
PRKCQ	2423.52331041081	-7.06489965376027	0.135519238598784	-52.1320790081804	0	0	PRKCQ
PRKCSH	7547.32429033704	-0.168566375824074	0.0221127052521588	-7.62305533863244	2.477406073769e-14	3.72220905883614e-14	PRKCSH
PRKCZ	378.083109646858	0.390915433456833	0.0972080223475428	4.02143181207014	5.78454536662047e-05	7.17923339385928e-05	PRKCZ
PRKD1	465.3290616069	-0.0423464461720254	0.0516691170778764	-0.819569765595187	0.412461415329008	0.433054414542868	PRKD1
PRKD2	2981.25296304753	-0.751155976162466	0.0538443861015221	-13.9504975457642	3.12418283301789e-44	6.88100026638383e-44	PRKD2
PRKD3	2315.62567935863	-0.696381043165731	0.025477695250832	-27.332968555819	1.72142282688548e-164	1.01597810841854e-163	PRKD3
PRKDC	6661.262482532	-0.514268200923169	0.0219901795932662	-23.38626652602	5.89618063414615e-121	2.56431861790928e-120	PRKDC
PRKG1	2088.06176432061	-0.246671477594244	0.076311449988946	-3.23243075095513	0.0012274188118037	0.00146274518578474	PRKG1
PRKG2	90.129950926973	-3.36461228360244	0.106564713017242	-31.5734185204256	8.55614102649526e-219	7.19043392240621e-218	PRKG2
PRKRA	1699.54300635516	-0.819982231333709	0.0447246890953363	-18.3339951136566	4.4312957324817e-75	1.32262899155038e-74	PRKRA
PRKRIP1	1685.65240728177	-0.334639898482767	0.0230890772425214	-14.493428861093	1.33318043382608e-47	3.05092562793075e-47	PRKRIP1
PRKX	961.291315203702	-0.225846360384206	0.0530863693225816	-4.25431920220125	2.09686003050729e-05	2.63218810384671e-05	PRKX
PRKXP1	36.7867037251615	-0.640416244497876	0.0609410268281721	-10.508786573347	7.8699598867948e-26	1.40250616693588e-25	PRKXP1
PRKY	1267.28460637488	-0.245464337166053	0.139409694445771	-1.76074080172047	0.0782822834848018	0.0864037883996515	PRKY
PRLR	632.18049690588	-3.12956107361745	0.108181610844679	-28.9287712503254	5.1910433717767e-184	3.50634040282748e-183	PRLR
PRMT1	6393.20476511276	-0.0898601950816463	0.0373679182068755	-2.40474180510041	0.016183895554216	0.0184605730860808	PRMT1
PRMT2	2486.96921338464	0.248550655380665	0.0323313931428395	7.68759497255725	1.49926548441714e-14	2.26127172056917e-14	PRMT2
PRMT3	806.689861711953	-0.193293137423908	0.0281627404421668	-6.86343496368339	6.72241373833093e-12	9.6893401956678e-12	PRMT3
PRMT5	1620.95289586755	-0.570456498152091	0.0344577190721764	-16.5552599972503	1.46706343312268e-61	3.86769315460478e-61	PRMT5
PRMT6	315.337705798222	0.0852771531676363	0.0418946489677328	2.03551420691737	0.04179916052392	0.0467578106258441	PRMT6
PRMT7	2016.26938258505	-0.343379782900676	0.0248437290006263	-13.8215878498763	1.88857538984433e-43	4.12025761636018e-43	PRMT7
PRMT8	2.44544054641483	0.212409056715352	0.118559071242676	1.79158839968117	0.0731989226937928	0.080912115898739	PRMT8
PRND	12.1504059896908	-1.96695418430578	0.159148780983869	-12.359216150736	4.34371574112412e-35	8.6437350271916e-35	PRND
PRNP	5965.92865607499	0.448424910348538	0.0313287070169697	14.3135466811842	1.80089619895619e-46	4.06902629313547e-46	PRNP
PROB1	4572.35358293917	-0.127859296190272	0.11254098457458	-1.13611318288708	0.255909198460728	0.273179237472073	PROB1
PROC	8.82062625511063	-0.224977115161589	0.0613021497654153	-3.66997105358472	0.000242577936343402	0.000295402884056121	PROC
PROCA1	87.9682533443308	0.829203985940422	0.0442727928554031	18.729425736674	2.84973261683457e-78	8.73901820027922e-78	PROCA1
PROCR	814.604750304126	-0.169464877988347	0.0619457140973185	-2.73569980518931	0.00622477835231509	0.00722358400722176	PROCR
PRODH	1651.49820225192	-0.969920969709027	0.0685293144674244	-14.1533733008533	1.7800931609087e-45	3.97857673075709e-45	PRODH
PROK2	22.4752162248545	1.77380255745861	0.0849956003063901	20.8693456021776	1.01716592587971e-96	3.65031974317399e-96	PROK2
PROKR1	18.0239033957974	-2.60921202471778	0.11855657167595	-22.0081602211771	2.40557292817215e-107	9.41977774201151e-107	PROKR1
PROM1	421.380522714071	0.00105832512550367	0.107164383933457	0.00987571697478176	0.99212044598104	0.992616726773272	PROM1
PROM2	3301.97245229825	-3.94436318703788	0.103836950347992	-37.9861231846564	0	0	PROM2
PROS1	2397.39778491421	1.27730171830189	0.054267747686805	23.5370320816256	1.70451117093815e-122	7.4891153497822e-122	PROS1
PROSER1	2217.3314447155	-0.407036617453206	0.0225662043063069	-18.0374427142559	9.90213609289295e-73	2.89693404531393e-72	PROSER1
PROSER2	251.96829522105	-1.34363471695201	0.0485311808961557	-27.6860091211677	1.02914273962268e-168	6.24809391431629e-168	PROSER2
PROX1	873.540732633927	2.0456906462831	0.0686302397623202	29.8074238610812	3.13040789434092e-195	2.27862808354351e-194	PROX1
PROX2	44.3145489701473	-0.406656401978601	0.0466276425796963	-8.72135882236681	2.74882819365379e-18	4.39915152151155e-18	PROX2
PROZ	6.32785027275951	0.855841862255778	0.070721998567158	12.1014942959094	1.03706027690422e-33	2.03422927367908e-33	PROZ
PRPF18	910.282032413426	-0.49583629195475	0.018974329376018	-26.1319534476643	1.58068642663203e-150	8.43079596023798e-150	PRPF18
PRPF19	4926.64022019569	-0.723305973252903	0.0222878440467439	-32.4529358575879	4.92391565154176e-231	4.39441773145281e-230	PRPF19
PRPF3	3057.28679828639	-0.250323743865735	0.0207556575795759	-12.0605065344718	1.70729626996482e-33	3.34091098550242e-33	PRPF3
PRPF31	1653.10166492162	0.0107564179221561	0.0136739935387668	0.786633245924889	0.431496591553734	0.45198546084136	PRPF31
PRPF38A	1889.09905712209	-0.169570473892061	0.0190559545758293	-8.89855573580896	5.6578075426586e-19	9.15142362974189e-19	PRPF38A
PRPF38B	3744.15342402396	-0.374367139451008	0.0170937680177576	-21.9007967735435	2.55277680312899e-106	9.9099709366239e-106	PRPF38B
PRPF39	2386.86771412562	-0.697295158977806	0.022478547048751	-31.0204728742265	2.85511086286755e-211	2.29338914067286e-210	PRPF39
PRPF4	1599.4614639346	-0.425266058094219	0.0187809249138493	-22.6435098401689	1.61646394697028e-113	6.66925682085995e-113	PRPF4
PRPF40A	4142.78118526338	-0.779164013494097	0.0144048148921479	-54.0905259337153	0	0	PRPF40A
PRPF40B	759.402901031881	-0.231815165106912	0.0308353464928017	-7.51783882697822	5.5689092972049e-14	8.33022571538852e-14	PRPF40B
PRPF4B	5946.21664891926	-0.48177957781808	0.0167237598259305	-28.8080899769364	1.69861619339775e-182	1.13668364674174e-181	PRPF4B
PRPF6	5863.63273372037	-0.529561665594481	0.018086502638033	-29.2793845329112	1.89834044370494e-188	1.31887403809852e-187	PRPF6
PRPF8	19923.4586116643	-0.571126774427215	0.0252719796590308	-22.5992099603137	4.41194344072761e-113	1.81488560046933e-112	PRPF8
PRPH	27.5707895912099	-1.53672941463956	0.0836989939143977	-18.3601898036103	2.73649050744397e-75	8.17721872916647e-75	PRPH
PRPH2	314.597187617575	-1.72577731653532	0.0949360582383187	-18.1783123142009	7.66568114638605e-74	2.26101796356047e-73	PRPH2
PRPS1	1833.90420536167	-0.450913573197731	0.0436425119481787	-10.3319802886953	5.05069489205153e-25	8.91173875238381e-25	PRPS1
PRPS1P2	87.4277440896745	-0.0483127386249373	0.0369744094662797	-1.30665342117223	0.191330444668811	0.206149478331434	PRPS1P2
PRPS2	806.631638578351	-1.7204736234583	0.0735967814365174	-23.3770226071956	7.32165746241181e-121	3.18043330069679e-120	PRPS2
PRPSAP1	1690.97625015968	-0.0411848247985241	0.0234653747585656	-1.75513177276192	0.0792367707344298	0.0874412156688616	PRPSAP1
PRPSAP2	848.768577590454	0.110683271073845	0.0172089770135682	6.43171706177412	1.2617043920614e-10	1.77478633753983e-10	PRPSAP2
PRR11	118.342762175198	-0.481388565687506	0.0512508340437197	-9.39279476460531	5.84289162810198e-21	9.73148521442115e-21	PRR11
PRR12	2824.88643480537	-0.524285418022881	0.0365486677173307	-14.3448571662784	1.14736254186388e-46	2.59958126067862e-46	PRR12
PRR13	2752.90320625875	-0.314324542449296	0.0262491427282752	-11.9746593518542	4.82414953225139e-33	9.38907078928071e-33	PRR13
PRR14	1960.09830420897	-0.0638987907307099	0.0253488710564885	-2.52077461707526	0.0117096827338613	0.0134318485243253	PRR14
PRR14L	1803.82673170812	-0.114810410501902	0.0265010854930992	-4.33229086151202	1.4756581416822e-05	1.85887489212185e-05	PRR14L
PRR15L	265.257846045602	-5.51700933602414	0.132287568986658	-41.7046694431323	0	0	PRR15L
PRR16	394.017668740269	0.135967881877869	0.0561942528964347	2.41960476151283	0.0155373845145557	0.0177332271523279	PRR16
PRR19	17.2590198773726	-1.01283120744297	0.0559476577494336	-18.1031923084077	3.00722541665229e-73	8.82652286404008e-73	PRR19
PRR22	174.402556840013	-0.4328334204452	0.0554765390364148	-7.80209847195206	6.08861058591177e-15	9.23423027693973e-15	PRR22
PRR3	513.793247280366	-0.301575655204048	0.0404683834742735	-7.45213001640565	9.18451440657855e-14	1.367950056535e-13	PRR3
PRR4	526.873623832223	-1.90331894900313	0.0822707448986277	-23.1348209056374	2.0669659939547e-118	8.83577650372325e-118	PRR4
PRR5	604.916210083257	-1.58765260793286	0.0737903725419278	-21.5157147638841	1.10956163713091e-102	4.19165142287375e-102	PRR5
PRR5L	153.837916021265	0.299852954293059	0.0598825180098247	5.0073538030559	5.51834365612885e-07	7.19406895669e-07	PRR5L
PRR7	118.031664760368	-0.596937260772286	0.0633532020954569	-9.4223692098918	4.41022383633008e-21	7.35827595493352e-21	PRR7
PRR9	163.010016647014	-7.60437210120268	0.268324716209094	-28.3401850140295	1.10585602289557e-176	7.11964029618853e-176	PRR9
PRRC1	2127.4051084137	-0.387534057054961	0.0240820713489832	-16.0922227759833	2.89262961621908e-58	7.3566297995987e-58	PRRC1
PRRC2A	12149.5921138508	0.0680988873539918	0.0151310397886491	4.50060857054107	6.77591839709666e-06	8.60846263435225e-06	PRRC2A
PRRC2B	8592.99060737435	-0.278153949954358	0.0225677072894335	-12.3253082994653	6.61898538381334e-35	1.31452290262604e-34	PRRC2B
PRRC2C	8685.27796144667	-0.535892946143721	0.0193514343497571	-27.6926731351285	8.55528357639522e-169	5.20106922184027e-168	PRRC2C
PRRG1	822.826990271194	-0.215546009541503	0.0447002206944562	-4.8220345714811	1.42101309084988e-06	1.83524584936065e-06	PRRG1
PRRG2	246.25768545615	-2.5825958204631	0.0877252733223621	-29.4395870500498	1.71128184039613e-190	1.20566670876598e-189	PRRG2
PRRG3	216.86807868524	0.655978263695909	0.068081342689479	9.63521337538604	5.6773924735229e-22	9.59432425045867e-22	PRRG3
PRRG4	782.189560071225	-3.24172206794602	0.0927891495685035	-34.9364347342439	2.08099182395325e-267	2.27581614963442e-266	PRRG4
PRRT1	204.81351279055	0.278495963782756	0.0574376833095345	4.84866289404341	1.2429644029004e-06	1.60771733970037e-06	PRRT1
PRRT2	598.920133944622	0.795432819166369	0.0573471863180293	13.8704768313331	9.56388917876664e-44	2.09567339144222e-43	PRRT2
PRRT3	230.175904710149	-1.24726799366261	0.0377248670134967	-33.0622237373662	1.03813159240548e-239	9.74825602237406e-239	PRRT3
PRRT4	284.140654411558	-1.34164277117138	0.0815985116676846	-16.4420005187755	9.57068008429724e-61	2.49792391180853e-60	PRRT4
PRRX1	5512.43142539891	-0.928408231843711	0.04254092596092	-21.8238839628594	1.37656896534865e-105	5.32208289201911e-105	PRRX1
PRRX2	480.318890381157	-2.6701687553883	0.0858805081992803	-31.0916739010479	3.12109381048141e-212	2.51827923274208e-211	PRRX2
PRSS1	200.189834902026	0.326073325173221	0.169584227337106	1.92278097021983	0.0545075629633181	0.0605897641659065	PRSS1
PRSS12	97.1122762984271	-5.7385087531237	0.132904463311942	-43.1776977997704	0	0	PRSS12
PRSS16	154.816798239933	-5.72862302982985	0.135400633977387	-42.3086869060493	0	0	PRSS16
PRSS21	20.7429269635469	-2.48700500829223	0.118344096229456	-21.0150323297091	4.77916665244372e-98	1.73973263722223e-97	PRSS21
PRSS22	136.737545812726	-5.70830627596053	0.148293168030919	-38.493386794261	0	0	PRSS22
PRSS23	2445.71150110574	-0.85202134176845	0.0569448110727935	-14.9622296696936	1.29609753715157e-50	3.05900770503022e-50	PRSS23
PRSS27	78.354735691965	-1.59168527066277	0.0671452526404139	-23.705105097851	3.1940642724788e-124	1.42141782370558e-123	PRSS27
PRSS3	510.401012884046	-4.94011678620244	0.15793161399386	-31.2801006794909	8.70286964329924e-215	7.14365510483491e-214	PRSS3
PRSS30P	23.7667538223958	0.635522532283113	0.0666534791930104	9.5347240680837	1.50284690714013e-21	2.52216550209114e-21	PRSS30P
PRSS35	20.4362341826974	-0.566393952159108	0.0863172379659177	-6.56177103793276	5.31724183751403e-11	7.53429394813366e-11	PRSS35
PRSS36	123.143225983214	-0.399204596776211	0.0478435579358876	-8.3439571386217	7.18450390328163e-17	1.12527847179129e-16	PRSS36
PRSS37	3.39639798457906	-0.398144648406721	0.0921055236337751	-4.32270110085691	1.54130483530138e-05	1.94075464047707e-05	PRSS37
PRSS3P1	0.480006204986228	0.603795930788961	0.214272321596767	2.81789045962375	0.00483402986075086	0.00563328617358556	PRSS3P1
PRSS48	0.980304899467097	-0.370079801289632	0.146356599429795	-2.52861710870206	0.0114512876641215	0.0131446645352539	PRSS48
PRSS50	118.014058133233	1.32881769636884	0.0919209760246106	14.4560877596977	2.29475593614937e-47	5.23813106855501e-47	PRSS50
PRSS53	226.495192119644	-0.646531442187839	0.0499972062704987	-12.9313513777135	2.99507710410228e-38	6.16234803416906e-38	PRSS53
PRSS55	1.82555636745511	-1.41472029471765	0.156858318735803	-9.01909638022108	1.89647096940059e-19	3.09196394531112e-19	PRSS55
PRSS8	1763.21488213629	-7.3720417597134	0.141400497630536	-52.135896855015	0	0	PRSS8
PRTFDC1	177.015796423813	1.18079903293034	0.0630646926565672	18.7236151194877	3.17829966069206e-78	9.73996802725873e-78	PRTFDC1
PRTG	160.487835138604	0.754570950949861	0.0687285929934858	10.9789960493063	4.82253355681641e-28	8.83386858209548e-28	PRTG
PRTN3	17.543270382272	2.48474163112981	0.130631882260448	19.0209433419618	1.14406473951773e-80	3.59036076988471e-80	PRTN3
PRUNE2	1707.94433673137	-3.50631881343005	0.0695104588561277	-50.4430393804104	0	0	PRUNE2
PRX	682.736990511146	-0.313229595471149	0.0374047123491498	-8.37406775240896	5.56627303677024e-17	8.73493862216905e-17	PRX
PSAP	64108.2078291041	0.454382772645402	0.0329018425546564	13.8102530850843	2.21053601269915e-43	4.82091819294857e-43	PSAP
PSAPL1	5334.82301969151	-9.75755107831765	0.187960805349615	-51.9126903088557	0	0	PSAPL1
PSAT1	1154.40131653991	-3.44813863833271	0.11603522304919	-29.7163098214665	4.7273117441682e-194	3.41204245015124e-193	PSAT1
PSAT1P3	7.12505926819061	-3.84513143261539	0.137944000905462	-27.8745824927218	5.42537394351385e-171	3.36533964015137e-170	PSAT1P3
PSCA	110.8697257115	-3.56699693581073	0.11799775690381	-30.229362230322	9.7448297801911e-201	7.34883455690071e-200	PSCA
PSD	141.854554810326	-0.418839172694564	0.0540139462049789	-7.75427833221258	8.88472701960901e-15	1.34398295025195e-14	PSD
PSD2	44.1739200621547	-1.14438149504141	0.0740854289588183	-15.446782331213	7.93047336575866e-54	1.92888057096367e-53	PSD2
PSD3	1590.20012491107	2.93825886034856	0.0514991071777346	57.0545592219297	0	0	PSD3
PSD4	1667.21734044146	-2.65954333976166	0.0912267076578339	-29.1531220192323	7.62646269164835e-187	5.2518727969534e-186	PSD4
PSEN1	2977.22307153268	-0.852614001162603	0.0268091370269607	-31.8031125099315	5.86244182359563e-222	4.99431212809015e-221	PSEN1
PSEN2	1521.59764854343	-0.195545207135224	0.0318215133650027	-6.14506308648049	7.99317394676523e-10	1.1063831158456e-09	PSEN2
PSENEN	1067.38204627902	0.194206620140215	0.019200244246137	10.1147994603917	4.74988754320415e-24	8.26832276039241e-24	PSENEN
PSG1	1.12853842205111	-0.277701913582134	0.184132004778844	-1.50816754488539	0.131511651472008	0.143223500402179	PSG1
PSG10P	0.40263386924373	-0.55476588804123	0.202498514209486	-2.73960473343187	0.00615131126705774	0.00713924913722156	PSG10P
PSG11	0.343153476450145	-0.229545942028539	0.216049829298015	-1.06246759265849	0.288023462565057	0.306340045167628	PSG11
PSG2	0.645247365375899	-0.715875378634444	0.202122940613982	-3.54178192965061	0.000397433891767321	0.000480987460380768	PSG2
PSG3	0.936647120525518	-1.03890824269224	0.16946811138712	-6.13040550336366	8.76553684568832e-10	1.21217199630664e-09	PSG3
PSG4	67.2018314829103	-7.17962493619303	0.217448246757648	-33.0176262317485	4.53700969128389e-239	4.25146858161381e-238	PSG4
PSG5	5.19157392476506	-3.74897889534788	0.168646830829036	-22.2297619049146	1.77071089587613e-109	7.06126868335538e-109	PSG5
PSG6	0.440357427431093	-0.500937799554633	0.199591103608598	-2.50982028005107	0.0120792620534883	0.0138487227708326	PSG6
PSG7	7.19451937604499	-4.60377055639925	0.242098574650665	-19.0160993844852	1.25478682576857e-80	3.9364617725096e-80	PSG7
PSG8	0.62160872318967	-0.980783788323468	0.208320393372979	-4.70805460974463	2.50092108642655e-06	3.21174862500994e-06	PSG8
PSG9	0.702058680309066	-1.05440782653769	0.168941604856025	-6.24125612773877	4.34070793992893e-10	6.03701488269031e-10	PSG9
PSIP1	2214.21979782317	0.0813725995483615	0.0233307094964766	3.48778932593758	0.000487031667886884	0.000588195709737122	PSIP1
PSKH1	1450.61110588624	0.463416965374627	0.0236218731637825	19.6181294413665	1.08264210219005e-85	3.54725891545743e-85	PSKH1
PSMA1	5620.89024449964	-0.127636083419958	0.033220403234253	-3.8420991617692	0.000121986530390115	0.000149807581767803	PSMA1
PSMA2	4738.27423456215	-0.309154138439205	0.0377806657622386	-8.18286634716218	2.77170525386588e-16	4.3048719822985e-16	PSMA2
PSMA3	3301.08885044222	0.022606268872931	0.0428310309710913	0.527801184337335	0.59763733505107	0.616367002879244	PSMA3
PSMA4	4580.14755411699	-0.142378323453884	0.0333546935749984	-4.26861434459727	1.96690993773756e-05	2.47043997971071e-05	PSMA4
PSMA5	3224.39479621078	-0.228887722187488	0.0350186081181062	-6.53617417961117	6.31124108268111e-11	8.92939171023679e-11	PSMA5
PSMA6	6251.2707071463	-0.313038145948949	0.0418355011779776	-7.4825958129966	7.28687313859339e-14	1.08738293432662e-13	PSMA6
PSMA6P1	12.2911726000569	-0.240469406854414	0.0637279705362306	-3.77337305473586	0.000161055185738846	0.00019724822414512	PSMA6P1
PSMA7	11409.1098625451	-0.534350556232752	0.0532947065750069	-10.0263345193712	1.16771313817412e-23	2.02095992695628e-23	PSMA7
PSMA8	3.09161718510665	0.512157022400564	0.136212620672709	3.75998215048789	0.000169925480834741	0.000207843214004633	PSMA8
PSMB1	7589.20696809085	-0.177655218992736	0.0244309579528882	-7.27172546141335	3.5492437167623e-13	5.23259100290239e-13	PSMB1
PSMB10	1175.64301787567	1.00747115218591	0.0308976127413767	32.6067635263207	3.28893364704829e-233	2.96613700303188e-232	PSMB10
PSMB2	4374.40265055697	-0.536469174851386	0.0307800357761927	-17.4291277226625	4.95967550917802e-68	1.38912585717619e-67	PSMB2
PSMB3	3277.81635616087	0.215508895470282	0.0311460899282573	6.91929214764007	4.5390592969714e-12	6.564441745383e-12	PSMB3
PSMB4	7507.76886911998	-0.000125087217316524	0.0216829909420596	-0.00576890972517476	0.99539710152862	0.995507707351336	PSMB4
PSMB5	6380.17523310362	-0.387429123917113	0.0518046692306672	-7.47865259388171	7.50884791228474e-14	1.12032135324523e-13	PSMB5
PSMB6	5351.72103041402	-0.0023043719377056	0.0447984354928183	-0.0514386699525483	0.958975971378149	0.96186139526261	PSMB6
PSMB7	6007.62583425837	0.104409366431247	0.0285977368227237	3.65096605645673	0.00026125576984001	0.000317865994233785	PSMB7
PSMB8	1542.68743161338	-0.107144748235228	0.0505829126949864	-2.11820044609348	0.0341580954336354	0.0383724335934143	PSMB8
PSMB9	613.684945350786	0.53279269647228	0.0495056249831065	10.7622658365406	5.18786544727769e-27	9.37900631881548e-27	PSMB9
PSMC1	2148.27741041434	-0.706480823037017	0.057635701065922	-12.2576946227992	1.52784912386794e-34	3.02428107309729e-34	PSMC1
PSMC1P1	55.5863266573824	-0.507283089845832	0.0651074516182083	-7.79147512669598	6.6231352857523e-15	1.00364557857418e-14	PSMC1P1
PSMC1P9	4.3137540196426	-1.79306060284034	0.0976595997268632	-18.360310792336	2.73040057242465e-75	8.16037534521271e-75	PSMC1P9
PSMC2	5553.43818093581	-0.506831302384502	0.0392677996221833	-12.9070461615115	4.10757702920866e-38	8.44358731332479e-38	PSMC2
PSMC3	8163.77470562548	-0.0361618958162994	0.0414653940791906	-0.872098206693453	0.383154804390625	0.403532040360148	PSMC3
PSMC3IP	103.92813019063	-0.131718406979095	0.0221035261809618	-5.95915809544209	2.53540726620198e-09	3.47071225847162e-09	PSMC3IP
PSMC4	4047.69476958557	-0.259161266746694	0.0353927020450049	-7.32244931220985	2.43485298888428e-13	3.59939136510683e-13	PSMC4
PSMC5	7445.01809084328	-0.316790617084623	0.0321336963237427	-9.85851779680121	6.29720842166728e-23	1.07865685411012e-22	PSMC5
PSMC6	4492.91246363918	-0.198696800527199	0.0360306225189416	-5.51466465567565	3.4944561575257e-08	4.66852495855871e-08	PSMC6
PSMD1	8444.03086950979	-0.424265417885486	0.0486864741287995	-8.71423584224023	2.92726417693914e-18	4.68138614508542e-18	PSMD1
PSMD10	1112.38538743691	-0.200513676206304	0.0191852205916779	-10.4514657649171	1.44277929949962e-25	2.56305834109273e-25	PSMD10
PSMD10P1	9.10467743501703	-1.31132186726116	0.0809228562871041	-16.2045919710095	4.67982801989192e-59	1.19899778232386e-58	PSMD10P1
PSMD11	6905.18376050566	-0.685164098854044	0.0421329690827626	-16.2619467312679	1.83803900447897e-59	4.7340878694557e-59	PSMD11
PSMD12	3589.88444777102	-0.589100028229857	0.0466807135429249	-12.6197734250175	1.64293289265555e-36	3.31924074081847e-36	PSMD12
PSMD13	5984.20427474708	-0.329759124299944	0.0300330628085738	-10.9798699653705	4.77610802652301e-28	8.75149843092841e-28	PSMD13
PSMD14	3249.51749768875	-0.615515729480761	0.0532772349319686	-11.5530719690452	7.12281116575311e-31	1.3517946630967e-30	PSMD14
PSMD2	16207.0851528285	-0.539775330487315	0.0519646520842732	-10.387355805095	2.83092587874435e-25	5.01125939062612e-25	PSMD2
PSMD3	9925.34118045823	-0.887061253882267	0.0449548533682532	-19.7322688746373	1.13940004642906e-86	3.7612947434017e-86	PSMD3
PSMD4	9113.27225009998	-0.415404601371871	0.0470393951573109	-8.83099368056625	1.0374985094464e-18	1.67063339015517e-18	PSMD4
PSMD5	1394.19795417777	-0.664362302787328	0.022571079679443	-29.43422788022	2.00407323844281e-190	1.41084561459558e-189	PSMD5
PSMD6	4249.77683140828	-0.319996856837749	0.0401184564972133	-7.97630030606928	1.50784811746875e-15	2.31080997467691e-15	PSMD6
PSMD7	3549.67536478474	-0.362495850454536	0.0472157301080605	-7.67743821020894	1.62301487358115e-14	2.4460725669235e-14	PSMD7
PSMD8	14338.7494753723	-0.0435946266469984	0.0540607948893286	-0.806400030488708	0.420012229366641	0.440571070498741	PSMD8
PSMD9	1686.91591374798	0.00839455507318361	0.0179136454575395	0.468612326457009	0.639346764889179	0.656573453419231	PSMD9
PSME1	4836.21013038943	0.0558952446204716	0.0191627287575851	2.91687292178296	0.00353559788520077	0.00414027436452635	PSME1
PSME2	2385.32072308143	0.512687443974581	0.0209649031838072	24.4545581479512	4.50078557875505e-132	2.10986044799921e-131	PSME2
PSME2P2	45.6345032649723	0.472696844766294	0.0304177302107682	15.5401748089328	1.8547681600303e-54	4.54315983789704e-54	PSME2P2
PSME3	4241.01320388044	-0.37596645945861	0.0233834743260528	-16.0782976137863	3.62195882311141e-58	9.20108393661141e-58	PSME3
PSME4	8731.09324780646	-0.578919001052991	0.0629065935327029	-9.20283500571418	3.48627966025504e-20	5.73747670179659e-20	PSME4
PSMF1	6530.97627756267	-0.3095074674641	0.0290269208777867	-10.6627729743445	1.51996729159995e-26	2.73254081854495e-26	PSMF1
PSMG1	851.677867980733	-0.509848205190756	0.0260589037537921	-19.5652207785818	3.06075144105918e-85	9.97584405042665e-85	PSMG1
PSMG2	1870.13026815095	-0.333500855880195	0.0166301207367601	-20.0540249321827	1.86157476591797e-89	6.29536114245527e-89	PSMG2
PSMG3	980.996624810532	-0.673079970082323	0.035791678448975	-18.805487734862	6.80930340878349e-79	2.10067301904904e-78	PSMG3
PSMG3-AS1	403.701955365622	0.417080855340303	0.0337297669568186	12.3653642752485	4.0238301398516e-35	8.00895249308588e-35	PSMG3-AS1
PSMG4	843.638271222714	-0.714076502249859	0.0208851787023318	-34.1905861772747	3.33708249164534e-256	3.43065802010895e-255	PSMG4
PSORS1C1	160.703893091976	-0.885299626771702	0.0989420202914108	-8.94766070234119	3.63095124270552e-19	5.89154077158303e-19	PSORS1C1
PSORS1C2	1523.39737645587	-8.40531282135473	0.177498147961072	-47.3543691464215	0	0	PSORS1C2
PSPC1	1787.11805466031	-0.58210065839026	0.0252109144832753	-23.0892321964926	5.93991295090602e-118	2.52955696780836e-117	PSPC1
PSPC1P1	7.10239528209208	-1.74027856052537	0.0820461281662946	-21.2109772809522	7.56256202611559e-100	2.79305865884503e-99	PSPC1P1
PSPH	345.952888178253	0.61740523547854	0.0344674604100045	17.9126987638269	9.38717401795437e-72	2.72589965312464e-71	PSPH
PSPHP1	19.7094394371356	0.403918220712743	0.192306420477833	2.1003886386586	0.0356946676221081	0.0400685776917914	PSPHP1
PSPN	88.0230743106728	0.529899738063589	0.0325412504758054	16.2839390101979	1.28335623211667e-59	3.31112161879491e-59	PSPN
PSRC1	151.495354762874	-0.238354662869245	0.0587668992003015	-4.0559339715515	4.99343654048254e-05	6.20636961715295e-05	PSRC1
PSTK	175.870255365837	-0.514931271183099	0.0263587691716034	-19.5354823979354	5.48254556633536e-85	1.78336289735459e-84	PSTK
PSTPIP1	145.06821079965	0.565086064171942	0.0475899049709247	11.8740742289186	1.61411027160248e-32	3.12661132025356e-32	PSTPIP1
PSTPIP2	1056.3332104015	-2.36833637480201	0.0471230388498407	-50.2585663532609	0	0	PSTPIP2
PTAFR	249.298976573318	-0.344557589527792	0.0672766720398996	-5.12150168967107	3.03112023019105e-07	3.97285534175544e-07	PTAFR
PTAR1	2893.36182498305	-0.360819402704225	0.0215940237047429	-16.7092250910596	1.122851809057e-62	2.99045057180574e-62	PTAR1
PTBP1	8697.28335284906	-0.42829224209439	0.0421515564198214	-10.1607693397767	2.96725692623793e-24	5.1802533148297e-24	PTBP1
PTBP2	1372.47519758281	-0.60629357028841	0.0223350084252626	-27.1454372769631	2.86637953799347e-162	1.66444187301356e-161	PTBP2
PTBP3	3223.20868706616	-0.947140462439117	0.0460029233585942	-20.588701614811	3.46531145274996e-94	1.22096440518599e-93	PTBP3
PTCD1	1164.12563889095	-0.371667871124661	0.0299413237726006	-12.4132077107684	2.21593687886774e-35	4.42474539728211e-35	PTCD1
PTCD2	835.769422565202	0.209932689618248	0.0314821923698478	6.66829956287642	2.58784162373978e-11	3.68804822016782e-11	PTCD2
PTCD3	4996.06483400245	0.40614625186725	0.0395539424545057	10.2681610647129	9.80559084593532e-25	1.7223891570812e-24	PTCD3
PTCH1	892.84097649579	-0.342203969567185	0.0325287469967857	-10.5200476858515	6.98382295536153e-26	1.24495738779425e-25	PTCH1
PTCH2	424.228438493137	-1.12490336411153	0.052287047026968	-21.5139968323578	1.15143106392911e-102	4.34799886339162e-102	PTCH2
PTCHD1	142.293078147786	-2.50097369444266	0.0876000911379215	-28.5498983158021	2.81712507927771e-179	1.85212083827896e-178	PTCHD1
PTCHD3	18.9486498991902	-3.16596525105412	0.156973999368577	-20.1687238892372	1.84333947042558e-90	6.28803369473772e-90	PTCHD3
PTCHD4	89.5134575313379	2.00319255388187	0.0689166888867578	29.0668717003143	9.4191185594344e-186	6.43955766002198e-185	PTCHD4
PTCRA	1.28170196643651	1.23051205705236	0.147642761649158	8.33438797342746	7.79000915503312e-17	1.21926749673725e-16	PTCRA
PTDSS1	4152.31613926723	1.70522070625482	0.0290129242517518	58.7745203295687	0	0	PTDSS1
PTDSS2	1636.18734266335	0.796894391311597	0.0189129535034867	42.1348464249482	0	0	PTDSS2
PTEN	5297.14494242921	-0.160136726470007	0.0309546488450599	-5.17326903857169	2.30033418907032e-07	3.02250479835437e-07	PTEN
PTENP1	15.1263594598591	-0.258228776662656	0.0666472543169901	-3.87455986460386	0.000106817583059273	0.000131412200153771	PTENP1
PTER	599.905279077393	-0.0988581237068521	0.0266931149148119	-3.70350646683037	0.0002126397582201	0.000259366329293943	PTER
PTGDR	93.9513885570611	1.65006617559116	0.0609905563712483	27.0544535706027	3.38538078893272e-161	1.94821737792768e-160	PTGDR
PTGDR2	200.634986889522	2.78552331296999	0.0716055197524632	38.9009579512782	0	0	PTGDR2
PTGDS	21424.7331755937	5.10997169964903	0.0618006122470335	82.6848070569772	0	0	PTGDS
PTGER2	108.437718876619	-1.38044738343489	0.0774046645974645	-17.8341627163398	3.83755226812273e-71	1.10811322390884e-70	PTGER2
PTGER3	1441.5026693642	-4.11469633528385	0.100905040853222	-40.7779066386697	0	0	PTGER3
PTGER4	633.697013830111	0.742265114960265	0.0494166019725391	15.02056161961	5.38495231611687e-51	1.27579003214556e-50	PTGER4
PTGER4P2	2.44795351785271	0.600785392650761	0.0979692999739502	6.13238425517492	8.65716913072629e-10	1.19746197573539e-09	PTGER4P2
PTGES	1207.33993350365	-2.66600237141368	0.0948692435205226	-28.1018618097967	9.29612933326498e-174	5.88188485511785e-173	PTGES
PTGES2	4436.2621363492	0.556116894513226	0.052908055633955	10.5110060812048	7.6869081893012e-26	1.37015580072889e-25	PTGES2
PTGES3	10013.0886081058	-0.402658901417398	0.023691043515385	-16.9962501295442	8.75439136603473e-65	2.37009774372073e-64	PTGES3
PTGES3L	1321.07913317219	0.114222096393081	0.123239684301472	0.926828862314089	0.354015396929269	0.373901375120065	PTGES3L
PTGES3P1	186.023053878836	-0.825994676553058	0.0249154392300767	-33.1519211411677	5.3136017422985e-241	5.0104842830338e-240	PTGES3P1
PTGES3P2	6.06622581815581	1.16268276373729	0.112880584508196	10.300112891893	7.03786598195939e-25	1.23828194253984e-24	PTGES3P2
PTGES3P3	12.3650970597227	-0.731403717791914	0.0453884808571668	-16.1143026596015	2.02434675153796e-58	5.15566862965971e-58	PTGES3P3
PTGFR	668.253095316611	-2.25042670066637	0.0678858177360755	-33.1501744505091	5.63066255649002e-241	5.3066783601768e-240	PTGFR
PTGFRN	3141.04328320903	1.57527701782783	0.0678008854417621	23.2338708788828	2.07093779851196e-119	8.90137328343212e-119	PTGFRN
PTGIR	415.975651841544	1.90530470850688	0.0654694372528812	29.1022007894688	3.36692373919072e-186	2.30799673378417e-185	PTGIR
PTGIS	2481.80818920898	0.909826406909138	0.0702396442062159	12.9531750508016	2.25433623841925e-38	4.64464995167505e-38	PTGIS
PTGR1	1220.54290361178	0.198246978561007	0.0405162283354228	4.89302649100935	9.92970346784349e-07	1.28759971275501e-06	PTGR1
PTGR2	659.562793867601	0.441181268074936	0.0575369105596284	7.66779557302991	1.74977465219466e-14	2.63512871364143e-14	PTGR2
PTGS1	4439.97303930488	-2.56869904254794	0.112225104909012	-22.8888094569442	6.00584036119122e-116	2.52242492631365e-115	PTGS1
PTGS2	244.419106421379	0.71833671034188	0.0981010439901203	7.32241657300021	2.43544728409894e-13	3.599974261871e-13	PTGS2
PTH	0.430917590542242	-0.717749947714237	0.801795666344604	-0.895178133085288	0.370691872036323	0.390955260635449	PTH
PTH1R	827.892437730762	1.4534586573877	0.0482015749115911	30.1537586697854	9.57580788948858e-200	7.19124396406691e-199	PTH1R
PTH2R	23.7962000053378	-2.94558417329149	0.147352252051261	-19.9900858811901	6.71800809514864e-89	2.25827943456154e-88	PTH2R
PTHLH	81.1388338941158	-0.918998973047492	0.106091570215141	-8.66231851582429	4.62264571516476e-18	7.37043804417013e-18	PTHLH
PTK2	4564.11155085825	-0.0477618597245367	0.0163359472275377	-2.92372759652553	0.00345867274632434	0.00405203827572954	PTK2
PTK2B	2675.24677186727	-1.67194252762132	0.0683163947033233	-24.4735181779139	2.82820040516426e-132	1.32717506499901e-131	PTK2B
PTK6	1694.33758492367	-6.18516960680624	0.128945671869994	-47.9672525421581	0	0	PTK6
PTK7	1600.07683140358	-2.06768453867921	0.0978637528792985	-21.1281958625623	4.37963975889813e-99	1.60729654026351e-98	PTK7
PTMA	22172.1954871123	-0.836939562800632	0.0470423787221418	-17.7911828767006	8.27152141045698e-71	2.37776520136755e-70	PTMA
PTMAP2	26.6091535021916	-0.857077167463223	0.061653086847716	-13.9016099807008	6.19324279441012e-44	1.35956784807532e-43	PTMAP2
PTMAP5	56.7054682407696	-0.721302631111973	0.056230349077369	-12.8276392188053	1.1480942609253e-37	2.34877199578548e-37	PTMAP5
PTMAP8	1.49775929403121	-0.664863031452367	0.110441028371365	-6.020072804979	1.74338637026492e-09	2.39599160567558e-09	PTMAP8
PTMS	7591.30038132405	0.237705088228673	0.0402902431081678	5.89981767026083	3.63903489020453e-09	4.96598188602622e-09	PTMS
PTN	1032.74267070638	2.36335579015344	0.0982582634595485	24.0524888894093	7.86191368626895e-128	3.58465826409644e-127	PTN
PTOV1	2105.05243192039	-0.203991482382153	0.0271937865383806	-7.50140044286384	6.31395765274573e-14	9.43294478438675e-14	PTOV1
PTP4A1	12.8776661250086	-2.91121665907946	0.093609286454848	-31.0996565547337	2.43440265331525e-212	1.9659794599519e-211	PTP4A1
PTP4A2	13045.3838133885	-0.454890122211903	0.0551945924615331	-8.24157044965828	1.6996480725484e-16	2.64803227920579e-16	PTP4A2
PTP4A2P1	9.76107494292447	-0.413290446986813	0.062972790934897	-6.56300031888509	5.27357347676317e-11	7.47300607377893e-11	PTP4A2P1
PTP4A2P2	4.55893794717813	0.776553724732797	0.094401429268933	8.22608016368622	1.93439578662236e-16	3.01011916969131e-16	PTP4A2P2
PTP4A3	19114.0651691182	1.07890974863565	0.0923641008968551	11.6810507346409	1.59313898133145e-31	3.04794290604181e-31	PTP4A3
PTPDC1	761.610105477666	0.877903066986027	0.0263319502365402	33.339842248668	1.02244302082895e-243	9.78468730353102e-243	PTPDC1
PTPMT1	169.712886314444	-0.310815937729592	0.0212040109361335	-14.6583558490783	1.1912264268958e-48	2.75514157915344e-48	PTPMT1
PTPN1	3694.17113838485	0.193913494825624	0.0317749667990459	6.10271274402862	1.04283165400004e-09	1.43979234573207e-09	PTPN1
PTPN11	9376.34848735692	-0.516922505458708	0.0410015529908387	-12.6073884463403	1.92258729710498e-36	3.87900626935515e-36	PTPN11
PTPN12	4277.17920344306	0.196737925031912	0.030116756168753	6.53250715082101	6.46777078901875e-11	9.14582419270436e-11	PTPN12
PTPN13	3792.80504219382	-2.35428603835418	0.0891742311239182	-26.400968179727	1.33554198603449e-153	7.2697584791675e-153	PTPN13
PTPN14	5928.52449972766	-1.14599638665667	0.0355255110536627	-32.2584067805694	2.68174706817133e-228	2.35713520381602e-227	PTPN14
PTPN18	2108.41885601832	0.253667705101058	0.0378383830805234	6.70397845915431	2.02820174073768e-11	2.8952950886328e-11	PTPN18
PTPN2	1064.81841727334	-0.610862724524408	0.020510915283999	-29.7823239999901	6.61838276963593e-195	4.80780904908057e-194	PTPN2
PTPN20CP	3.10873579575574	0.0400680471074109	0.103723064313806	0.386298335596682	0.699275733025214	0.714072071147428	PTPN20CP
PTPN21	2669.2224183323	0.147909084358016	0.0300253834348262	4.9261347379317	8.38721736418238e-07	1.08954535449698e-06	PTPN21
PTPN22	56.9384952085292	-0.552809643384687	0.062791570127093	-8.80388310510113	1.32162043047583e-18	2.12585911616437e-18	PTPN22
PTPN23	5248.44631786902	-0.678255919463473	0.0195426861510503	-34.7063814166111	6.31208232659429e-264	6.79161948362366e-263	PTPN23
PTPN2P1	0.914240680445778	-0.609108030995711	0.1379402226839	-4.41573907265269	1.00665453253976e-05	1.27395867830767e-05	PTPN2P1
PTPN2P2	0.763224431666661	-0.154909521510655	0.153163310179026	-1.01140097670642	0.311824553899366	0.330788720298337	PTPN2P2
PTPN3	8257.14697827572	-0.674521321852692	0.0728968228177075	-9.25309630488921	2.18081788756997e-20	3.60254224044664e-20	PTPN3
PTPN4	1321.89335097042	-0.0557921691077301	0.0302008431936383	-1.84737123894218	0.0646933546117519	0.0716510844992399	PTPN4
PTPN5	291.913439135261	3.98613186683423	0.0625345027091916	63.7429210138794	0	0	PTPN5
PTPN6	719.88434424715	-0.796509480084329	0.0609412033051122	-13.070130500976	4.87817691735138e-39	1.01189286343907e-38	PTPN6
PTPN7	79.7246436800494	0.0493322541499943	0.0601392852756776	0.820299974032879	0.412045121192561	0.432693047869986	PTPN7
PTPN9	1456.23604748275	0.109170132047294	0.0313946345556609	3.47734998646796	0.00050639633384947	0.000611254637271127	PTPN9
PTPRA	3565.13966080045	-0.534188010048749	0.0352036712141974	-15.174213132445	5.24023896522336e-52	1.25454903062888e-51	PTPRA
PTPRB	3151.55602411788	1.29760238849042	0.0526004013907601	24.6690586798137	2.29836210449286e-134	1.09480858012638e-133	PTPRB
PTPRC	538.44315956701	0.00639865908981182	0.0574527151496857	0.111372614386299	0.911320875490839	0.916616588238844	PTPRC
PTPRD	364.078545302334	1.48435522138121	0.0467079621380214	31.7794901219403	1.24322542813953e-221	1.05762291738846e-220	PTPRD
PTPRE	1234.55677810828	1.0071704706349	0.0552764108164656	18.2206198947867	3.54120534501872e-74	1.04689172960555e-73	PTPRE
PTPRF	9793.52944676834	-4.457785760646	0.0900131507015509	-49.5237165447781	0	0	PTPRF
PTPRG	2648.1841757436	0.37572866662727	0.0437674414754206	8.58466142779391	9.1104337903921e-18	1.44669123730459e-17	PTPRG
PTPRH	62.3479016530413	2.08901582648412	0.0758259763027279	27.5501342461313	4.40900960451745e-167	2.64290981987741e-166	PTPRH
PTPRJ	710.662288526957	-0.0648770293182276	0.0377090532480829	-1.72046295862721	0.0853483212600721	0.0939896690935127	PTPRJ
PTPRK	2252.37816000899	0.262243709135931	0.0331997205638509	7.8989733853806	2.81209913254017e-15	4.29060827978095e-15	PTPRK
PTPRM	7122.4750994023	0.883937168630421	0.0420799408970419	21.0061409257483	5.76324736740021e-98	2.09668989208915e-97	PTPRM
PTPRN	16.9947574558802	1.28370366368374	0.0878909713344547	14.6056374641579	2.58552524692778e-48	5.96234178451794e-48	PTPRN
PTPRN2	284.685453719407	0.801166332236544	0.051080510611908	15.6843837823691	1.93431131911412e-55	4.77830905110104e-55	PTPRN2
PTPRO	60.0141278167231	-0.225807116987618	0.0571928614346839	-3.94816960234622	7.87510068912304e-05	9.73490506145473e-05	PTPRO
PTPRQ	50.5697256519716	-2.09330240050437	0.0780895110522003	-26.8064477840701	2.71774550698012e-158	1.53409021232829e-157	PTPRQ
PTPRR	22.3451060947777	1.33302309651726	0.0625399809799837	21.3147346006373	8.28759463023648e-101	3.08679890210815e-100	PTPRR
PTPRS	4948.39107742057	-0.479209094444834	0.0405817627205861	-11.8084839671526	3.52866385317043e-32	6.80954953054469e-32	PTPRS
PTPRT	103.441275104641	-0.850856033553516	0.1126436597143	-7.55351908586381	4.23652396042661e-14	6.34826170079409e-14	PTPRT
PTPRU	2489.72382179245	-0.585040725533803	0.0349179237320595	-16.7547397727046	5.22892033131595e-63	1.3954899167386e-62	PTPRU
PTPRVP	29.2680141487608	-1.91083532609876	0.0809088942801895	-23.617123223579	2.57066213217801e-123	1.13640690180099e-122	PTPRVP
PTPRZ1	1079.62276041082	-3.72705399981877	0.122490059092567	-30.4273998023154	2.38507944442396e-203	1.82852704766081e-202	PTPRZ1
PTRH2	604.372069409139	-0.278814306244135	0.0258971027697259	-10.7662354636084	4.96905458770774e-27	8.98522869244872e-27	PTRH2
PTRHD1	467.511979748685	0.0807350142478559	0.0299692620241746	2.69392733737425	0.00706155575261051	0.00817723159232819	PTRHD1
PTS	744.521519029653	0.0270327921520756	0.0412461797979306	0.655401113133681	0.512209535004175	0.532810392349618	PTS
PTTG1	181.617003291823	-1.65855147613917	0.0762212087610121	-21.7597110187465	5.58995086992867e-105	2.15101978643835e-104	PTTG1
PTTG1IP	9385.82321619389	0.711074935273007	0.0244577442642554	29.0736106972969	7.74158133046639e-186	5.29871503915306e-185	PTTG1IP
PTTG3P	0.231012768029564	0.068551748359019	0.265387012855985	0.258308602298558	0.796168747821522	0.807654755116102	PTTG3P
PTX3	1527.33320129012	-0.0358664791311102	0.125793125997854	-0.285122727069538	0.775550118721338	0.788115484199097	PTX3
PUF60	6202.68648921476	-0.285204793029251	0.0199067805505022	-14.3270174856103	1.48356353575056e-46	3.3562432081244e-46	PUF60
PUM1	6000.92900004587	-0.823988448876165	0.0193167804005905	-42.6566141866467	0	0	PUM1
PUM2	5946.97333774008	-0.271899512894323	0.0188428467840721	-14.4298531962888	3.35795087545552e-47	7.65242102912707e-47	PUM2
PURA	1971.93164603108	0.0144554839230455	0.0234508606599024	0.616415923180265	0.53762004673913	0.557856724772371	PURA
PURB	3313.04746888428	-0.350385457671195	0.0177149610541559	-19.7790701656099	4.50928716636412e-87	1.49432397425848e-86	PURB
PURG	13.2002052122811	1.0845991293671	0.0738133976447858	14.6937976569856	7.06412225029296e-49	1.63930984436668e-48	PURG
PUS1	827.140526043502	-0.318046971977798	0.0280139230798532	-11.3531750291172	7.1517645160077e-30	1.34033225458256e-29	PUS1
PUS10	320.083516301257	-0.401303256021139	0.0239821829831167	-16.7333914641404	7.48520450336512e-63	1.99557414492114e-62	PUS10
PUS3	523.600780093864	-0.526620537377504	0.0321248383089504	-16.3929397033193	2.1480065023113e-60	5.58115834989978e-60	PUS3
PUS7	965.482634934679	-1.05073108529457	0.0294276023798944	-35.7056300995982	3.23279781165817e-279	3.77145777107316e-278	PUS7
PUS7L	695.96720214406	-0.118423569232246	0.0250610094142286	-4.72541098703748	2.29650414405051e-06	2.95091520430104e-06	PUS7L
PUSL1	490.053895970133	-0.304344625866133	0.0363066758625586	-8.38260784375441	5.17677256625874e-17	8.12725300586287e-17	PUSL1
PVALB	61.3326365108096	-4.83845810694863	0.177009676375037	-27.3344271682482	1.65405306861763e-164	9.76857260111086e-164	PVALB
PVR	2154.62496525044	1.22109430319786	0.0495017214610662	24.6677139129044	2.37601403016283e-134	1.13149810997251e-133	PVR
PWP1	1886.46070255117	-0.71888220194231	0.016023952309912	-44.8629768760376	0	0	PWP1
PWP2	98.689323582438	-0.219696112286787	0.0902130334608875	-2.43530345736614	0.0148793054515317	0.0169993892760233	PWP2
PWWP2A	873.493436209608	-0.148564238004773	0.0209954137293027	-7.07603288605006	1.48339673680014e-12	2.16268119050289e-12	PWWP2A
PWWP2B	1532.23024609816	-0.283057491112509	0.0306782766026201	-9.22664251251762	2.79247731967249e-20	4.60534899051072e-20	PWWP2B
PXDC1	2555.017833522	0.0018362868353852	0.0466533662989014	0.0393602215887354	0.968603193890655	0.970922490991518	PXDC1
PXDN	3863.15446988352	0.744075406674855	0.0620433994197858	11.9928213739618	3.87478567145193e-33	7.55115479829015e-33	PXDN
PXDNL	722.409377889361	5.95287637588765	0.0758043371175331	78.5294958342269	0	0	PXDNL
PXK	1333.9923199608	-0.374828354324672	0.017251278221574	-21.7275699522324	1.12605592451149e-104	4.32106857751679e-104	PXK
PXMP2	934.981243793231	1.2323055608072	0.0459550506906546	26.8154542816728	2.13399308999167e-158	1.20533447169564e-157	PXMP2
PXMP4	1049.72269522722	-0.250300345255577	0.0370864443360033	-6.74910603421173	1.48758849449458e-11	2.13048615557299e-11	PXMP4
PXN	7723.32891350095	-0.132741465073724	0.0449853409960106	-2.95077156546387	0.00316981255178187	0.00371846176243893	PXN
PYCARD	553.056033001901	-2.21755609721158	0.0872961880090867	-25.4026681781425	2.35636136334987e-142	1.18549080217051e-141	PYCARD
PYCR1	343.42900703833	-0.298128276754404	0.0544875552125191	-5.47149299673305	4.46259981304873e-08	5.95046364701409e-08	PYCR1
PYCR2	2922.6860117456	0.439745378980586	0.0278037946735645	15.8160202282996	2.41269429723874e-56	6.02370458316151e-56	PYCR2
PYDC1	112.497471249495	-6.93023115570437	0.157026005119204	-44.1342894155867	0	0	PYDC1
PYGB	10865.7041338918	1.59801050648021	0.0548432325172127	29.1377884405094	1.19299630462323e-186	8.20914620776862e-186	PYGB
PYGL	1730.90959157826	-1.38312642870857	0.0639049957821129	-21.6434789139866	7.00161540670682e-104	2.67025590966376e-103	PYGL
PYGM	123877.957037154	-4.40016938616321	0.152248952908402	-28.9011471153466	1.15494582783421e-183	7.77493636755558e-183	PYGM
PYGO1	1283.12028971608	-2.20269706420652	0.0820457523617332	-26.8471797844574	9.09899384526016e-159	5.15390145401284e-158	PYGO1
PYGO2	2061.57832819507	-0.287281413124578	0.0221041217840074	-12.9967349950284	1.27678956457092e-38	2.63541898312592e-38	PYGO2
PYHIN1	39.1707620544477	-0.540183449501644	0.075625938186849	-7.14283303391243	9.14266569290323e-13	1.33802540762562e-12	PYHIN1
PYROXD1	660.032259061767	-0.264151610767072	0.0268874849072183	-9.82433320478248	8.84574722754205e-23	1.51117296994386e-22	PYROXD1
PYROXD2	634.96648635893	0.778032688617707	0.0454826163412632	17.1061550808776	1.33528111442747e-65	3.64685106065981e-65	PYROXD2
PZP	72.7850798383515	1.93539709282103	0.0585282760137623	33.0677276803086	8.65254718364121e-240	8.12914936600863e-239	PZP
QDPR	2067.07274133169	0.328754678947776	0.0432922595896256	7.59384430528911	3.10551511062884e-14	4.66163921834805e-14	QDPR
QKI	14177.3658618866	0.343653776767042	0.0485248225984878	7.08202026023998	1.42067880125836e-12	2.07174652474495e-12	QKI
QPCT	653.006509436148	-1.75542989833417	0.0773873546145224	-22.6836788397565	6.4927529801754e-114	2.68372092758065e-113	QPCT
QPCTL	312.885038669938	-0.380795726346961	0.0442329698671596	-8.60886636123611	7.37866066008842e-18	1.17303957027512e-17	QPCTL
QPRT	543.85291710179	2.65043819337839	0.052098662120847	50.8734406121694	0	0	QPRT
QRFP	15.9926048805864	0.857822001921215	0.0606647159794133	14.1403777809216	2.14131763971789e-45	4.77643851704607e-45	QRFP
QRFPR	22.5367134140864	4.71545230970357	0.122201437703769	38.5875354521967	0	0	QRFPR
QRICH1	4509.18371756315	-0.54522033104468	0.0141217362910551	-38.6085903183187	0	0	QRICH1
QRICH2	293.919099168934	0.152612344819515	0.0404425773337244	3.77355635770161	0.000160936842839776	0.000197116697826686	QRICH2
QRSL1	1458.41817026454	-0.00227918884022432	0.0451869328053539	-0.0504391136712486	0.959772467836077	0.962553022091326	QRSL1
QRSL1P1	0.241847447383566	0.322659559765505	0.259788777138586	1.24200730808853	0.214233865685572	0.23001454230025	QRSL1P1
QRSL1P3	3.43824043944774	-1.32386140526126	0.116855641187306	-11.3290329145451	9.42394874249327e-30	1.76341477456987e-29	QRSL1P3
QSER1	1777.878428485	-0.573293186139515	0.0235210264386177	-24.373646602355	3.25552230576717e-131	1.51859696880319e-130	QSER1
QSOX1	7765.83056133281	0.571394480424136	0.0338627753645458	16.8738230777854	7.01083384651515e-64	1.88501897044241e-63	QSOX1
QSOX2	1159.67537237927	0.183681852255809	0.0276290884378781	6.64813291501831	2.96834202490324e-11	4.22563264454593e-11	QSOX2
QTRT1	2130.61087379698	-0.274327129420284	0.0214561557338863	-12.7854743795987	1.97653098011402e-37	4.03167526040028e-37	QTRT1
R3HCC1	1802.66441783912	0.171135057166283	0.028482547803694	6.00841814944967	1.87342153565201e-09	2.57313147133159e-09	R3HCC1
R3HCC1L	993.907818436369	-0.767175645969785	0.0201322989006007	-38.1067085163778	0	0	R3HCC1L
R3HDM1	1648.45991993823	-0.923521234927712	0.0432371695349791	-21.3594285856427	3.18685650145855e-101	1.18943818956573e-100	R3HDM1
R3HDM2	4397.36574366748	-0.333324806096697	0.0188620879081595	-17.6716812963482	6.9300350798197e-70	1.97666869706599e-69	R3HDM2
R3HDM4	3119.72981071509	-0.536936926820369	0.0274512461244509	-19.5596558489969	3.41373516804076e-85	1.1122289006317e-84	R3HDM4
RAB10	9496.16803279291	-1.18717826094067	0.0433854633656083	-27.3635030917232	7.46001209416161e-165	4.41445357353725e-164	RAB10
RAB11A	6631.31371461413	-0.475780226795013	0.0320118367316829	-14.8626344305986	5.76142608504662e-50	1.35058511468843e-49	RAB11A
RAB11B	6395.99434906597	0.614947301742949	0.0151657618036953	40.5483951088505	0	0	RAB11B
RAB11FIP1	1318.8674659733	-1.28400908936361	0.0598973304432655	-21.436833325649	6.0599503375128e-102	2.27687676947543e-101	RAB11FIP1
RAB11FIP1P1	100.670140908315	-0.374669142360828	0.0425744750211436	-8.80032324942957	1.36422623640138e-18	2.19360754635651e-18	RAB11FIP1P1
RAB11FIP2	1097.58025215789	-0.18696349471329	0.0182064482445553	-10.2690811629996	9.71252799464819e-25	1.70620880678893e-24	RAB11FIP2
RAB11FIP3	4060.70098256373	-0.0805675148160223	0.0337557747816825	-2.38677723551296	0.0169967867584945	0.0193681812014724	RAB11FIP3
RAB11FIP4	761.064761239882	-0.729103750073573	0.0949284658361513	-7.68055971042472	1.58394996084774e-14	2.38779693871705e-14	RAB11FIP4
RAB11FIP5	2868.60914902264	0.0130648428519331	0.0215646282342662	0.605845958019951	0.544617048387236	0.564726468203838	RAB11FIP5
RAB12	4562.52883919635	-0.520759324049609	0.0568787460184235	-9.15560487006747	5.4054129761394e-20	8.87475729510081e-20	RAB12
RAB13	3126.21198743297	0.15663662252759	0.0343867380050965	4.55514630391447	5.23491302280793e-06	6.67093793880544e-06	RAB13
RAB14	6085.7221189825	-0.371298999866548	0.0187127872395925	-19.8419933445807	1.29231758276301e-87	4.30716697043454e-87	RAB14
RAB15	1465.66220257013	2.03906642467017	0.0581359876065782	35.0740824851739	1.67480019400092e-269	1.85526635644372e-268	RAB15
RAB17	205.669024041107	-0.0997918512352397	0.0793868644832294	-1.25703227964522	0.208741947138068	0.224358955722019	RAB17
RAB18	3965.02307145619	-0.0585170194946792	0.0194388886181152	-3.01030684645967	0.00260983883607253	0.00307157299039828	RAB18
RAB19	7.46727085395996	-2.95406524128052	0.144801318763508	-20.4008172474254	1.6444427866595e-92	5.70358662864311e-92	RAB19
RAB1A	6016.91115847473	0.243492752548355	0.0182372067981613	13.3514279485444	1.16199889646848e-40	2.45477551171566e-40	RAB1A
RAB1B	5063.70318274829	-0.278733633615087	0.0232720197783362	-11.977199928068	4.6786023138023e-33	9.10678203403495e-33	RAB1B
RAB1C	6.74881876452887	-0.849289244303752	0.0753929078175796	-11.2648426607804	1.95701188061958e-29	3.65058765420032e-29	RAB1C
RAB20	575.168473232453	0.889303720870598	0.0623556655081658	14.2617950369584	3.7858951686947e-46	8.53580898442801e-46	RAB20
RAB21	6125.62067879786	0.169775116568915	0.0351027725747575	4.83651586800868	1.32134729087968e-06	1.70738443637393e-06	RAB21
RAB22A	1738.22196837707	-0.362696068333372	0.0172536332407455	-21.0214314441809	4.17646429672808e-98	1.52218128781944e-97	RAB22A
RAB23	351.39141744415	-0.0937046754028217	0.035644203027174	-2.62888962144515	0.00856641608758037	0.00989058148884192	RAB23
RAB24	1906.66096715228	-0.296883545152926	0.0254133152579967	-11.682204471906	1.57165841185174e-31	3.00716656799992e-31	RAB24
RAB25	2534.68884901425	-8.23507451008416	0.146864621614327	-56.0725545714462	0	0	RAB25
RAB26	94.2526825636983	-0.0560264726279113	0.0702161036662686	-0.797914861442619	0.424919898520996	0.445485328670731	RAB26
RAB27A	697.746666084392	-0.386910301344559	0.0489072574351377	-7.91110198435665	2.55120421417743e-15	3.89518465304562e-15	RAB27A
RAB27B	729.411094396778	-5.26397257750311	0.122727064823469	-42.8917010691556	0	0	RAB27B
RAB28	734.569605631064	0.883401280580914	0.0217577465403968	40.6016900206433	0	0	RAB28
RAB2A	7760.02964474233	-0.291022224690673	0.0324826819214744	-8.95930408068546	3.26733947860987e-19	5.30872623471941e-19	RAB2A
RAB2B	1023.59949969042	-0.0160951819636693	0.0282793890217152	-0.569148857894704	0.569255124044796	0.588883483014216	RAB2B
RAB30	1624.66434182377	-0.581570254647371	0.0374740283063988	-15.5192884493836	2.56883699221161e-54	6.27941807398169e-54	RAB30
RAB31	1829.58976556354	-0.176474670891536	0.0500004113083305	-3.52946438386866	0.000416401748729569	0.000503638236839413	RAB31
RAB32	605.786353783732	-0.393548792512538	0.0563952341354286	-6.97840515330537	2.98549660028052e-12	4.33088277070269e-12	RAB32
RAB33A	37.0028068870573	0.771384938198803	0.0831106768231038	9.28141807629181	1.67237718681318e-20	2.76593731530908e-20	RAB33A
RAB33B	459.254229588514	0.403707712360206	0.0262178699999409	15.3981888063796	1.68318097638627e-53	4.08176488696339e-53	RAB33B
RAB34	1737.61723194909	-0.0503780295400739	0.0496850260054234	-1.01394793543179	0.310607596427993	0.329575440218113	RAB34
RAB35	2693.93823869757	-0.31555052742791	0.0255413726294162	-12.3544858769449	4.6069193517937e-35	9.16546808705111e-35	RAB35
RAB36	163.764054144097	-0.475020422596887	0.0683296284995516	-6.95189529092792	3.60410883744056e-12	5.2215342601825e-12	RAB36
RAB37	136.766042990772	1.57721640955692	0.0431340105477301	36.5654941316352	1.01159036761469e-292	1.26192918970423e-291	RAB37
RAB38	618.69526192075	-4.78643075818787	0.124277987052607	-38.5139063779797	0	0	RAB38
RAB39A	5.60648375259331	0.149588582050998	0.0875708290816163	1.70820104845166	0.0875990440596519	0.0964092927438123	RAB39A
RAB39B	13.2670729986175	0.620403156743754	0.0666205845083836	9.31248444188722	1.24876519493614e-20	2.07027281949212e-20	RAB39B
RAB3A	398.169818695078	2.69667479382802	0.057997912345874	46.4960665781595	0	0	RAB3A
RAB3B	154.277516700192	-4.80055080804272	0.14065441916564	-34.1301100706221	2.63837717615948e-255	2.70156015631666e-254	RAB3B
RAB3C	97.8883661941516	-1.60566057257992	0.0869948122773167	-18.4569692208944	4.5835005848991e-76	1.37903382966352e-75	RAB3C
RAB3D	1144.38288579792	-1.8107707336197	0.0776573345740105	-23.3174463629571	2.94979198253639e-120	1.27673011487467e-119	RAB3D
RAB3GAP1	4479.91720564198	-0.0931027161412887	0.0211059238127274	-4.41121255659727	1.02793347710562e-05	1.30033946039201e-05	RAB3GAP1
RAB3GAP2	1930.40734708401	-0.318215304577197	0.0178461377975305	-17.8310460328974	4.05758110085965e-71	1.17108413334255e-70	RAB3GAP2
RAB3IL1	1212.01054647246	0.289298651514655	0.0486014450941356	5.95247015709751	2.64125307821157e-09	3.61368067651338e-09	RAB3IL1
RAB3IP	829.070716399748	0.525580079676197	0.0412098151989998	12.7537596841481	2.97065311346965e-37	6.04575768180523e-37	RAB3IP
RAB40A	31.9486476919503	-0.517103319680705	0.0628600740694346	-8.22626010764031	1.93149343059024e-16	3.00612253536702e-16	RAB40A
RAB40AL	1.32836393031856	0.443719591532635	0.100416547788402	4.41878954520166	9.92552403027802e-06	1.25646524661768e-05	RAB40AL
RAB40B	1838.61913330053	-0.240621382806382	0.0453929685749349	-5.30085143934051	1.1526385524151e-07	1.5228364463871e-07	RAB40B
RAB40C	3409.56500531672	-1.22941531546721	0.0535736195015802	-22.9481473700119	1.53759327867923e-116	6.48353633392006e-116	RAB40C
RAB41	9.644012533487	0.186765568679734	0.0412358952972743	4.52919882867389	5.92077632753916e-06	7.53374529384551e-06	RAB41
RAB42	51.3889336162442	-0.308039726711654	0.0714352274259979	-4.31215435032753	1.61671503883547e-05	2.03499667254579e-05	RAB42
RAB43	317.813238909221	-0.142721055754744	0.0441250568759262	-3.23446734938057	0.00121869854217634	0.00145264153474482	RAB43
RAB44	64.6793918009087	-1.62724308058499	0.0756975660064353	-21.4966367669821	1.6738779651274e-102	6.31157881237083e-102	RAB44
RAB4A	2576.43988859683	0.419762072736047	0.0289848330264818	14.4821283721916	1.5715448446174e-47	3.59321462567736e-47	RAB4A
RAB4B	564.485789387684	0.286318961362929	0.0251718160281737	11.3745850137497	5.59684298253627e-30	1.05056069372925e-29	RAB4B
RAB5A	2576.014462432	-0.168546093533156	0.019637432083595	-8.58289886455976	9.25116870222726e-18	1.46852105651493e-17	RAB5A
RAB5B	11685.519464153	-0.308560088075648	0.0241916293737809	-12.7548286768178	2.93018268525946e-37	5.9647425667031e-37	RAB5B
RAB5C	4266.12558661399	-0.18483969747994	0.0322163589170063	-5.73744841731223	9.61135387342561e-09	1.29900128444729e-08	RAB5C
RAB5CP1	1.16209987686654	-0.833760109961664	0.157855891811452	-5.28178011218949	1.27934691632844e-07	1.6883815132572e-07	RAB5CP1
RAB6A	6099.18841605514	-0.139964812988567	0.0168231161283142	-8.31979116835548	8.8118429932335e-17	1.37872217054495e-16	RAB6A
RAB6B	852.312233551901	3.02578245647735	0.0361270369977916	83.7539612413359	0	0	RAB6B
RAB6C	29.6278785975851	-0.980311320501955	0.115504470448838	-8.48721540120977	2.1164725319123e-17	3.34227757232682e-17	RAB6C
RAB7A	15661.5456604654	-0.256738213654116	0.0266829101641351	-9.62182206044381	6.46752087948758e-22	1.09193250189135e-21	RAB7A
RAB8A	538.94831018477	-0.74695106522832	0.0471448056885518	-15.8437616683125	1.55249196926839e-56	3.8830634901765e-56	RAB8A
RAB8B	1225.8718670282	-0.270283117175167	0.0385231613954972	-7.01611984541744	2.28114408876782e-12	3.31580060900433e-12	RAB8B
RAB9A	1133.76658009401	-0.288758285391898	0.0252164068214375	-11.4512066463971	2.31894812093717e-30	4.37332479046516e-30	RAB9A
RAB9B	552.678160380769	2.11252617651227	0.0762530688349636	27.7041463220905	6.22358978085582e-169	3.78610475313233e-168	RAB9B
RABAC1	3392.81855580281	0.0858865524598923	0.0244264814388592	3.51612460742129	0.000437895414533361	0.00052927921553851	RABAC1
RABEP1	4108.83599105344	-0.589541562067184	0.0457752578854937	-12.8790440360143	5.90625814949622e-38	1.2124364573963e-37	RABEP1
RABEP2	1273.38194435059	0.340894038298169	0.0514129691511424	6.63050673646211	3.34536405531733e-11	4.75633033407844e-11	RABEP2
RABEPK	787.633871195089	-0.160512666294519	0.0164802576527098	-9.73969398276528	2.04168255605189e-22	3.46654666020468e-22	RABEPK
RABGAP1	4485.69626890774	-0.456870682296817	0.0174786600921715	-26.1387703569706	1.32238475008877e-150	7.06357504045931e-150	RABGAP1
RABGAP1L	2269.63431338831	1.96277344390291	0.0351838604521865	55.7861877200839	0	0	RABGAP1L
RABGEF1	1506.27612697004	-0.998464062972701	0.0249634178574677	-39.9970896883423	0	0	RABGEF1
RABGGTA	1658.17501249572	-0.18007749502884	0.0207479760211824	-8.67928008230741	3.98281787079128e-18	6.35591351880442e-18	RABGGTA
RABGGTB	3781.94967843056	-0.249598070782609	0.0278624524328802	-8.9582233072944	3.29951746920919e-19	5.36004096771361e-19	RABGGTB
RABIF	391.460612277829	0.0638680566981528	0.0263446141911268	2.42433068993906	0.0153366328476271	0.0175085443867412	RABIF
RABL2A	440.460644217409	-0.045943069448667	0.0396229618172729	-1.15950618887453	0.246249915321531	0.263211491342727	RABL2A
RABL2B	976.406228704822	-0.465228640633286	0.0334285955288103	-13.9170860538347	4.98830072549989e-44	1.09652462278329e-43	RABL2B
RABL3	1209.03590384534	-0.34535211933029	0.0257222674672127	-13.4261926857925	4.24691320318175e-41	9.02688446929681e-41	RABL3
RABL6	8711.10619067298	-0.0272759481836482	0.0424245944366295	-0.642927729677907	0.520270995346966	0.540789824878204	RABL6
RAC1	12937.9571865361	-0.462500664554316	0.0171232916050286	-27.0100326048581	1.12672865235698e-160	6.46137065023192e-160	RAC1
RAC1P2	31.9907712374492	-0.597388992648231	0.0419997660649554	-14.2236266679279	6.53751725330452e-46	1.46827009453193e-45	RAC1P2
RAC2	307.475761083257	-0.00737256060413836	0.058598568319724	-0.125814688234572	0.899878614637813	0.906019069416369	RAC2
RAC3	211.708077661861	-1.55931614970881	0.0800352042956405	-19.4828783587393	1.53407638729171e-84	4.97118074664952e-84	RAC3
RACGAP1	530.715008142341	-1.10442286498205	0.042083575956884	-26.2435603408221	8.46589497321087e-152	4.5531692683827e-151	RACGAP1
RAD1	1326.56512152115	0.23070500034045	0.0288385896920205	7.99987110341548	1.2454952275759e-15	1.91233022787392e-15	RAD1
RAD17	1157.82360521488	0.161881403384011	0.0203682796448156	7.94772097628853	1.89973939813014e-15	2.90594909124241e-15	RAD17
RAD17P1	4.29539098378226	-3.84796330170361	0.250296935611905	-15.3735933374351	2.46131064780192e-53	5.95431433558425e-53	RAD17P1
RAD17P2	0.867886616062052	0.135407872722017	0.150703858863897	0.898503022701669	0.368917434447024	0.38917356146596	RAD17P2
RAD18	499.857014558093	-1.00162840544763	0.0439394398382588	-22.7956571393405	5.063291990461e-115	2.110799423814e-114	RAD18
RAD21	6838.55596622859	0.00871874632089549	0.0232655459019722	0.374749269053533	0.707846946578534	0.72237388090936	RAD21
RAD21L1	2.01093364994197	-1.51800472413787	0.127499263567607	-11.9059881732802	1.10150639829319e-32	2.13758265153899e-32	RAD21L1
RAD23A	14317.7827797283	-1.48217768696919	0.0726959174542048	-20.3887334925362	2.10525529351587e-92	7.28642579092081e-92	RAD23A
RAD23B	12133.3040830696	-0.919240400599652	0.0386414316229388	-23.7889840513559	4.34263908207627e-125	1.94312319454275e-124	RAD23B
RAD23BP1	1.62092386197263	-0.601816545896548	0.122898658597001	-4.8968520305008	9.73841116937496e-07	1.26297650907722e-06	RAD23BP1
RAD50	2764.52675849522	-0.406439441929332	0.0217783993881848	-18.6625029087231	9.99386412840251e-78	3.04862816768978e-77	RAD50
RAD51	74.1035429712624	-1.31332219592139	0.0527865491050097	-24.8798646281796	1.22909913888117e-136	5.94598591749528e-136	RAD51
RAD51AP1	68.5435801755887	-0.808690831537396	0.0450141828496342	-17.9652451814744	3.6466331867108e-72	1.06201333107881e-71	RAD51AP1
RAD51AP2	10.1943452268873	1.16672109471857	0.0919757378484722	12.6850963309554	7.15258597193035e-37	1.45090939915166e-36	RAD51AP2
RAD51B	147.852931259151	-1.27812643023027	0.054315127542766	-23.5316842296636	1.93356036566651e-122	8.4913442650312e-122	RAD51B
RAD51C	550.997157252541	0.914752800531611	0.0259335774087227	35.2729122602243	1.52846939161808e-272	1.72177581467566e-271	RAD51C
RAD51D	504.519856695434	0.093921565870986	0.0297778909176067	3.154070452164	0.00161010211136958	0.00191007302667482	RAD51D
RAD52	837.793121886735	-0.168054280520408	0.0344204557954393	-4.8823955591743	1.04804751760993e-06	1.35833417557033e-06	RAD52
RAD54B	24.9298703891705	0.391216642090148	0.0604146764931869	6.47552324697569	9.44839384907047e-11	1.33156296623438e-10	RAD54B
RAD54L	38.5857125987755	-0.049337893204127	0.0572234616575586	-0.862196934176736	0.388579156500597	0.409005578070825	RAD54L
RAD54L2	1881.4456699941	-0.273521435516513	0.0175599156401048	-15.5764663750332	1.05212313701699e-54	2.5820407074905e-54	RAD54L2
RAD9A	879.884526414967	-0.556486144753372	0.0394343295232363	-14.1117181775708	3.21644687848086e-45	7.16043287899259e-45	RAD9A
RAD9B	70.8759168025768	0.566833740446513	0.0558262613327903	10.1535321713112	3.19582821187316e-24	5.57659011651112e-24	RAD9B
RADIL	431.356884500789	0.6768497138698	0.0371642910427096	18.2123671642749	4.11752938678155e-74	1.21667180714798e-73	RADIL
RAE1	1457.60858198686	-0.436833418440771	0.0224461534800869	-19.4613931882943	2.33354434408126e-84	7.5537010857412e-84	RAE1
RAET1E	384.591651467152	-4.12361834888989	0.0969057489342083	-42.5528763178902	0	0	RAET1E
RAET1G	29.6751847824611	-1.53752549924242	0.0778995148213067	-19.7372923665743	1.03160008562372e-86	3.40668375368054e-86	RAET1G
RAET1L	50.9084545283504	-6.57621807466659	0.216844031505731	-30.3269498773029	5.05982504555928e-202	3.84474084614237e-201	RAET1L
RAF1	6058.03885738431	-0.509250341509389	0.047939177686359	-10.6228426536881	2.33345011730981e-26	4.18621044067111e-26	RAF1
RAG1	41.6895719741219	1.27673380404402	0.0480171830500275	26.5891025451001	9.07374542326832e-156	5.03503364254788e-155	RAG1
RAG2	0.445325656887991	1.07450182504609	0.170032035989253	6.31940809738938	2.62567041880837e-10	3.6699039683958e-10	RAG2
RAI1	2235.2132807537	0.283740342299631	0.0330838376465595	8.57640353972472	9.78856899729469e-18	1.55300573347701e-17	RAI1
RAI14	1469.96448348483	-0.751213318425034	0.0672853037092784	-11.1645972747752	6.076596031594e-29	1.12686520206782e-28	RAI14
RAI2	1999.11725947685	0.13070885177782	0.0518556886242936	2.52062705646117	0.0117145937522543	0.0134366255979565	RAI2
RALA	1867.11467231482	0.0106222424519612	0.018893445955259	0.562218373351026	0.573967244645714	0.593348898573911	RALA
RALB	2542.85401801176	0.451893317356244	0.0236901105170015	19.075188232319	4.05958206460832e-81	1.27890333820466e-80	RALB
RALBP1	5538.78757933732	-0.983573829673569	0.0362848287762693	-27.1070268992653	8.13674914544942e-162	4.70358450119573e-161	RALBP1
RALGAPA1	1912.10315068643	-0.654966060234592	0.0176192342293723	-37.1733556469057	1.83934050963034e-302	2.40450025518198e-301	RALGAPA1
RALGAPA2	5520.82617576523	-1.4616218413046	0.0318608938233481	-45.8751047415217	0	0	RALGAPA2
RALGAPB	3791.73990460835	-0.217756750259704	0.0162842510608113	-13.3722299813802	8.78665191239585e-41	1.8594935466146e-40	RALGAPB
RALGDS	6947.34151701552	-0.627913425618093	0.0368980974972883	-17.0175013945974	6.09151455396233e-65	1.65190348728346e-64	RALGDS
RALGPS1	1126.81691303712	0.473260778062485	0.0322062792188143	14.6946741300689	6.97331387215769e-49	1.61844537148931e-48	RALGPS1
RALGPS2	1031.00769226759	-0.75040311794814	0.0626454975247059	-11.9785642639712	4.60224942973214e-33	8.95913182487382e-33	RALGPS2
RALY	7149.14350564836	0.196017148428508	0.017872833093007	10.967323837719	5.48724988486278e-28	1.00412712389362e-27	RALY
RAMP1	3219.38614796263	1.68991896448561	0.0960580604506671	17.5926825563328	2.80289257932285e-69	7.94564871187255e-69	RAMP1
RAMP2	1760.26618762739	0.799293480295782	0.0600499858393725	13.3104690887657	2.01214432731107e-40	4.23880749396449e-40	RAMP2
RAMP2-AS1	431.118926270902	-0.979492687738585	0.0699458560491495	-14.0035842445093	1.48203713043304e-44	3.27660898856855e-44	RAMP2-AS1
RAMP3	1907.00597534478	1.50362982803084	0.0580238081012786	25.9140149058521	4.62950792176086e-148	2.4331612291859e-147	RAMP3
RAN	7880.69770100206	-0.19533646516671	0.0291373947128622	-6.70397841302133	2.02820238140434e-11	2.8952950886328e-11	RAN
RANBP1	1719.24789188007	-0.179391490948553	0.0173379415670192	-10.3467583077911	4.32895733222341e-25	7.64725818816031e-25	RANBP1
RANBP10	3161.44917165416	-0.68976534345762	0.0277889247073062	-24.8215917212611	5.24220938880622e-136	2.52380345568069e-135	RANBP10
RANBP17	104.622005944045	0.57470959129606	0.0597783327185882	9.61401171895435	6.97761706124278e-22	1.17706011357353e-21	RANBP17
RANBP2	7382.28959496012	-0.511742741469393	0.029952708275756	-17.0850240571936	1.91864054210087e-65	5.23056919557136e-65	RANBP2
RANBP3	3176.67853928482	0.158482355428604	0.0119373672735682	13.2761564419248	3.1831857604335e-40	6.69242313402984e-40	RANBP3
RANBP3L	135.198999535024	-0.664591196214004	0.0810332023442741	-8.20146775627169	2.37469587094827e-16	3.69080472914349e-16	RANBP3L
RANBP6	1475.98146145103	0.430689236120725	0.0318812763671711	13.5091591428321	1.38089626476486e-41	2.95290017367929e-41	RANBP6
RANBP9	3269.04869390496	-1.17874450614624	0.0359732863761204	-32.7672177020975	1.72645430214355e-235	1.58479877067242e-234	RANBP9
RANGAP1	6373.31781368908	-0.385078640499153	0.0406944002304149	-9.46269359712411	3.00110773211113e-21	5.01652338060474e-21	RANGAP1
RANGRF	67.3158601783157	0.451315819229586	0.029828750060377	15.1302290010835	1.02338663326135e-51	2.44323379115883e-51	RANGRF
RANP1	8.32463467136877	-0.0219186871988898	0.0625821811673227	-0.350238467085175	0.72615974017523	0.7399717793883	RANP1
RANP6	0.802025067259519	0.0613603484802589	0.137163838421901	0.447350768148681	0.654621816466271	0.671482552749977	RANP6
RAP1A	3981.60040623286	0.271894364504157	0.0354150237024569	7.67737350082007	1.62383464531574e-14	2.44710317708905e-14	RAP1A
RAP1AP	5.14532827344777	-0.544743691777543	0.0789648318564992	-6.89856077661879	5.25320151810246e-12	7.58505498735561e-12	RAP1AP
RAP1B	2049.94171321628	-0.485603294977508	0.0328040205791721	-14.8031639538059	1.39751162689823e-49	3.26497168018106e-49	RAP1B
RAP1GAP	388.159466408636	0.281891541726684	0.0895475063505749	3.14795523867621	0.0016441686810987	0.00194958701195295	RAP1GAP
RAP1GAP2	1506.85910237866	1.69445651240172	0.0616792646171838	27.4720608768355	3.78777778092104e-166	2.25475488870237e-165	RAP1GAP2
RAP1GDS1	1097.71834267114	-0.378693090859743	0.033825859336349	-11.195372365686	4.2959353616357e-29	7.98050902423161e-29	RAP1GDS1
RAP2A	1400.7384205867	0.28851774691577	0.0299944327152575	9.6190432956249	6.64462790456226e-22	1.12141334061528e-21	RAP2A
RAP2B	848.929841683135	-0.353825728616628	0.0495190748961046	-7.14524108859032	8.9838072652256e-13	1.31509729674982e-12	RAP2B
RAP2C	1750.73185704124	-0.1579005951166	0.0205031090062065	-7.70130008423612	1.34688769076594e-14	2.03349201723373e-14	RAP2C
RAPGEF1	12630.3893405089	-0.318693363926755	0.0616679461064808	-5.16789327435153	2.36747427574976e-07	3.11004192058465e-07	RAPGEF1
RAPGEF2	3234.93956926648	0.401519975470428	0.0191566738507211	20.9597959749842	1.52740377543397e-97	5.53215198422273e-97	RAPGEF2
RAPGEF3	4245.42627552333	0.344986429903802	0.0577938780609001	5.96925559382385	2.38338493645986e-09	3.26509225580015e-09	RAPGEF3
RAPGEF4	745.573124706493	0.159877521929074	0.0588428383635942	2.71702600308264	0.00658714322322371	0.00763769179782608	RAPGEF4
RAPGEF5	1800.32551282189	0.295254535308524	0.04962675857986	5.94950272308028	2.68958367906069e-09	3.67868671125078e-09	RAPGEF5
RAPGEF6	1098.79532502855	-0.691328281555282	0.0216877333292527	-31.8764654221753	5.65935974383727e-223	4.85808940146947e-222	RAPGEF6
RAPGEFL1	9145.28271202953	-3.86109763323658	0.0993235633966678	-38.8739338500829	0	0	RAPGEFL1
RAPH1	272.619698204446	-0.736975306716881	0.0385867384622572	-19.0991863030284	2.5645265508981e-81	8.09611407273179e-81	RAPH1
RAPSN	1252.96085245782	-3.23681302790156	0.125349924962255	-25.8222175152973	4.99296140057697e-147	2.60743539807909e-146	RAPSN
RARA	2817.50527210695	-0.472742501155801	0.0422417246251969	-11.1913636422367	4.49467364065465e-29	8.3488412140568e-29	RARA
RARB	374.884745258754	1.77830568179134	0.0474413506274042	37.4842971010213	1.66019500982542e-307	2.22857348037788e-306	RARB
RARG	4345.3658917511	-1.70258755322932	0.0860327008951397	-19.7900046786222	3.63008081695625e-87	1.20451769190838e-86	RARG
RARRES1	860.333541952295	0.255003754482242	0.103674917441813	2.45964752878015	0.0139073525552929	0.0159061092412369	RARRES1
RARRES2	1998.78691313088	-1.34722776048554	0.0819496044002943	-16.4397103603431	9.93928131288551e-61	2.59375185435274e-60	RARRES2
RARS2	1563.89417479491	-0.150929110640556	0.0125184912252999	-12.056493703932	1.79253005597166e-33	3.50579460425312e-33	RARS2
RASA1	1790.00831588554	-0.354132440961542	0.0210598976428364	-16.8154872814399	1.87940850367223e-63	5.03740805160867e-63	RASA1
RASA2	1238.53414774524	-0.568574740268168	0.0337087964603406	-16.8672512807484	7.83588045124536e-64	2.10559313334629e-63	RASA2
RASA3	2365.98877794027	-0.679087957724055	0.037255854661359	-18.2276843169133	3.11222753208848e-74	9.20677203042313e-74	RASA3
RASA4	610.397294456152	-2.34643019669356	0.0688660973405806	-34.0723561709788	1.89410953579464e-254	1.92849919422168e-253	RASA4
RASA4B	756.661386873294	-2.39498198973748	0.0677792520830041	-35.3350312394201	1.70241615328539e-273	1.92858358560669e-272	RASA4B
RASA4CP	234.094511215412	-0.876914886022965	0.0525931194043943	-16.6735667318051	2.04047120432729e-62	5.41907969151602e-62	RASA4CP
RASA4DP	160.550848086354	-3.19383342991537	0.095026534598664	-33.6099116252554	1.20194680276851e-247	1.17716237196061e-246	RASA4DP
RASAL1	685.887503045195	-7.27688384583511	0.157045829150084	-46.3360528911647	0	0	RASAL1
RASAL2	2854.9105129603	0.702754565789341	0.0307075630671889	22.8853902946221	6.4956708140822e-116	2.72687897211506e-115	RASAL2
RASAL2-AS1	44.4750831082339	0.834047424607148	0.0374536823685452	22.2687696339201	7.42109531935019e-110	2.96794349796985e-109	RASAL2-AS1
RASAL3	189.300894185824	0.13016008103205	0.0461496816549771	2.82038957506033	0.00479653786890034	0.00558995715253626	RASAL3
RASD1	6341.40860012817	-1.4015793228282	0.0728292103702345	-19.2447414396384	1.56241045922988e-82	4.98580937362119e-82	RASD1
RASD2	784.168079794231	0.614079751874741	0.072061384923154	8.52162017881828	1.57336637940881e-17	2.48854829942342e-17	RASD2
RASEF	276.208821681516	-4.45844555367248	0.122836718598249	-36.2957070536402	1.89095699653885e-288	2.31401202547219e-287	RASEF
RASGEF1A	118.661367874561	-0.298828272786953	0.0655461531062646	-4.55905127342085	5.1385225801439e-06	6.54903320342469e-06	RASGEF1A
RASGEF1B	936.492849755563	-2.18032572502335	0.0663444819117152	-32.8637086641917	7.25658522362335e-237	6.70908015461962e-236	RASGEF1B
RASGEF1C	33.5280425219555	0.250683573334859	0.082859355215111	3.02541062121542	0.00248295778843205	0.00292472995351167	RASGEF1C
RASGRF1	15.4187597035864	-1.01392844215654	0.0728161101414531	-13.924507093099	4.49632687146449e-44	9.89224884053193e-44	RASGRF1
RASGRF2	918.04496320403	0.773270457445207	0.0576912693625517	13.403595829825	5.76032033714735e-41	1.22234500045962e-40	RASGRF2
RASGRP1	405.261461311018	-3.70801259893726	0.100414298175262	-36.9271375323995	1.69578281163624e-298	2.18041331373314e-297	RASGRP1
RASGRP2	1220.64245658106	1.59351664915276	0.0435965924765676	36.5514036448892	1.693902269277e-292	2.11016849475815e-291	RASGRP2
RASGRP3	1349.92996565067	1.60086260544917	0.0618358969716852	25.8888879089473	8.88392532776405e-148	4.66101835689538e-147	RASGRP3
RASGRP4	140.805358325006	0.367268464741797	0.0426778446868708	8.60560010554566	7.59185094459898e-18	1.20682540492517e-17	RASGRP4
RASIP1	1968.80964669389	1.14163955885806	0.0512475850892245	22.2769435256394	6.1836284154082e-110	2.47634026931619e-109	RASIP1
RASL10A	96.216515468565	1.71706843282831	0.0605514239946513	28.357193267329	6.82399202518916e-177	4.40282008764982e-176	RASL10A
RASL10B	1288.94751286746	0.332430408435209	0.094501327759953	3.51773267439829	0.000435250590749078	0.000526188440837754	RASL10B
RASL11A	562.83531624172	-0.424039995019766	0.0610989269237642	-6.94022000662727	3.91489771248015e-12	5.6681471666014e-12	RASL11A
RASL11B	13.6088435536703	1.40945624797415	0.0935971513939358	15.0587515430034	3.02444562975979e-51	7.18340754470325e-51	RASL11B
RASL12	1284.00547352329	0.764508680674426	0.0483063865917672	15.8262444081197	2.05103555535948e-56	5.1250265174939e-56	RASL12
RASSF1	2597.16944996626	0.392072799161969	0.0309717115690816	12.6590614240825	9.96839953581702e-37	2.01891494199192e-36	RASSF1
RASSF10	245.010327968149	-3.69972306243693	0.114723624773556	-32.2490077326227	3.63247221157624e-228	3.18966498929677e-227	RASSF10
RASSF2	649.818390700932	-0.0456941893630216	0.0550266177455084	-0.830401562646497	0.406311782405029	0.426971301522062	RASSF2
RASSF3	1509.14265616106	1.59894242210401	0.040260707989601	39.7147119846228	0	0	RASSF3
RASSF4	3378.76794235588	1.37359802501444	0.0625352131668638	21.9651929761437	6.19933022356349e-107	2.41859868561696e-106	RASSF4
RASSF5	2133.6743962909	-1.72734932686059	0.0697461816638023	-24.7662206826882	2.07352143399556e-135	9.94285011543794e-135	RASSF5
RASSF6	184.745905081014	-6.89637147731453	0.142389202312619	-48.4332475026679	0	0	RASSF6
RASSF7	1180.4746252328	-2.21082052479354	0.0902232790958321	-24.5038813369361	1.34292563204126e-132	6.31339887761156e-132	RASSF7
RASSF8	1503.40498733665	-0.361888687541449	0.0452184006698977	-8.003128863033	1.21296884126913e-15	1.86318389894067e-15	RASSF8
RASSF9	296.633112724579	0.896350056563876	0.042363133699677	21.158728788062	2.2932201753154e-99	8.44177022001073e-99	RASSF9
RAVER1	1900.31088681191	0.164709929938675	0.0223256355612597	7.37761437907219	1.61150912673962e-13	2.38952024632948e-13	RAVER1
RAVER2	1480.83589661915	0.458018153655185	0.0365348323000981	12.5364788838501	4.71483184668088e-36	9.48075157195069e-36	RAVER2
RB1	2083.18751186565	-0.0649522231824039	0.0327614727451662	-1.98257946727951	0.0474144227619396	0.0528880297519938	RB1
RB1CC1	5052.65870147177	-0.488062789798021	0.043872264722466	-11.1246317664585	9.51981481616356e-29	1.76193899347893e-28	RB1CC1
RBAK	1003.61086133866	0.0832095389456288	0.016896764003344	4.92458431266254	8.45398728297958e-07	1.09806064709514e-06	RBAK
RBBP4	3758.37633759093	-0.309950200550682	0.0131659182879146	-23.5418596540428	1.52110285771724e-122	6.6865378612376e-122	RBBP4
RBBP4P1	9.06684127182283	0.05799738661625	0.0536130184727088	1.08177805071306	0.279351161907293	0.297427116903837	RBBP4P1
RBBP4P2	3.67212179479618	-0.416138232826029	0.0717422598431842	-5.80046173253578	6.61325652964576e-09	8.97100458102136e-09	RBBP4P2
RBBP4P4	0.425605332557191	0.428899452818098	0.17944950234666	2.39008438145207	0.016844502214586	0.0191982958316298	RBBP4P4
RBBP5	1121.49311193071	-0.574559188661583	0.0229942090467517	-24.9871255625011	8.43823819046434e-138	4.12090954060088e-137	RBBP5
RBBP6	4855.19885742327	-0.506814440727053	0.0192644107313183	-26.3083282325953	1.5399506898511e-152	8.32452023063353e-152	RBBP6
RBBP7	6389.26230328936	-0.144771353082006	0.0420332860372585	-3.44420735875087	0.000572736267444204	0.000689943488607584	RBBP7
RBBP8	693.029289685578	-0.760889674891409	0.0604843717667279	-12.5799384645336	2.72241858601566e-36	5.48659392822076e-36	RBBP8
RBBP8NL	162.34063112091	-7.6645951508716	0.186680501013512	-41.0572883041322	0	0	RBBP8NL
RBBP9	726.609719173789	-0.891332653308481	0.041214900224706	-21.6264663616528	1.01248218673755e-103	3.85565725480489e-103	RBBP9
RBCK1	4110.98821857111	0.386170333411462	0.0169761125896093	22.7478659423965	1.50653482829661e-114	6.2616332126916e-114	RBCK1
RBFA	1092.85501056595	-0.0777405183818135	0.0175238965171016	-4.43625755869685	9.15363197792649e-06	1.15948581545743e-05	RBFA
RBFOX1	4585.65087670004	-0.533990234148808	0.156404643296569	-3.4141584475614	0.000639793562235894	0.000769179450598299	RBFOX1
RBFOX2	7288.30126606886	-0.0741587716911742	0.0335978108519434	-2.20725010977567	0.0272965906882019	0.0308298361763284	RBFOX2
RBKS	234.200683010866	0.521063247472514	0.0495128008233719	10.5238087687932	6.71048585029614e-26	1.19646846068919e-25	RBKS
RBL1	477.049588380848	-0.944002361787084	0.0422414269680735	-22.3477858004316	1.26881596659938e-110	5.11410360929525e-110	RBL1
RBL2	4058.47687604754	-0.593867514353642	0.0195695746470751	-30.3464702255244	2.79688611645944e-202	2.12791296318799e-201	RBL2
RBM10	3109.10308047727	0.234006847246861	0.0149981768558341	15.6023528390276	7.0160012710866e-55	1.72487078504275e-54	RBM10
RBM11	28.1698452964591	-0.658831120243285	0.0815110136761922	-8.08272515000898	6.33352590012529e-16	9.78037228516388e-16	RBM11
RBM12	2433.93036794746	-0.0232738216979516	0.0212060029816177	-1.09751100752586	0.272418071558432	0.290354532898533	RBM12
RBM12B	586.1180138923	0.424019237971051	0.0283248366684938	14.9698740696604	1.15539820232388e-50	2.72764892328291e-50	RBM12B
RBM12B-AS1	20.9583411632372	0.277790017577661	0.05030681593588	5.52191611434375	3.35322581734757e-08	4.48217256538751e-08	RBM12B-AS1
RBM14	2692.26783247728	0.0418031847027798	0.0265501902981671	1.57449661314351	0.11537268391323	0.126074405580165	RBM14
RBM15	530.533790969794	-0.361295469647666	0.0378606646862832	-9.54276615694392	1.39072376131377e-21	2.33530022643743e-21	RBM15
RBM15B	2193.5671720497	-0.0207673092966727	0.0343363236797029	-0.604820407985285	0.545298332116227	0.565322354510402	RBM15B
RBM17	5022.65955662643	0.0181370738924756	0.0229155935835842	0.791473012746581	0.428668018393632	0.449205553562916	RBM17
RBM18	1899.67661278777	0.145642807158072	0.0378503625532659	3.84785765137949	0.000119155250924657	0.000146360537147373	RBM18
RBM19	2195.38484111911	-0.256896952706854	0.0191018116827573	-13.4488265811325	3.12796616338245e-41	6.66034053785752e-41	RBM19
RBM20	3080.82496891185	2.89124042582348	0.0844459151878007	34.2377771546866	6.63066037756451e-257	6.84395168902171e-256	RBM20
RBM22	2116.941870711	-0.186166377046479	0.0117280834896015	-15.8735548916872	9.66104562268145e-57	2.41909142097494e-56	RBM22
RBM23	2673.12163059849	0.011070590021508	0.0187993652165718	0.588881054970366	0.555941067314478	0.575805244690905	RBM23
RBM24	10022.7316687919	-0.214979528226905	0.128329237891605	-1.67521861548411	0.0938913464322118	0.103132665799746	RBM24
RBM25	7931.01809332476	-0.530395003022969	0.0162715337830506	-32.5964970539816	4.59781617090586e-233	4.13413031430951e-232	RBM25
RBM26	3546.34476064152	-0.308163352311566	0.0143232817002855	-21.5148566341066	1.1302825405025e-102	4.26903399319879e-102	RBM26
RBM27	1491.66620429705	-0.413234770426529	0.0176545659515595	-23.4066796974992	3.65406133398247e-121	1.59111654748472e-120	RBM27
RBM28	2701.56935926122	0.238549069664082	0.0203459537631734	11.724644243312	9.53005658408517e-32	1.82792273383183e-31	RBM28
RBM3	11743.6018503813	-0.664759548511841	0.0356822243362988	-18.6299918482266	1.83552250400866e-77	5.58978863046183e-77	RBM3
RBM33	6290.39017542115	-0.664776214531904	0.019808909325862	-33.5594556770467	6.55343496842322e-247	6.39741772595371e-246	RBM33
RBM34	36.7712184611911	0.0863577267065003	0.0444559904023508	1.94254420888875	0.0520712534591629	0.0579531738295036	RBM34
RBM38	5854.34768491433	-0.395033544367235	0.0870647119300927	-4.53724058358364	5.69950741437123e-06	7.25373536242198e-06	RBM38
RBM39	12943.5063883548	-0.287014614783579	0.0148977825694978	-19.2655929461088	1.04462023855883e-82	3.33763026522851e-82	RBM39
RBM4	4292.09912495181	-0.08926133174148	0.0153247466656266	-5.82465300661009	5.7231383944626e-09	7.77819662051501e-09	RBM4
RBM41	1133.11839971756	-0.27428993918512	0.0287850867736183	-9.52889047520637	1.58973153828305e-21	2.66723435740825e-21	RBM41
RBM42	3647.01322138716	-0.209512242799128	0.017438866992064	-12.0140971827168	2.99624058350925e-33	5.8453805943156e-33	RBM42
RBM43	362.723803856547	-0.783099707614453	0.042305482460707	-18.5105963119979	1.69612622118348e-76	5.12625387970514e-76	RBM43
RBM44	77.4655240611494	-0.538054651074604	0.0435842229443719	-12.3451702181623	5.17247293017247e-35	1.02815465123713e-34	RBM44
RBM45	415.1047822041	0.142638067803857	0.0184718141773092	7.72193063630282	1.14580746426799e-14	1.73121371195972e-14	RBM45
RBM46	1.97564977009685	-0.883154678385008	0.189450520194456	-4.66166404546433	3.1366290740449e-06	4.0206836118979e-06	RBM46
RBM47	740.967707276939	-2.57886990968038	0.0843860777687528	-30.5603717801339	4.11738818098671e-205	3.18783245788997e-204	RBM47
RBM48	824.756500015633	0.0861852457552017	0.0265543513707212	3.24561668074595	0.00117196526338752	0.00139795551694644	RBM48
RBM4B	702.324773036613	-0.00426905565329969	0.0236517892074431	-0.180496097604161	0.856763117746254	0.865578856181403	RBM4B
RBM5	6899.61385379123	-0.255644411982192	0.0212227552189074	-12.0457692389741	2.04162908086186e-33	3.99124295010799e-33	RBM5
RBM6	8183.68136606546	0.472859701887661	0.0244460183833562	19.3430150657827	2.33419946541859e-83	7.5045409139132e-83	RBM6
RBM7	1017.89265958686	-0.006166517248174	0.0230677723781235	-0.267321748589043	0.789221442932852	0.800923170269155	RBM7
RBM8A	3830.19908142324	-1.06756975085155	0.0418560294717393	-25.5057578161437	1.70165366334398e-143	8.65295694741665e-143	RBM8A
RBM8B	7.46258560148168	-0.876870812859484	0.0737113370866104	-11.8960101324599	1.24141806869124e-32	2.40753788564005e-32	RBM8B
RBMS1	4161.78877420149	0.539256721152416	0.0325956457804221	16.5438268897961	1.77386597784056e-61	4.67037611044432e-61	RBMS1
RBMS1P1	32.7715358029082	0.152296268041922	0.0577742303353087	2.63605879573	0.00838751968504816	0.009687760144405	RBMS1P1
RBMS2	3029.82326555262	0.729232394713394	0.0402484432743131	18.1182757738806	2.28648885407237e-73	6.72204570670532e-73	RBMS2
RBMS2P1	5.43033580974061	0.446114533339301	0.0608414015772853	7.33241710042811	2.2603829552868e-13	3.34312329127579e-13	RBMS2P1
RBMS3	2118.67930471644	-0.0726948161741582	0.0416093116763305	-1.74708047899554	0.080623379031603	0.0889441347029409	RBMS3
RBMX	8477.61290614489	-0.278840097127683	0.0216704475280681	-12.8672975842572	6.87662757203154e-38	1.41066863731213e-37	RBMX
RBMX2	783.541344949406	-0.0485495501001228	0.0175951058932499	-2.75926444516303	0.00579316347503722	0.00672813924996713	RBMX2
RBMX2P3	0.516690751513056	0.445070853442053	0.185772985993168	2.39577811091663	0.0165851269759293	0.0189062675380726	RBMX2P3
RBMXL1	807.26383017091	0.146398962289988	0.022906860096808	6.39105323345422	1.64747010683683e-10	2.31272786346174e-10	RBMXL1
RBMXL3	0.416730252696157	0.553957457247844	0.244656570107795	2.26422473348568	0.023560296095924	0.0266751927808496	RBMXL3
RBMXP2	7.36648983032947	-0.68086237173416	0.0572827573746127	-11.88599157826	1.39964129010251e-32	2.7123417873975e-32	RBMXP2
RBMXP4	10.3754907375299	-1.3006427366647	0.080058260014586	-16.2462029080789	2.37634106069688e-59	6.11180389107079e-59	RBMXP4
RBMY1A3P	0.0192377936750178	0.588433208296037	1.9312950978365	0.304683219542792	0.760607431191725	0.773673185787548	RBMY1A3P
RBP1	458.215358721451	0.780150097733075	0.0547471662475935	14.2500544083844	4.47932125574616e-46	1.00891218624483e-45	RBP1
RBP2	2.42428803991528	-0.937213717929543	0.109053271484698	-8.59409080690487	8.39266382518435e-18	1.3334187247762e-17	RBP2
RBP3	2.82550192461982	-2.16722576193712	0.134495215964706	-16.1137758424496	2.04167113208078e-58	5.19831995029506e-58	RBP3
RBP4	2565.66406306465	-4.4741516625087	0.132144468696849	-33.8580320964685	2.7644773197491e-251	2.76463090182242e-250	RBP4
RBP5	135.070817935567	-0.918128825151882	0.0595700457322237	-15.4125922494505	1.34698334493826e-53	3.26999962133967e-53	RBP5
RBP7	2001.64273836848	-0.376175619681327	0.0975432925111208	-3.85649909898663	0.000115022521837326	0.000141361399303182	RBP7
RBPJ	4850.1437096831	-0.529115660341881	0.0183801799060312	-28.7872949583187	3.09374658281733e-182	2.06643904405546e-181	RBPJ
RBPMS	6527.39199325525	1.17788585950282	0.0567298957843163	20.763053469745	9.34369164929773e-96	3.3214019229662e-95	RBPMS
RBPMS2	2890.69152983067	4.92803768874497	0.0489016913266197	100.774381315977	0	0	RBPMS2
RBX1	2435.36090677161	0.346085475292407	0.0280275757666267	12.3480345990003	4.9915998864516e-35	9.92530537457366e-35	RBX1
RC3H1	2794.29318433507	-0.632129790031252	0.0328874916825781	-19.2209790923677	2.47063849139181e-82	7.87567973854152e-82	RC3H1
RC3H2	2819.19023255539	0.00574694374544624	0.0175497682728281	0.327465505874748	0.743315828345688	0.756897173099374	RC3H2
RCAN1	3331.13171565729	0.668969180694974	0.0427421681525036	15.6512692175114	3.25659207681244e-55	8.02490266594124e-55	RCAN1
RCAN2	6804.26859747436	1.91739051175517	0.0628858436456045	30.4900181121954	3.53422209022337e-204	2.72460521824886e-203	RCAN2
RCAN3	721.582152375506	-0.779813871459547	0.0696914664003097	-11.189517336029	4.58924945838054e-29	8.52187739842253e-29	RCAN3
RCBTB1	1217.89109992441	0.644186816252853	0.0199899026723834	32.2256104399555	7.7284135987995e-228	6.76978944973186e-227	RCBTB1
RCBTB2	857.91989757905	0.692117194660095	0.0353579253000341	19.5745985882103	2.54634969734588e-85	8.30227149102034e-85	RCBTB2
RCC1	880.558182930193	-0.951039136688579	0.0377247726853434	-25.2099368396743	3.11696066014353e-140	1.54611212023268e-139	RCC1
RCC2	3152.30256255116	-1.09224917955096	0.05595616607142	-19.5197286775662	7.46335103601548e-85	2.42461256089721e-84	RCC2
RCC2P4	0.209047848574867	0.280920093618882	0.285736344833156	0.983144422117229	0.325536363806658	0.34488729826871	RCC2P4
RCC2P6	3.29995317291477	-0.0305140272374858	0.0901328890492931	-0.338544870350243	0.734952619438054	0.748465835172234	RCC2P6
RCCD1	581.351461045277	0.238319269931651	0.0311202502594836	7.65801264271727	1.88832301978434e-14	2.84235326357872e-14	RCCD1
RCE1	652.681499807987	-0.477832650339781	0.0452761206841991	-10.5537453986542	4.88116664747169e-26	8.71339555941471e-26	RCE1
RCHY1	1167.48116113086	0.232414178538375	0.0355020612367458	6.54649815931866	5.89018749005399e-11	8.33694488193599e-11	RCHY1
RCL1	1160.55316583415	-1.582997120716	0.0317891876420305	-49.7967151140101	0	0	RCL1
RCN1	2728.8782640911	0.128876754609891	0.0355545212035853	3.62476417195839	0.000289225249268985	0.000351518716635676	RCN1
RCN1P2	11.3215314367827	-0.0409216235013398	0.0645989980488764	-0.633471489300468	0.526425793402217	0.546840020026159	RCN1P2
RCN2	1844.82083009264	-0.0361425295883696	0.027266793245094	-1.32551449169302	0.18500056614726	0.199651989881104	RCN2
RCN3	1245.2863209702	0.378544152392413	0.0555338739269285	6.81645499628752	9.33144403491955e-12	1.34122743590376e-11	RCN3
RCOR1	2395.16997368399	-0.948081820242237	0.0202095529297063	-46.9125578155982	0	0	RCOR1
RCOR2	96.3169554030404	2.33946613704849	0.0603761009194519	38.7482149628971	0	0	RCOR2
RCOR3	4406.94023765171	-0.758073813131823	0.0337025270553391	-22.4930852184193	4.85069964954076e-112	1.9781931216897e-111	RCOR3
RCSD1	2687.27883259401	0.207999851882892	0.0792304669019281	2.62525086644201	0.00865851468735749	0.00999307064737592	RCSD1
RCVRN	18.0285378450308	1.11668183440743	0.0819395986396502	13.6281096435231	2.7254896718433e-42	5.87915393443395e-42	RCVRN
RD3L	132.882974848123	8.68633336754259	0.174113838971317	49.888816528671	0	0	RD3L
RDH10	1130.30372031348	0.585649897476062	0.0402669954356957	14.5441667832236	6.36005234437564e-48	1.46122912892286e-47	RDH10
RDH11	1477.96881854492	-0.0646017498960109	0.0392151573713062	-1.64736684043706	0.0994826668110491	0.109121167830461	RDH11
RDH12	1263.17527154856	-8.3006457393032	0.169750739337148	-48.8990255460211	0	0	RDH12
RDH13	2261.14930387796	-0.168726927578058	0.0621737605948432	-2.71379639841269	0.00665170337908656	0.00771056169276432	RDH13
RDH14	1227.40698274808	0.776326129642659	0.0318686513141789	24.3601814833394	4.5222374190008e-131	2.10565948731075e-130	RDH14
RDH16	129.598010927729	-1.25247421956321	0.0675450055833275	-18.5428102158951	9.32208034135342e-77	2.82312867134426e-76	RDH16
RDH5	877.414026668675	0.152783456356153	0.0661251973384101	2.31051796449469	0.0208594951359335	0.0236918273671486	RDH5
RDM1	1.90920531885668	-0.781662585780327	0.139676697790365	-5.59622756083118	2.19066127243266e-08	2.9378003102928e-08	RDM1
RDX	5584.25899608607	-0.345926341522044	0.0533411928638384	-6.48516320969937	8.86357832074404e-11	1.25002564518735e-10	RDX
REC8	369.989278744078	0.93460284201124	0.0464678060875206	20.1129108667396	5.68855575345579e-90	1.93206966260298e-89	REC8
RECK	996.586072536542	-0.0874891703409334	0.0516753096957279	-1.69305555895229	0.0904448923236695	0.099438008105929	RECK
RECQL	810.039351738164	0.119067142297831	0.0238638801077122	4.98942928645337	6.05579366366648e-07	7.88444537390859e-07	RECQL
RECQL4	297.129415118355	-0.404967269240452	0.0498345199163715	-8.12624000231239	4.42811844020707e-16	6.8556429037729e-16	RECQL4
RECQL5	1476.26820630792	-0.518697268423553	0.0374143455288591	-13.8635932579246	1.05269704761281e-43	2.30558456674512e-43	RECQL5
REEP1	1070.08201588107	1.22875391975115	0.0697632469749457	17.6131985398047	1.95101983537711e-69	5.5386071686837e-69	REEP1
REEP2	308.169305699363	1.44564543637445	0.0514817005950202	28.0807630607736	1.68279105366609e-173	1.06287444761555e-172	REEP2
REEP3	1816.37510763138	-0.0131610434605006	0.0272124912346794	-0.483639786853778	0.62864153303061	0.646269345293205	REEP3
REEP4	1954.21882947741	-2.10534250503729	0.0821455655432112	-25.6294115344524	7.17370403105548e-145	3.68322436574529e-144	REEP4
REEP5	7927.09806626484	0.342482225699739	0.0227889720081563	15.0284192537146	4.78283302025079e-51	1.13343571876691e-50	REEP5
REEP6	425.643680079321	-0.998588069088459	0.0703829235559293	-14.1879310866497	1.0882211107355e-45	2.43827087557254e-45	REEP6
REG1A	117.660524049814	0.464156529768689	0.164518843351122	2.82129706430083	0.00478298887791049	0.00557488881062333	REG1A
REG1B	40.2768908298694	0.467153142348303	0.186577559381346	2.50380133547298	0.0122867002846759	0.014083857095291	REG1B
REG4	1.5192031335054	-0.330588676067126	0.169528528408548	-1.95004745909455	0.0511704626834384	0.0569682416206676	REG4
REL	533.930257382059	-1.38956496524921	0.0511154164457583	-27.1848507137522	9.81111747188229e-163	5.72293990963555e-162	REL
RELA	6208.32613966686	-0.43679813650969	0.0192206322081746	-22.7254822723218	2.5085956930429e-114	1.04120892484356e-113	RELA
RELB	973.977232187438	-0.291666056289083	0.0469651279004196	-6.21026854025616	5.28941324269697e-10	7.34398208883827e-10	RELB
RELL1	1337.57208776391	-0.19428507904047	0.0399263747571029	-4.86608364076196	1.13831359220693e-06	1.47352099621149e-06	RELL1
RELL2	99.745751998462	-0.590699452850623	0.0681880629656964	-8.66279854800668	4.60321454002971e-18	7.34010673532419e-18	RELL2
RELN	288.625687371656	-0.568024635482343	0.071167765390667	-7.98148757888124	1.44580130669022e-15	2.21685428634843e-15	RELN
RELT	742.794264674128	-1.69226688959436	0.0707048577293031	-23.9342379567933	1.34852173733523e-126	6.09611747708978e-126	RELT
REM1	239.816284222198	0.567598878037325	0.0509149065798902	11.1479901695726	7.32420043723825e-29	1.35710686639965e-28	REM1
REM2	78.1937453895976	-1.41503566657734	0.0602298319007218	-23.4939335196846	4.70482257846595e-122	2.06011946570094e-121	REM2
REN	6.05647106898885	-3.40161874363563	0.142961540058525	-23.7939430579936	3.85855404948176e-125	1.72737705657103e-124	REN
RENBP	387.151814390902	0.325468805847942	0.0542168183071607	6.00309675134432	1.93589179890534e-09	2.65791993532873e-09	RENBP
REPIN1	6881.92966397795	-0.115671941364104	0.0479853607300558	-2.41056729811458	0.0159277325127142	0.0181706770366543	REPIN1
REPS1	2101.18242098822	-0.0261778442535559	0.0267733451906622	-0.97775769397266	0.328194179557775	0.347519025071736	REPS1
REPS2	360.238410141287	0.350249947780113	0.0544035057327921	6.43800326950249	1.21055393560926e-10	1.70323443761938e-10	REPS2
RER1	4275.00593597167	-0.190317083614651	0.0132250170135986	-14.390687242138	5.92046660901094e-47	1.34597523906044e-46	RER1
RERE	19758.4421242689	-0.41169439065422	0.0487584317479076	-8.44355275376319	3.07835344843221e-17	4.84679790302005e-17	RERE
RERG	909.510555766998	-0.828646574073493	0.0577141352665435	-14.3577750969762	9.5235727420504e-47	2.16020454800465e-46	RERG
RERGL	383.479320541937	-1.66465628310917	0.072921188684677	-22.8281561660687	2.40905094235811e-115	1.00732464607174e-114	RERGL
REST	1412.17592478456	0.00126360058898231	0.0185617685820358	0.0680754413782117	0.945725579935774	0.949311669236819	REST
RET	221.741904085228	1.09167334574493	0.072468417132807	15.0641257107122	2.78829800888177e-51	6.62602672711296e-51	RET
RETN	13.2816704942551	1.41833180348645	0.101306862828678	14.0003526304533	1.55099248581228e-44	3.42738438092268e-44	RETN
RETSAT	6635.4512117387	-1.37507309971296	0.0487091118607458	-28.2303053203709	2.48403375109599e-175	1.58958732859861e-174	RETSAT
REV1	2414.56196004082	0.0347086261051121	0.0200697994403333	1.72939576243896	0.0837382879183651	0.0922843713002626	REV1
REV3L	3196.30743092347	-1.04633727950681	0.0325422803326618	-32.1531640933173	7.97704734321538e-227	6.94701641147654e-226	REV3L
REXO1	2610.97452068115	-0.406768177364239	0.0213457676477974	-19.0561512743822	5.84172106375164e-81	1.83776338463113e-80	REXO1
REXO2	2640.41750079686	1.27919167008869	0.0243412288302766	52.5524688588269	0	0	REXO2
REXO4	1765.21577492278	-0.513519871997693	0.0340747069670169	-15.0704119772699	2.53527190709442e-51	6.02633429283068e-51	REXO4
RFC1	2200.39061493894	-0.374152303186184	0.0159441956740729	-23.4663642390315	8.99877816737857e-122	3.93267797501776e-121	RFC1
RFC2	983.234684271101	-0.842620559260285	0.0232022476443521	-36.3163333215003	8.93738624575407e-289	1.0959256799034e-287	RFC2
RFC3	357.447147525653	-0.137264909078685	0.0290218311580562	-4.72971220634303	2.24838332656043e-06	2.88970071836459e-06	RFC3
RFC4	365.41165767481	0.00596154495876248	0.0212651269105855	0.280343728200131	0.779213804982833	0.791436421796309	RFC4
RFC5	341.481727108884	-0.529470952384769	0.0243418523493921	-21.751465122086	6.69085901401533e-105	2.57245094214631e-104	RFC5
RFESD	84.5403727483224	-0.481286788497732	0.0387212943406587	-12.429511892436	1.80734528104856e-35	3.61168099513267e-35	RFESD
RFFL	1060.02740430737	-0.907878074367881	0.0326934410830588	-27.7694254349484	1.0154853306805e-169	6.22819469764216e-169	RFFL
RFK	838.544803376678	0.695553546473627	0.0396968889038899	17.5216135490525	9.80059459034744e-69	2.76521164922953e-68	RFK
RFNG	2297.62029525016	-0.424753880464548	0.0221674537454313	-19.1611488329863	7.81295972954368e-82	2.48044247074984e-81	RFNG
RFPL2	1.98977184446945	0.124003339658812	0.122342818279461	1.01357269190544	0.310786693664583	0.329746037525413	RFPL2
RFPL4A	0.250257301912618	0.731255119836266	0.351846221713982	2.07833728119641	0.0376783049727367	0.0422347075044668	RFPL4A
RFPL4AL1	0.0831824355676758	0.705878349306254	0.69761869041066	1.01183979014486	0.311614661482079	0.330585544633363	RFPL4AL1
RFT1	698.710162911154	0.00156274415168783	0.0237039994427704	0.0659274463560817	0.947435589080739	0.950869092274887	RFT1
RFTN1	2435.88878601098	1.05043935091139	0.0412856691660938	25.4431954750554	8.39630553372868e-143	4.23960437342636e-142	RFTN1
RFTN2	281.263180549133	0.936520118624758	0.044789096385352	20.9095559903066	4.38292466607597e-97	1.57888787100327e-96	RFTN2
RFWD3	978.398950101143	-0.989284819714737	0.0379724944335645	-26.052668766482	1.25486053311854e-149	6.66531261630771e-149	RFWD3
RFX1	1148.7585879833	0.0777197986633533	0.0225928478753184	3.44001779201366	0.000581675946546243	0.000700525102949015	RFX1
RFX2	769.54988749481	-0.0247113684646439	0.0662747399381216	-0.372862548954791	0.709250746816725	0.723765458812237	RFX2
RFX3	798.472497038359	-1.03233103773521	0.0336216383758226	-30.7043644392286	4.97717450028449e-207	3.90728818925517e-206	RFX3
RFX4	3.56427391183996	0.379005617557822	0.12111016373539	3.12942866121377	0.00175146595582105	0.00207490218300327	RFX4
RFX5	1266.83678584107	0.085148503537062	0.0258815891431558	3.28992563269937	0.00100213864816723	0.00119800091683213	RFX5
RFX6	4.0464106851917	-1.71201482743358	0.160205666742539	-10.6863562459679	1.17912842293459e-26	2.12297366885833e-26	RFX6
RFX7	2055.07266751211	-1.67239022150101	0.0349833446593338	-47.8053267286666	0	0	RFX7
RFX8	78.8188082989318	-1.06636204499125	0.0894140744438019	-11.9261095260957	8.65235173214848e-33	1.6805242072767e-32	RFX8
RFXANK	1016.85273379152	-0.0368084703798563	0.0183894857263457	-2.0016041192018	0.0453273256402828	0.0506070327389897	RFXANK
RFXAP	295.565789180462	-0.100050594647974	0.0266853648485714	-3.74926838046697	0.000177351210528456	0.000216778647431435	RFXAP
RGCC	2675.39636671344	1.05016446542394	0.0563249361600256	18.6447519876508	1.39298859494644e-77	4.24284055797477e-77	RGCC
RGL1	1473.07299754904	0.355989476937347	0.0519171848349429	6.8568717288721	7.0384775284208e-12	1.01400267298202e-11	RGL1
RGL2	4915.06676737619	0.218525765580733	0.0206507196851884	10.5819927301357	3.61193293265949e-26	6.46177745187869e-26	RGL2
RGL3	804.82741415324	1.37226036011463	0.0632108421075452	21.7092561079934	1.6775066108835e-104	6.42488357956668e-104	RGL3
RGL4	92.2879756864139	-0.195124251196184	0.0300064023914382	-6.50275393400239	7.88627389009781e-11	1.11315624790756e-10	RGL4
RGMA	8499.34433860053	-1.5623425362007	0.0758473523657689	-20.5985111868692	2.83010532338518e-94	9.97742380067698e-94	RGMA
RGMB	903.994001398204	-0.710668973683734	0.0368188119808312	-19.3017899125514	5.18806221275508e-83	1.66204498828625e-82	RGMB
RGN	378.846839951271	1.9009778967586	0.0583992085740553	32.5514325138155	1.99832225129996e-232	1.79321031134848e-231	RGN
RGP1	2149.27285653338	-0.0298475501233113	0.0341712863686389	-0.873468730480814	0.382407642853571	0.402851046593511	RGP1
RGPD1	6.22142271317583	-0.281470749411136	0.0867522115882807	-3.24453687413728	0.00117641784783659	0.00140308074464364	RGPD1
RGPD2	24.2563655489512	-0.216312940262312	0.0783931143049512	-2.75933597204531	0.00579189551012585	0.00672731391649086	RGPD2
RGPD3	32.4614903208412	-0.795780100629686	0.0436955090462705	-18.2119425542568	4.14959010561218e-74	1.22594405861029e-73	RGPD3
RGPD4	57.1686937774464	-0.34977207589074	0.0521938393498192	-6.70140538132211	2.06424500786667e-11	2.94651291623249e-11	RGPD4
RGPD5	2.78905310822848	-0.742217481700787	0.0787959161775844	-9.41949174152671	4.53276796854566e-21	7.56133409339175e-21	RGPD5
RGPD6	1.51502196498134	-0.422970701197583	0.0747417221257543	-5.65909761198608	1.52170991056513e-08	2.04786932566409e-08	RGPD6
RGPD8	143.489532843703	-0.644172527244141	0.0397737077111061	-16.1959385814129	5.38694656504904e-59	1.37898784296712e-58	RGPD8
RGS1	717.961566847449	-1.14217920969621	0.0884671092256605	-12.910778024664	3.91326987085155e-38	8.04508576349917e-38	RGS1
RGS10	539.859910801506	-1.38830811552811	0.045737380376843	-30.353905363391	2.23134472018635e-202	1.6990878302908e-201	RGS10
RGS11	436.779038053488	2.11639763957018	0.0622148763395072	34.0175495651711	1.2258801915837e-253	1.24181594421486e-252	RGS11
RGS12	2976.47063528567	-1.19666657398898	0.0367082343586065	-32.5994043270681	4.18171429928424e-233	3.76375195507078e-232	RGS12
RGS13	31.0588705533231	-1.56288500609951	0.091039917334835	-17.1670301539421	4.68800468415957e-66	1.28641421218836e-65	RGS13
RGS14	617.59106833853	-1.36538626512429	0.0523350045273708	-26.0893502819934	4.81570530337051e-150	2.56320257734987e-149	RGS14
RGS16	583.144072835209	0.6330500845629	0.086499369940415	7.31855139521797	2.50662020276783e-13	3.7045706297228e-13	RGS16
RGS17	65.2093656309328	0.193876485359481	0.0609538929478493	3.1807071867478	0.00146916042647264	0.00174644105110837	RGS17
RGS17P1	5.42773430535754	-0.310562626291335	0.087986338246704	-3.52966872448483	0.000416080301881659	0.000503283262610653	RGS17P1
RGS18	21.133949772402	1.0099180543199	0.068302406864503	14.7859804753786	1.80410847824562e-49	4.20997624019957e-49	RGS18
RGS19	340.269256759212	0.0944175903213634	0.0477110633937904	1.97894541863538	0.0478221518536638	0.0533296094361171	RGS19
RGS2	1675.06141219964	-0.215800409197576	0.0732242531369083	-2.94711656251504	0.00320752271215296	0.00376171844038475	RGS2
RGS20	58.6247169908684	-3.5947852133913	0.126011109361238	-28.5275261174478	5.33864903523448e-179	3.49712595645036e-178	RGS20
RGS21	0.0732338187211319	0.623422377594495	0.635710498159434	0.980670256979369	0.326755375749333	0.346097294431524	RGS21
RGS22	77.7253639500527	-1.87711078224517	0.0895425908604461	-20.9633288941871	1.41813995862591e-97	5.13847371079409e-97	RGS22
RGS3	2882.379094447	1.86082671490969	0.0531764891379725	34.9934105292579	2.83388507593279e-268	3.11053446657721e-267	RGS3
RGS4	94.4842473025297	3.66037414086097	0.081995411248988	44.6412071737264	0	0	RGS4
RGS5	17255.2913342033	1.73069123120906	0.0574834788691826	30.1076285787724	3.85015766144036e-199	2.8793804762604e-198	RGS5
RGS6	426.704572597489	2.12679231763206	0.0614874009697918	34.5890749013271	3.68798327421845e-262	3.9212868824103e-261	RGS6
RGS7	2.64323345585802	-1.31279308830075	0.140747298705693	-9.3273057484808	1.08596238065115e-20	1.80236112982679e-20	RGS7
RGS7BP	44.6002698665966	1.32099888778773	0.0661873065312384	19.9584929047424	1.26469085481339e-88	4.24495619569192e-88	RGS7BP
RGS9	152.770581099323	-0.779315711437264	0.0436396293938548	-17.8579818908133	2.50535283000161e-71	7.24596020129483e-71	RGS9
RGSL1	1.12059915477826	-1.03960430711874	0.153312508247581	-6.7809490497664	1.19388979578112e-11	1.71244702899251e-11	RGSL1
RHAG	11.5924439537175	3.0914267357263	0.0834957508142487	37.0249588222008	4.54318475774403e-300	5.87935793128328e-299	RHAG
RHBDD1	1067.31219104039	0.0200635271203456	0.0152405388893633	1.31645785401646	0.188020415336591	0.202763456001258	RHBDD1
RHBDD2	2591.29261289962	0.0740169010786281	0.0252749538025181	2.92846830332302	0.00340636561900762	0.00399179659577867	RHBDD2
RHBDD3	819.666565703743	0.223640526538895	0.0254740713871992	8.77914343332158	1.64724347261688e-18	2.64514092333421e-18	RHBDD3
RHBDF1	3514.47730296324	0.200915644544693	0.0266388569891298	7.54220215329351	4.62100662519392e-14	6.92151275254749e-14	RHBDF1
RHBDF2	1910.98707141119	-0.618200799916689	0.0409654362365333	-15.0907901077195	1.86199182082154e-51	4.431215595797e-51	RHBDF2
RHBDL1	110.748746617479	0.894309007394175	0.0630230246648544	14.1901949668388	1.05365388285382e-45	2.36111335058529e-45	RHBDL1
RHBDL2	272.427664437708	-2.87164606080902	0.107058347652747	-26.8231868300775	1.73381762432754e-158	9.80227734155779e-158	RHBDL2
RHBDL3	63.8895371534957	2.05490592543696	0.0646078975238331	31.805800903503	5.38156352922902e-222	4.5889874509546e-221	RHBDL3
RHBG	168.666510195842	-6.3903564070833	0.191012669346556	-33.4551442527052	2.1665172211647e-245	2.10013336016078e-244	RHBG
RHCE	42.5918009969893	0.290077276552018	0.0639281972123902	4.53754820565779	5.6912023785607e-06	7.24418993186757e-06	RHCE
RHCG	426.526908530708	-2.76178635610564	0.12656015712457	-21.8219257849631	1.43679743554501e-105	5.55255273448813e-105	RHCG
RHD	21.4084432322769	0.00617971535662449	0.07281363575816	0.0848703033748998	0.932364501055883	0.936526610317892	RHD
RHEB	4421.10139469613	-0.0395905548042629	0.0361052467128556	-1.09653190072695	0.272846070767007	0.290793494368081	RHEB
RHEBL1	47.6164757216344	-0.131353158109028	0.0600829620960609	-2.1861964444932	0.0288012362887369	0.0324945819137294	RHEBL1
RHEBP1	0.492907051787122	-0.182383043892742	0.101855591054205	-1.79060414853105	0.0733568408504965	0.0810816954531369	RHEBP1
RHEBP2	8.53434723455949	-0.670619788235028	0.0654973993666792	-10.2388765770782	1.32769027850187e-24	2.328956607222e-24	RHEBP2
RHNO1	529.417550783301	-1.06241098025272	0.0347043921651038	-30.6131562598292	8.17904695050574e-206	6.35438170720992e-205	RHNO1
RHOA	21636.3432904942	-0.246973191830071	0.0179631630127964	-13.74886993199	5.17312464798969e-43	1.12424745609637e-42	RHOA
RHOB	30410.1380402602	-0.566140644629657	0.0403831703665677	-14.0192223515555	1.1891047922264e-44	2.63123237429225e-44	RHOB
RHOBTB1	3562.58944619575	-1.51052765929388	0.0833279159644499	-18.1275103524527	1.93315544400815e-73	5.68792598031884e-73	RHOBTB1
RHOBTB2	1602.25895930864	1.10015481026489	0.0435986926485345	25.2336651269261	1.71163728808548e-140	8.50667664904107e-140	RHOBTB2
RHOBTB3	3677.25933740651	0.190902685384509	0.0396469854419161	4.81506180751591	1.47154336201235e-06	1.89955195837822e-06	RHOBTB3
RHOC	7449.04820895352	1.22001741665358	0.0376349245261919	32.4171612408712	1.57297902571329e-230	1.39897210681151e-229	RHOC
RHOD	1410.00619460916	0.526155702461571	0.056596284132595	9.29664748358534	1.44943826993466e-20	2.40008631193946e-20	RHOD
RHOF	73.8889232365906	0.786162774850048	0.0377981244757125	20.7989889909803	4.42028098701164e-96	1.57656980477901e-95	RHOF
RHOG	2108.7463475197	-0.0699585466367026	0.0244835687023759	-2.85736721991488	0.00427171316607035	0.00498897740235077	RHOG
RHOH	76.9585879469692	-1.94742060394108	0.0824596341472427	-23.6166534581478	2.59939239327971e-123	1.14882549647503e-122	RHOH
RHOJ	1203.15946533429	1.16009231146036	0.0471235429469747	24.618104643909	8.08449129706663e-134	3.8337441474841e-133	RHOJ
RHOQ	8982.24301598257	1.13928734245683	0.0504435531199284	22.5853904412364	6.03236610928706e-113	2.47919229071407e-112	RHOQ
RHOQP1	8.16160454671736	-0.0678916167978282	0.0525534422524736	-1.29185860883609	0.196406114120099	0.211377882355369	RHOQP1
RHOQP3	3.40157898838496	1.0641791951155	0.101775275932329	10.4561661500488	1.37299241694705e-25	2.44028796380962e-25	RHOQP3
RHOT1	2552.93456561586	-0.264290228544033	0.0255078091497216	-10.3611496774476	3.72457961765091e-25	6.5828333527083e-25	RHOT1
RHOT1P1	4.8513472865739	-3.28879208436842	0.138527448477244	-23.7410861206231	1.35825605312342e-124	6.05947142807303e-124	RHOT1P1
RHOT1P2	1.77863754703863	-2.31210440773903	0.170256413758948	-13.5801310311432	5.25323762328138e-42	1.12898197775416e-41	RHOT1P2
RHOT1P3	0.648918907343929	-0.610192023145049	0.186539030008972	-3.27112252656026	0.00107121487863907	0.00127972783583634	RHOT1P3
RHOT2	5798.56451538715	0.55696413526203	0.0181295509760395	30.721341968046	2.95317952081807e-207	2.31937977985367e-206	RHOT2
RHOU	2785.48673560116	-2.34940522846426	0.061951350529737	-37.9233900209573	0	0	RHOU
RHOV	2279.26852559234	-7.91915594099463	0.152111754738166	-52.0614330866545	0	0	RHOV
RHOXF1	18.798127093375	-0.386585756950935	0.0889790417524402	-4.34468330223767	1.39476737053252e-05	1.75870043688399e-05	RHOXF1
RHOXF2	0.837226179026953	-0.290337520276343	0.169268405039723	-1.71524934147166	0.086299522022061	0.0949964958062203	RHOXF2
RHPN1	558.632769159511	-1.32515537743739	0.0724833112203667	-18.2822135899476	1.14675955776574e-74	3.40696794839762e-74	RHPN1
RHPN2	650.029526989719	-2.32245217850567	0.0969463029885534	-23.9560675024388	7.98826649034279e-127	3.62208526681765e-126	RHPN2
RIBC1	45.5129593680699	0.0789678444662524	0.0415365998676072	1.90116294347522	0.0572806731833553	0.0636212376117467	RIBC1
RIBC2	14.0201119923226	-2.14103655545645	0.119728465880854	-17.8824353899854	1.6162044798609e-71	4.68264877546694e-71	RIBC2
RIC3	1138.74034376236	-0.0895878579318431	0.0456331384823261	-1.96321929438495	0.0496206983626882	0.0552907577361034	RIC3
RIC8A	3294.96295035142	0.202229028337166	0.0162956066162897	12.410033765482	2.30555538616059e-35	4.6026730072393e-35	RIC8A
RIC8B	972.156458180437	0.660911828630641	0.0288438800406184	22.9134162151533	3.41487135986884e-116	1.43691209324448e-115	RIC8B
RICTOR	3155.48752219667	-0.324469395529854	0.0245432852983333	-13.2202918878138	6.70034267314497e-40	1.40361769416132e-39	RICTOR
RIF1	4138.61102960051	-1.36295842572474	0.031433886074048	-43.3595268021922	0	0	RIF1
RILP	1805.38747705983	1.23435818040284	0.0619002549300615	19.9410839551063	1.79140616422835e-88	6.00504699483695e-88	RILP
RILPL1	1794.17500161172	1.02470365313233	0.0616148803404632	16.6307821660963	4.17113390824216e-62	1.1040226655237e-61	RILPL1
RILPL2	704.263260382502	-0.176339540020898	0.0444678432355726	-3.96555189525884	7.32263177486084e-05	9.06254345680783e-05	RILPL2
RIMBP2	126.788598242492	-4.09293629302635	0.0880955873349809	-46.4601737367739	0	0	RIMBP2
RIMBP3	4.44342753439112	-0.841623931006071	0.116817101831659	-7.20462944046416	5.82019108441588e-13	8.55189451559631e-13	RIMBP3
RIMKLA	267.375093532401	2.81832043434399	0.0582852002620726	48.3539632989462	0	0	RIMKLA
RIMKLB	2794.593308956	-0.282500983803092	0.0423513163506244	-6.67041802111368	2.55075827565348e-11	3.63548691370057e-11	RIMKLB
RIMKLBP1	7.96635338413553	-0.71079888500375	0.0793175848866315	-8.96142874268921	3.20498285218034e-19	5.20882054190126e-19	RIMKLBP1
RIMS1	41.5091002097	-0.112183554889759	0.0759647258694397	-1.47678483145675	0.139733323864307	0.151938360790178	RIMS1
RIMS2	15.270673562813	-1.94091013711086	0.100570441337648	-19.2990118298735	5.47461275684556e-83	1.75322014296347e-82	RIMS2
RIMS3	272.51810419733	-0.512714146764693	0.0588118273572685	-8.71787478477876	2.83472198227577e-18	4.53500092454196e-18	RIMS3
RIN1	1159.35116177668	-1.75453277602996	0.0639442239137792	-27.4384873041189	9.53310782103742e-166	5.66354699295362e-165	RIN1
RIN2	2660.03259416029	0.332686574344085	0.033365521308251	9.97096887144437	2.0422676755708e-23	3.52202150104904e-23	RIN2
RIN3	1212.80931649871	0.967982120558564	0.0379358147394456	25.51631294087	1.29941722498948e-143	6.61504792619788e-143	RIN3
RING1	2203.74470131953	0.137014708118914	0.0147049372612705	9.31759895907746	1.19002724340511e-20	1.97380267285869e-20	RING1
RINL	186.630308466001	0.304131831483112	0.0322453182320608	9.43181361382007	4.03058578787138e-21	6.72860750880764e-21	RINL
RINT1	971.797349018739	-0.604250271631159	0.0236929432056209	-25.5033858135365	1.80794375313711e-143	9.1882539526316e-143	RINT1
RIOK1	1191.86513816263	-0.582954603601685	0.0233574369637709	-24.9579868076232	1.74895901219244e-137	8.5181307301072e-137	RIOK1
RIOK2	950.344847488254	-0.238654673270686	0.0245432959714087	-9.7238233018378	2.38648590176892e-22	4.05045565884805e-22	RIOK2
RIOK3	5809.01949683236	-0.937784255949646	0.0314321121031066	-29.8352287900169	1.36486176923661e-195	9.96708994240497e-195	RIOK3
RIPK1	2527.94452605342	-0.458364498904729	0.02616190560585	-17.5203024508366	1.00290823134089e-68	2.82879208279024e-68	RIPK1
RIPK2	570.667912604446	0.061355854029427	0.0576059044233947	1.06509661888946	0.286832209172087	0.305175636698785	RIPK2
RIPK3	453.368905849232	-0.379098418142159	0.0532988684076903	-7.11269168497882	1.13801315920881e-12	1.66358412204951e-12	RIPK3
RIPK4	922.314069214653	-5.7120445575813	0.14256944220866	-40.064998986398	0	0	RIPK4
RIPPLY2	0.884138868457488	0.547283831887032	0.141191955861317	3.87616864252939	0.000106114150852367	0.000130555726163178	RIPPLY2
RIT1	1037.93331452347	0.335775402813257	0.0257776483172758	13.0258353547412	8.72410526289989e-39	1.80467270555574e-38	RIT1
RLBP1	2.73171782770458	-1.3896662089177	0.138552729552984	-10.029872478162	1.12662013904345e-23	1.95134120301367e-23	RLBP1
RLF	2026.30823867774	-0.840105956640761	0.0250424342466973	-33.5472960960877	9.85861881911064e-247	9.60828356052033e-246	RLF
RLIM	2721.19546105977	-0.280218078792387	0.022172669233208	-12.6379948144766	1.30335524082063e-36	2.63555354864212e-36	RLIM
RLIMP1	5.04164946214367	-1.59130841339482	0.102400423614573	-15.5400569375024	1.85818269841299e-54	4.5509043202901e-54	RLIMP1
RMDN1	3181.7104547752	0.556828208186848	0.0385644587189651	14.4388959856712	2.9452194143813e-47	6.7152494842657e-47	RMDN1
RMDN2	227.816782535458	0.0468104525650278	0.0315553221577026	1.48344080694488	0.137957332313019	0.150052564288015	RMDN2
RMDN3	1779.09498979148	-0.294099020584105	0.0202650607411613	-14.5126148073539	1.00803469664125e-47	2.31125112396371e-47	RMDN3
RMI1	294.571839555223	-0.0685812949187366	0.0285465266627467	-2.40243920841814	0.0162861412601209	0.0185760251440525	RMI1
RMI2	155.727714787348	-1.77391410493927	0.0867743689421844	-20.4428349818503	6.95777737402289e-93	2.42163477397112e-92	RMI2
RMND1	736.22007605247	0.150246121859513	0.0209008224386177	7.18852678169778	6.54941415161731e-13	9.61474507774125e-13	RMND1
RMND5A	6393.4427106023	-0.121621136076373	0.0466575736498718	-2.60667511322048	0.00914260616512061	0.0105423133417677	RMND5A
RMND5B	2868.32205346053	-0.212672332035584	0.026534407391982	-8.01496445327993	1.10168873535217e-15	1.69311866516472e-15	RMND5B
RMRP	0	NA	NA	NA	NA	NA	RMRP
RN7SL1	192.700805802116	0.380799803068884	0.0503415100414806	7.56433016719425	3.89868334820371e-14	5.84396693738155e-14	RN7SL1
RN7SL3	2.32238750472918	1.02885322934882	0.102271807634911	10.059988702083	8.30078728873221e-24	1.44021659744066e-23	RN7SL3
RN7SL4P	1.32060108366778	0.102232416997063	0.101568004359646	1.0065415545142	0.314155132814224	0.333182498426256	RN7SL4P
RNA5S9	0.0518783612696383	0.608169005448592	0.792567136866382	0.767340679621344	0.442878987963882	0.463557661491909	RNA5S9
RNA5SP202	0.0633779372942166	0.617031007997258	0.593444466779694	1.03974515314896	0.298458316672848	0.317039310659031	RNA5SP202
RNASE1	5360.94023048272	1.11413363493897	0.0532541769539538	20.9210563126777	3.44400866990158e-97	1.24189903980165e-96	RNASE1
RNASE2	25.6023872146916	1.23527698006371	0.0853857106949874	14.4670222922467	1.95765455508898e-47	4.47318350420877e-47	RNASE2
RNASE3	4.91647241001442	0.436254748405214	0.102423191046291	4.25933564409302	2.05035394829403e-05	2.57452716400954e-05	RNASE3
RNASE4	2294.53125292478	-1.15543777594253	0.0589427172770956	-19.6027232764092	1.46566268555599e-85	4.79088324000244e-85	RNASE4
RNASE6	152.151260845235	0.0110802542753701	0.0657454240904121	0.16853270670416	0.866164215414404	0.874324120544759	RNASE6
RNASE7	254.699415701257	-5.93649568179851	0.129819767847356	-45.7287497908542	0	0	RNASE7
RNASE8	0.590472170064871	-0.0644176104999322	0.164828091995307	-0.390816939759069	0.695932552728215	0.710980810536924	RNASE8
RNASEH1	2376.66446412645	-0.131269550337238	0.0251608828877283	-5.21720763627344	1.81640606088968e-07	2.39066502172078e-07	RNASEH1
RNASEH1P1	0.103323605199989	0.702380532749998	0.380510850711183	1.84588831418929	0.0649084237830581	0.0718848613583628	RNASEH1P1
RNASEH2A	1.85909362422111	-1.08089578625619	0.115696936947756	-9.34247539106653	9.4107720266642e-21	1.56348230043362e-20	RNASEH2A
RNASEH2B	954.497805927492	0.550698965205898	0.0193141645223533	28.5126992973754	8.1527379270802e-179	5.33275564772422e-178	RNASEH2B
RNASEH2C	1455.70693783511	0.704745507834357	0.0250990426809118	28.0785811950639	1.78925143018323e-173	1.12932380766929e-172	RNASEH2C
RNASEK	4770.91370074784	0.0522032428874341	0.0183298643088541	2.84798850705173	0.00439965133882479	0.00513473312695702	RNASEK
RNASEL	467.855994252968	-0.0630828557523594	0.0364938468132203	-1.7285888241715	0.0838827112363309	0.092426558423529	RNASEL
RNASET2	863.640784380612	-0.124607873104826	0.0505410341587744	-2.46547929180419	0.0136830084207383	0.0156544956515641	RNASET2
RND1	149.196772278566	0.0764863883498959	0.104517121858637	0.731807257889729	0.464286218497168	0.484836768718385	RND1
RND2	164.710457555042	-0.750886144467244	0.0732672684847903	-10.2485893086505	1.20083274988683e-24	2.10722629815962e-24	RND2
RND3	2512.21683736165	-0.54783312805148	0.053655003114316	-10.2102897447286	1.78331508955265e-24	3.12270962325264e-24	RND3
RNF10	16596.4595452362	0.0135528981723067	0.0464361309205654	0.291861055252225	0.770392861059434	0.783095707941209	RNF10
RNF103	1749.7876880153	0.629206248973464	0.0199596643615288	31.5238892586905	4.08864046764239e-218	3.41688101476465e-217	RNF103
RNF11	5961.04824785282	-0.220812679352981	0.0366714439806188	-6.02137945453368	1.72936795703368e-09	2.37690712335369e-09	RNF11
RNF111	1724.23631929751	-0.610708961705677	0.0182267119088027	-33.5062607430982	3.90698494683358e-246	3.79544716826504e-245	RNF111
RNF112	211.560319646095	0.863682514596352	0.04472563552795	19.3106817689962	4.36768818696338e-83	1.39972859272793e-82	RNF112
RNF113A	586.216829518681	-0.420508546364255	0.0226193019153441	-18.590695147802	3.82192341973038e-77	1.16037179083432e-76	RNF113A
RNF113B	1.41098711077711	-0.0981203483868444	0.172329240743867	-0.569377245343296	0.569100155531298	0.588757005730971	RNF113B
RNF114	3850.02677995099	-0.24458128788118	0.0351450393916387	-6.95919800105185	3.42215263753203e-12	4.95951772226182e-12	RNF114
RNF115	6484.44470439161	0.470616938714653	0.0537620931294498	8.75369449588744	2.06479565259258e-18	3.31091987727767e-18	RNF115
RNF121	1041.53907052476	-0.164023528816133	0.0215289849270323	-7.61873025468012	2.56183182625421e-14	3.84809201471979e-14	RNF121
RNF122	1326.73367034927	0.57901688408461	0.0589340651765452	9.82482512194067	8.80266787054354e-23	1.50395619151152e-22	RNF122
RNF123	5526.05404722988	-1.57069673688489	0.0730681086521241	-21.4963376753455	1.68469803954417e-102	6.35104699682398e-102	RNF123
RNF125	744.427350804774	-0.347882893933033	0.0466582645956719	-7.45597584795948	8.92050866140555e-14	1.32873873739314e-13	RNF125
RNF126	2838.98491435429	-0.719159145205575	0.029905394540965	-24.0478066330293	8.80071550813763e-128	4.01169105753318e-127	RNF126
RNF128	326.77898993785	-4.34030473667236	0.070197065416358	-61.8302875045962	0	0	RNF128
RNF13	2430.89197259798	-0.478783223024768	0.01413336610639	-33.8760928869096	1.4987827897287e-251	1.50053331467778e-250	RNF13
RNF130	2812.08777805321	-0.0559623794650434	0.0313379127537939	-1.78577239348107	0.0741361183313665	0.0819178850950174	RNF130
RNF133	6.22383888686771	0.266363375100183	0.0933536296675892	2.85327282986898	0.00432714535516437	0.0050514230569594	RNF133
RNF135	1126.08083522386	-1.08342704746892	0.044328816327292	-24.4406942759237	6.32023201336075e-132	2.95969033487271e-131	RNF135
RNF138	661.007936288994	-0.431283981067942	0.0273514709583587	-15.7682188912089	5.1481201596563e-56	1.28052108600212e-55	RNF138
RNF138P1	5.44637751209768	-0.357842938608479	0.102245396982403	-3.49984399464033	0.00046553051877564	0.000562605899193037	RNF138P1
RNF139	1606.67231219194	-0.206113609267538	0.0190840849759156	-10.8002877543071	3.43126524902063e-27	6.21765711169926e-27	RNF139
RNF14	2652.35633814378	0.619586027425933	0.0321374958386476	19.2792254423519	8.02694380795149e-83	2.56693934068102e-82	RNF14
RNF141	3215.16000507997	-1.13761569763155	0.0320521735912659	-35.492622501631	6.3881913214281e-276	7.30583430603731e-275	RNF141
RNF144A	1361.16375663437	0.431758434235168	0.0393414979901269	10.974631274679	5.06119203590909e-28	9.26538369148781e-28	RNF144A
RNF144B	3226.26969088073	-1.2130678813082	0.0438970312836111	-27.6343945327597	4.29846195735734e-168	2.60176912220543e-167	RNF144B
RNF145	2966.13861230433	0.0685700064568236	0.0375853107880838	1.82438311720874	0.0680941725385964	0.0753434876063233	RNF145
RNF146	3537.72433699796	-0.284007148080333	0.0371083908102938	-7.65344823310284	1.95660424670909e-14	2.94390112378889e-14	RNF146
RNF148	5.81348225134977	0.461204994349733	0.0953875348658853	4.8350656613381	1.33101693092333e-06	1.71950881107728e-06	RNF148
RNF149	1957.00533193478	-0.572938001025261	0.0364638815982757	-15.7124797446785	1.24223641551074e-55	3.07670579466274e-55	RNF149
RNF150	1736.35324352475	1.99240040541279	0.0660047581846748	30.1857087308502	3.64828931224135e-200	2.74552073200905e-199	RNF150
RNF152	2161.44429749221	-0.287198330939293	0.0590086525246223	-4.86705455304973	1.13273769319454e-06	1.46661952205962e-06	RNF152
RNF157	2043.02295586758	-2.66636947502593	0.105900241845266	-25.1781245119518	6.95595332014793e-140	3.43994823395557e-139	RNF157
RNF165	230.572434705609	0.173433708841746	0.0628098703814721	2.76124927162572	0.00575807097137953	0.00668888974934195	RNF165
RNF166	998.965402796044	0.345750995540225	0.0249894858758382	13.8358586990589	1.5487586018074e-43	3.3838091505201e-43	RNF166
RNF167	5348.15495398954	-0.09833580570617	0.0250102295298152	-3.93182340005884	8.43039884052925e-05	0.000104120486811916	RNF167
RNF168	1488.59597798749	-0.385162034870282	0.0259324089843254	-14.8525358790651	6.69860157555156e-50	1.56905044842555e-49	RNF168
RNF169	787.351506235402	-0.905641637068735	0.0241341831365346	-37.5252658001822	0	0	RNF169
RNF17	6.2352144039242	-0.0691281967831745	0.194648149715688	-0.355144381717197	0.722481429122385	0.736515358796695	RNF17
RNF170	1007.9631503786	-0.265800736308392	0.0221253892293225	-12.0133812586732	3.02229985310884e-33	5.89558080362075e-33	RNF170
RNF175	45.1397165151089	0.279215825481694	0.0679847079869452	4.10703868192404	4.00764133944154e-05	4.99422303574158e-05	RNF175
RNF180	361.772344966008	0.250680484656478	0.0288214129910179	8.69771668497316	3.38628702358321e-18	5.40922466159565e-18	RNF180
RNF181	2126.55050791632	0.0517827131844254	0.0240948383649503	2.14912058757578	0.0316248421719037	0.0355977228574561	RNF181
RNF182	33.7990129340968	-2.48771392929627	0.0720267800912801	-34.5387358166444	2.10404990710686e-261	2.22532328894422e-260	RNF182
RNF185	2200.32404360819	-0.443128545464493	0.0189249391995854	-23.4150578129308	3.00219504789153e-121	1.30790205849698e-120	RNF185
RNF187	6337.28782688397	-0.355432957993714	0.0272924518569801	-13.0231230179055	9.03966894073122e-39	1.8695206870646e-38	RNF187
RNF19A	3941.87004509271	-0.307587803611259	0.0225810082364119	-13.6215265674131	2.98267163287791e-42	6.43083867091092e-42	RNF19A
RNF19B	1380.88963085007	-0.634151405637921	0.027048417869679	-23.4450461647443	1.48503712634696e-121	6.48366561032538e-121	RNF19B
RNF2	552.91742058771	-0.321663942178235	0.0199072793220259	-16.1581066390292	9.95732034960493e-59	2.54351814407887e-58	RNF2
RNF20	2722.25224503511	-0.221816995949145	0.0298274769722048	-7.43666640513538	1.03257871157954e-13	1.5369149484987e-13	RNF20
RNF207	1403.01157689899	3.86364306925854	0.0537348525453958	71.901994445681	0	0	RNF207
RNF208	663.469307831433	1.65719120181145	0.0364929242952377	45.4113018842863	0	0	RNF208
RNF212	115.236638483896	-1.37225390844313	0.0626315952140634	-21.909930662839	2.08899960100876e-106	8.11657280763192e-106	RNF212
RNF213	6912.87987566737	-0.158542628926572	0.0221551651689229	-7.15601205036196	8.30578454791469e-13	1.21673525103363e-12	RNF213
RNF214	1000.62826371428	-0.507601587573932	0.0225831377150512	-22.4770177633742	6.96649543189566e-112	2.83783399569029e-111	RNF214
RNF215	561.452307477962	0.0936013332334557	0.0241220691998802	3.88031940617767	0.000104319378880915	0.000128382658045762	RNF215
RNF216	3194.26637980716	0.0601553822039591	0.0179329119741469	3.35446815836059	0.000795177042364456	0.000952867923019742	RNF216
RNF216P1	321.236084209586	0.195664877231322	0.021600871956704	9.05819346661124	1.32628855110084e-19	2.1664718882365e-19	RNF216P1
RNF217	1912.90782982465	-0.885925302301675	0.0269735368386733	-32.8442394336467	1.37651834306256e-236	1.2713548842211e-235	RNF217
RNF220	3081.98988120093	0.0636925286652143	0.0196211813558502	3.24611079782023	0.00116993296874802	0.00139562381513805	RNF220
RNF222	230.380313902417	-7.31825228997793	0.169535996203311	-43.1663626242638	0	0	RNF222
RNF224	19.6838634572014	-1.21884547150095	0.0841172604355286	-14.489837938019	1.40473857701121e-47	3.21386618261041e-47	RNF224
RNF24	612.628854683992	-0.200521312755777	0.0576734367400014	-3.47684001665707	0.000507360458653703	0.000612336280001697	RNF24
RNF25	1057.77341862741	-0.293726476889485	0.0180421743586822	-16.2799932563637	1.36884028927032e-59	3.53015674028009e-59	RNF25
RNF26	920.431218701851	0.0594538359663397	0.029501481363545	2.01528307116831	0.0438749976766314	0.0490159395008404	RNF26
RNF2P1	0.323833748538418	0.0634191726558471	0.240248257133623	0.263973497300229	0.79180034071034	0.803449714381444	RNF2P1
RNF31	3629.60788172398	-0.413753219969521	0.0278502950760032	-14.8563316417436	6.32975552626973e-50	1.48303955783394e-49	RNF31
RNF32	51.0747263984342	-1.05153019786185	0.0322791903252006	-32.5761020418444	8.94240102097809e-233	8.03254295302528e-232	RNF32
RNF34	1380.17933902839	-0.414583871707902	0.0405530006157566	-10.223260064924	1.56004227881065e-24	2.73307260933046e-24	RNF34
RNF38	2317.07883771683	-0.293410789348798	0.017340476576818	-16.9205723988608	3.17331403788445e-64	8.55644487656651e-64	RNF38
RNF39	1590.50969706539	-6.68273970673153	0.119900194163209	-55.7358539189262	0	0	RNF39
RNF4	2985.8715995694	-0.1104604473802	0.0169286758316501	-6.52504947691667	6.79790905327116e-11	9.60681974325022e-11	RNF4
RNF40	2134.18048292052	-0.335881358719432	0.0204808605702125	-16.3997678499867	1.91970224708603e-60	4.99083768772323e-60	RNF40
RNF41	2490.17497648401	0.406357165611377	0.0273988506579686	14.8311756096671	9.2105653549386e-50	2.15519806257962e-49	RNF41
RNF43	711.872152344725	-0.97426583942956	0.112933636142954	-8.62688807961793	6.30438132864567e-18	1.00305080693787e-17	RNF43
RNF44	2836.34781073764	-0.218529471573885	0.0322035936655659	-6.78587221796773	1.15387247087927e-11	1.65570811863673e-11	RNF44
RNF5	2254.19752896618	0.511901652595029	0.0290799093118363	17.6032754127838	2.32481617835546e-69	6.59558960229733e-69	RNF5
RNF5P1	60.9288274681168	0.335606312499992	0.0713802207642745	4.7016709798124	2.58041059330182e-06	3.31335837720423e-06	RNF5P1
RNF6	1770.8868905534	-0.435382574430955	0.0296412178018222	-14.6884172351444	7.64793780510489e-49	1.77410474780532e-48	RNF6
RNF7	3156.06933299988	0.0126251576519503	0.0300861134893076	0.419634049989116	0.674752809994247	0.690716064380201	RNF7
RNF8	1002.48070285968	0.0368603468100169	0.0201315897298609	1.83097049486074	0.0671049471063734	0.0742763421792921	RNF8
RNFT1	548.779809708566	-0.428200344053916	0.0276918720954721	-15.4630334336959	6.1626725781268e-54	1.5009372084814e-53	RNFT1
RNFT2	39.6216775162301	0.800686390567975	0.0525824244389706	15.2272627044287	2.3315052702731e-52	5.59890960114541e-52	RNFT2
RNGTT	762.139889646311	-0.160730463390724	0.0203231571730793	-7.90873494811291	2.6001754443539e-15	3.9686076118208e-15	RNGTT
RNH1	11892.13837547	-0.240395302037698	0.0283880736368263	-8.46817945849787	2.49258081839049e-17	3.93380214903096e-17	RNH1
RNLS	384.243986599277	0.597505852718662	0.0362112915467317	16.5005396713775	3.63628219142168e-61	9.53762432285905e-61	RNLS
RNMT	2730.70132250516	-0.188545042083698	0.022316752127473	-8.44858790413276	2.94847215349942e-17	4.64555336850267e-17	RNMT
RNPC3	2000.95242687579	-0.42429994201579	0.0313584697709258	-13.5306328757528	1.0313191745827e-41	2.20746450198136e-41	RNPC3
RNPEP	1996.37796836005	-0.32246633008677	0.0325766856284688	-9.89868440775223	4.21786818256198e-23	7.24759881197959e-23	RNPEP
RNPEPL1	6295.14991397462	0.527787133776384	0.0325500313356474	16.2146428780354	3.97380700207455e-59	1.01898147926416e-58	RNPEPL1
RNPS1	7658.09457515675	-0.438911909135537	0.0283046092713374	-15.5067291312161	3.12392143832019e-54	7.62904759343397e-54	RNPS1
RNPS1P1	17.0015779760767	-0.44641545414125	0.0531763653593217	-8.39499749794377	4.65904169844033e-17	7.31699612751914e-17	RNPS1P1
RNU2-59P	0.0528416485988368	0.467241055432481	0.525945028173095	0.888383824171651	0.374334323499842	0.394681201740798	RNU2-59P
RNU4-2	7.80315607335851	-0.922614651005381	0.0943749233251049	-9.77605722472628	1.42660023817133e-22	2.42907972827489e-22	RNU4-2
RNU4ATAC	2.57704824061635	0.303025279019893	0.109781062950775	2.76026912907346	0.00577537624439836	0.00670855957768696	RNU4ATAC
RNU5A-1	0.638236982111439	-1.04157081042789	0.16870027543621	-6.17409075198418	6.6545311310763e-10	9.2244120507088e-10	RNU5A-1
RNU5B-1	0.599883581195325	-0.750484849361596	0.1682996627941	-4.4592177839343	8.22593058215291e-06	1.04285496449986e-05	RNU5B-1
ROBO1	1577.16948908406	-0.937489253550919	0.0505996400505433	-18.5275874020937	1.23710649718029e-76	3.74271496735166e-76	ROBO1
ROBO2	86.3312572689698	-2.75075379678906	0.106253608471137	-25.8885682695312	8.95785560703069e-148	4.6984370274522e-147	ROBO2
ROBO3	637.864254481784	0.218540880555264	0.060544846484856	3.60957031429467	0.00030670463046026	0.000372486172777975	ROBO3
ROBO4	2750.73544751318	0.961637207716114	0.0566984347032255	16.9605600710068	1.60804374073371e-64	4.34695830859703e-64	ROBO4
ROCK1	3018.20990111391	0.0968673664015482	0.0246506855527438	3.92960131653484	8.50868200318473e-05	0.000105072912629024	ROCK1
ROCK1P1	40.5139445530439	0.315538764547078	0.07287262042618	4.33000436517469	1.49106386090839e-05	1.87801851106997e-05	ROCK1P1
ROCK2	5934.54295903758	-0.96071360833581	0.0449845475636326	-21.356524859494	3.39121440621118e-101	1.26518653940326e-100	ROCK2
ROGDI	1841.72387593233	2.21335968160561	0.0545619453957182	40.5659964202689	0	0	ROGDI
ROM1	175.967733272716	-0.414358500069335	0.0398986332854527	-10.3852805459483	2.89317463559005e-25	5.11994068179871e-25	ROM1
ROMO1	1694.53861940985	0.545075972388284	0.0324700384621114	16.7870442477092	3.03592815131755e-63	8.12031837323435e-63	ROMO1
ROPN1	28.8063319002287	-1.98339993316279	0.147762672007102	-13.4228753867382	4.44140179400269e-41	9.43804435058936e-41	ROPN1
ROPN1B	87.0466629543312	-0.382563388446941	0.0881210314947427	-4.34134033564694	1.41616168512227e-05	1.78517692534215e-05	ROPN1B
ROPN1L	16.3444953674384	-0.432853974191274	0.0796241040685554	-5.43621782944763	5.44234153616709e-08	7.24076792258268e-08	ROPN1L
ROR1	382.783874016603	1.19068682089093	0.0475880138964233	25.0207294526411	3.63716535339032e-138	1.77866377414776e-137	ROR1
ROR2	380.26005981672	-1.58716702673098	0.0838558461490742	-18.927327069235	6.79224934815357e-80	2.11242709944907e-79	ROR2
RORA	11568.7656494338	-3.0643174505632	0.0607381700006607	-50.4512640161839	0	0	RORA
RORB	95.3508726930957	2.68426548475829	0.087824848932821	30.5638497233459	3.70177407048747e-205	2.86851636000193e-204	RORB
RORC	5348.6950316601	-2.34845373760746	0.0833554373705794	-28.1739717490387	1.21898475372649e-174	7.76191883686964e-174	RORC
ROS1	15.5598924863505	-1.63574409129862	0.1257356766716	-13.0093871095227	1.08206443463325e-38	2.23579452339682e-38	ROS1
RP1	21.102179883193	-2.69419492267688	0.133455804248859	-20.1879186734579	1.25021269357851e-90	4.27041341501078e-90	RP1
RP1L1	51.9172962907043	-1.24462343374423	0.0823681672785518	-15.1104907984073	1.38107241901026e-51	3.29280590921902e-51	RP1L1
RP2	339.230458781465	-0.079961326047511	0.0356106365056888	-2.2454337774821	0.0247402990474925	0.027984801002508	RP2
RP9	692.925094764824	0.428435147221444	0.0357517348935789	11.9836183753531	4.3300334292183e-33	8.43559867525527e-33	RP9
RP9P	372.494077406899	0.246500958498806	0.0283091659083128	8.70746101447029	3.1075705166287e-18	4.96841432363738e-18	RP9P
RPA1	5234.58000209669	-0.645781407151523	0.0294137479091801	-21.9550874354904	7.74322784495943e-107	3.01831625026233e-106	RPA1
RPA2	2406.27684862952	-0.769098156271361	0.0339800826980739	-22.6337929517445	2.01505365410113e-113	8.30235313057322e-113	RPA2
RPA3	402.51891300806	0.405261922048393	0.0214395253186928	18.9025603890143	1.08649789367192e-79	3.37265883496952e-79	RPA3
RPA4	10.2638431748612	0.0659547863390804	0.0717269602866175	0.919525741444056	0.357820647822468	0.377778855217141	RPA4
RPAIN	1480.07024363342	-0.178898842761488	0.0150323521011273	-11.9009215296435	1.17047435485352e-32	2.27093219031238e-32	RPAIN
RPAP1	2369.17157041207	-0.431760432929983	0.0327997232224718	-13.1635389116386	1.42263113359601e-39	2.96844592973939e-39	RPAP1
RPAP2	1241.25444547436	-0.382686759481911	0.0310772538228928	-12.3140468479878	7.61090418380044e-35	1.51051693729429e-34	RPAP2
RPAP3	1293.76646554963	-0.459236569448818	0.0366922748008385	-12.5158925670731	6.11169672832571e-36	1.22800148238186e-35	RPAP3
RPE	794.747871668765	-0.245276277261972	0.0247557635163606	-9.9078453831518	3.84856051781812e-23	6.61680400011881e-23	RPE
RPE65	3.25451135179707	-1.98215793084919	0.204878306339352	-9.67480630948807	3.85821529962452e-22	6.53233009862123e-22	RPE65
RPEP3	0.628410135230199	-0.546221195982301	0.181540673961715	-3.00880890250243	0.00262274027503207	0.00308615163360258	RPEP3
RPEP4	0.251406046467714	0.677726676674608	0.252607598493776	2.68292276525208	0.00729818428918433	0.00844744183317947	RPEP4
RPF1	1494.01521370501	0.116976114687342	0.0228443326919521	5.12057481672695	3.04605735962659e-07	3.9918519605881e-07	RPF1
RPF2	1591.31253383664	-0.155380084506639	0.0375747196315143	-4.13522937843349	3.54600267577541e-05	4.42414708668098e-05	RPF2
RPGR	1081.51246030291	-0.37872444299574	0.0478157881897275	-7.92048938925791	2.36577566225338e-15	3.61421774558457e-15	RPGR
RPGRIP1	23.8481352809855	0.219368980013329	0.0677436503469704	3.23822201622973	0.00120277170438558	0.00143394221144743	RPGRIP1
RPGRIP1L	232.071743961139	-0.244961386293275	0.0364554577015901	-6.7194708758955	1.82385632395611e-11	2.60668818479824e-11	RPGRIP1L
RPH3AL	568.466959960658	-0.0959442145435109	0.0455781536914711	-2.10504829118308	0.0352871046595592	0.0396160141559639	RPH3AL
RPIA	1144.40946752371	-0.156607726115805	0.0251080899131825	-6.23734129745892	4.45070257169293e-10	6.18903800641518e-10	RPIA
RPL10	67356.9913399297	-0.601676138068346	0.0187389844311636	-32.108257535437	3.38129169419757e-226	2.9361616877593e-225	RPL10
RPL10A	31749.5128828599	-1.04507077900539	0.0225195286184176	-46.4073114812305	0	0	RPL10A
RPL10AP2	11.1960842387225	-0.699735780411505	0.0557158364656449	-12.5590105937469	3.54740924524186e-36	7.14203263880983e-36	RPL10AP2
RPL10AP6	96.6264074134792	-0.88659232021892	0.0363789462009682	-24.371028102934	3.4704308664648e-131	1.61842554474697e-130	RPL10AP6
RPL10P1	4.41231730339719	-0.419564449795605	0.0686836814660399	-6.10864823841825	1.00478508407777e-09	1.3874759357536e-09	RPL10P1
RPL10P15	7.42514720217361	0.0494357058447728	0.0503215439390561	0.982396444446216	0.325904577298282	0.345236761957652	RPL10P15
RPL10P3	4.59019594697922	-0.314213879029947	0.0694413097964778	-4.52488410646143	6.04286102527579e-06	7.68637233719542e-06	RPL10P3
RPL11	31987.1099763935	-0.528858903862056	0.0244990900273325	-21.5868794829536	2.38588484713113e-103	9.05127779414279e-103	RPL11
RPL12	34562.9709518002	-1.11089183054389	0.0227328459150746	-48.8672573022298	0	0	RPL12
RPL12P11	0.847176575336628	-0.226992229647478	0.141147688164273	-1.60818949711239	0.107793682736741	0.117964258188588	RPL12P11
RPL12P29	0.382410625109687	-0.091591911619026	0.184844103251221	-0.495508972198824	0.620240890264631	0.638435285089983	RPL12P29
RPL12P38	4.18323752785271	-0.714498206099994	0.0703396581277613	-10.1578288140414	3.05810578412725e-24	5.33730484972606e-24	RPL12P38
RPL12P4	61.1415760356463	-1.02040328943872	0.0431835014702709	-23.6294708556972	1.91928148862624e-123	8.49495600608827e-123	RPL12P4
RPL12P41	2.87987109823781	-1.83574471558555	0.111376627050724	-16.4823155826895	4.91651578989059e-61	1.28767933557137e-60	RPL12P41
RPL12P44	3.42778898224077	-1.7891902624672	0.125948425112911	-14.2057374743925	8.44093436310131e-46	1.89292711436635e-45	RPL12P44
RPL13	73084.1266798134	-0.88719689011363	0.0275408597617092	-32.2138414628263	1.12961437327189e-227	9.88536136765546e-227	RPL13
RPL13A	90910.3018932623	-0.772379089859944	0.0221388439364009	-34.8879594652181	1.13204292004702e-266	1.23577347506163e-265	RPL13A
RPL13AP20	15.6760631736783	-0.701821443688318	0.0484530772686315	-14.4845587370501	1.5169368370603e-47	3.46967979719473e-47	RPL13AP20
RPL13AP25	111.757670567527	-0.51099649081082	0.0338603259712482	-15.0913045327656	1.84753030757126e-51	4.39738107451941e-51	RPL13AP25
RPL13AP3	6.06267731219906	-0.463383032562749	0.0617967157785631	-7.49850581417943	6.45493900309481e-14	9.63796922650213e-14	RPL13AP3
RPL13AP5	790.145421789543	-0.783078884137886	0.0355069390400651	-22.0542492624971	8.69625635492505e-108	3.41718643625859e-107	RPL13AP5
RPL13AP6	5.74585612914356	-0.5386659640097	0.0636448688304075	-8.4636196744323	2.59204165701398e-17	4.08862091376696e-17	RPL13AP6
RPL13AP7	37.4669843655152	-0.511587666970636	0.0384541642424258	-13.3038300805459	2.19908349802293e-40	4.62990667227026e-40	RPL13AP7
RPL13P12	1650.98945471842	-0.805832704779779	0.0795072053538264	-10.1353418371785	3.85024522622724e-24	6.70811694902406e-24	RPL13P12
RPL13P6	0.887473035577385	-0.321661554005537	0.134149631094848	-2.3977818752115	0.0164946844016024	0.0188079314571004	RPL13P6
RPL14	30272.6530385138	-0.632946114398038	0.0187675047781616	-33.7256402425192	2.43356259769919e-249	2.40695386380127e-248	RPL14
RPL14P1	182.560999679563	-0.63340916981347	0.0360128983000218	-17.5883974829398	3.02306360014497e-69	8.56304765794013e-69	RPL14P1
RPL15	33107.7456331385	-0.736728463629421	0.0157309469841782	-46.833065064068	0	0	RPL15
RPL15P18	4.0252022368216	-0.535385251470005	0.0759446825657709	-7.0496739650777	1.79337494732253e-12	2.61185618339425e-12	RPL15P18
RPL15P2	3.37298613872413	-0.50626987274895	0.0747831784797084	-6.7698362524979	1.28928232723502e-11	1.84868338159611e-11	RPL15P2
RPL15P20	1.52728748399657	-0.383523553265114	0.103371996384606	-3.71013008047339	0.000207152781323194	0.000252810658752462	RPL15P20
RPL15P3	116.337066673509	-0.569720174344449	0.0342251819042296	-16.6462277962076	3.22287561051052e-62	8.54040686954215e-62	RPL15P3
RPL17	25068.6039993139	-0.363611211397771	0.0245664555821988	-14.8011262829974	1.44050187400527e-49	3.3645353878252e-49	RPL17
RPL17P17	0.355736167395832	-0.039168490043982	0.214387670496104	-0.182699359311774	0.855033918494592	0.863912526202355	RPL17P17
RPL17P22	0.882102380951002	0.0815661512294511	0.11924733219572	0.684008184733031	0.493969997471659	0.51464023176799	RPL17P22
RPL17P25	0.523090340318955	-0.419405089057894	0.156839625815767	-2.67410156633855	0.007492975452234	0.00866900514915253	RPL17P25
RPL17P26	1.09783355040375	0.233406938945082	0.108271565722091	2.15575472090416	0.0311028227995783	0.0350298387796539	RPL17P26
RPL17P50	36.2066913462362	0.579099198039723	0.0699147216651769	8.28293647242196	1.20174537165039e-16	1.87636555079181e-16	RPL17P50
RPL18	29428.7597698483	-0.854817304443982	0.0326172373399035	-26.2075324018387	2.18078048767891e-151	1.17112856678723e-150	RPL18
RPL18A	25699.0253208997	-1.18091755744532	0.0274518559162433	-43.0177675800262	0	0	RPL18A
RPL18AP3	361.012211643419	-1.20291090090682	0.0435380457531665	-27.6289594559794	4.99598078324307e-168	3.01990094288645e-167	RPL18AP3
RPL19	50478.4280538151	-0.757504247880769	0.0183319654539743	-41.3214965838016	0	0	RPL19
RPL21	26249.9314455797	-0.489793473933764	0.0201890778516837	-24.2603192444928	5.14585664283969e-130	2.38186077212027e-129	RPL21
RPL21P1	1.20590818866002	-0.719071773383554	0.117205333330157	-6.13514550023073	8.5081287755127e-10	1.17720850182939e-09	RPL21P1
RPL21P10	3.83564765090436	-0.587783069359584	0.0765456954799005	-7.67885203308297	1.60520512794173e-14	2.41963636811916e-14	RPL21P10
RPL21P11	3.81136549103401	-0.218010885028574	0.065627110128847	-3.32196381343851	0.000893862855116188	0.00106962874791907	RPL21P11
RPL21P116	2.14562232902282	1.64829587578695	0.0785784576155135	20.9764345827721	1.07669828917734e-97	3.90995479190664e-97	RPL21P116
RPL21P119	5.45854615208706	-0.176269430917222	0.0541118335434635	-3.25750246063348	0.00112397283914333	0.0013415087572881	RPL21P119
RPL21P120	3.78981719949466	-0.173512962361847	0.0668284074560393	-2.59639529007162	0.00942076148907514	0.0108567943383381	RPL21P120
RPL21P123	1.11310815816579	-0.168951452967669	0.127630545798642	-1.32375405832878	0.185584738492465	0.200246411173222	RPL21P123
RPL21P134	2.6077934766484	0.00874156605663041	0.0734995047463524	0.118933672911099	0.905327903963195	0.911097869919018	RPL21P134
RPL21P28	24.5375906520627	-0.117765933441391	0.0328276311293519	-3.58740272721336	0.000333988266978944	0.000405102270324639	RPL21P28
RPL21P3	2.53317090806785	-0.460021341016203	0.0845250176539707	-5.44242821574368	5.25591430950478e-08	6.99532077526029e-08	RPL21P3
RPL21P4	0.812343084183377	-0.417278201300788	0.09341060373273	-4.46713953904763	7.92724257325825e-06	1.005413186509e-05	RPL21P4
RPL21P44	5.63951892896826	-0.570563990486714	0.0676316714091594	-8.43634318949334	3.27420460444674e-17	5.15471025753418e-17	RPL21P44
RPL21P5	4.9952513066644	-1.40852155880337	0.0780250867139344	-18.052162684131	7.58612361452029e-73	2.22153589043403e-72	RPL21P5
RPL21P65	3.36146193998591	-1.5551163693941	0.100096165523133	-15.5362232036222	1.97271898782907e-54	4.82878902636812e-54	RPL21P65
RPL21P75	13.3744437587475	-0.473217504934671	0.0400051920429145	-11.8289022191679	2.76737302714575e-32	5.34500878343891e-32	RPL21P75
RPL21P8	0.71735672276671	-0.0561639121264199	0.0936806304039402	-0.599525343544845	0.548822614955153	0.568726952495983	RPL21P8
RPL22	13805.1173906103	-0.814113686028433	0.0149300182635073	-54.5286463592833	0	0	RPL22
RPL22L1	808.652568614763	-0.52750299731783	0.0465339690121884	-11.3358694415184	8.71621739264392e-30	1.63166211818826e-29	RPL22L1
RPL23	30149.1793063419	-0.642485811740856	0.017788107521089	-36.1188401283918	1.1480609074472e-285	1.38792776326105e-284	RPL23
RPL23A	9321.89593525427	-0.716483989954725	0.0202598514038045	-35.3647208794522	5.95523083624487e-274	6.75914945039369e-273	RPL23A
RPL23AP1	31.1641126858908	1.43286249197795	0.0490288042326772	29.224912057369	9.35840462352022e-188	6.48923889167902e-187	RPL23AP1
RPL23AP3	4.20305428837134	-1.19732529264611	0.0844314853823971	-14.1810284069187	1.20073898747092e-45	2.68803662647233e-45	RPL23AP3
RPL23AP35	0.299857327483287	-0.162829738690025	0.220234122372513	-0.739348366801255	0.459695486707716	0.480293601266795	RPL23AP35
RPL23AP53	74.557116507475	0.116787820311066	0.026458422111897	4.41401304345178	1.01471841079954e-05	1.28398327799821e-05	RPL23AP53
RPL23AP64	46.9444284859267	-0.929024162332812	0.0395210452591618	-23.5070746798491	3.45287423391113e-122	1.51413371704347e-121	RPL23AP64
RPL23AP7	116.457471130736	0.870357052008524	0.0426194801558063	20.4215783211506	1.07533355494394e-92	3.73616663241573e-92	RPL23AP7
RPL23AP83	1.13683956280641	-0.67199861747835	0.13400450611483	-5.01474642130695	5.31034542914105e-07	6.92591856759658e-07	RPL23AP83
RPL23P2	27.0191183995383	-0.371986578861526	0.0441880816484741	-8.41825589580378	3.82130393503193e-17	6.0081484963324e-17	RPL23P2
RPL23P8	10.2992421379659	-0.523314678969648	0.05610799621334	-9.32691798473508	1.08994143476932e-20	1.808798355977e-20	RPL23P8
RPL24	21926.1514198223	-0.194237467369803	0.0198613893558326	-9.77965155860372	1.37683722255744e-22	2.3452353182491e-22	RPL24
RPL24P4	95.6540810866536	-0.150340716913847	0.0493603460231409	-3.04577923427371	0.00232078168804876	0.00273620586629328	RPL24P4
RPL24P8	49.1228995322198	0.0502253185930274	0.0382525620124779	1.31299227948821	0.189185549729704	0.203948321995712	RPL24P8
RPL26	26700.8955588603	-0.564674326502774	0.0201097293559176	-28.0796581847886	1.73588636252074e-173	1.09602561949266e-172	RPL26
RPL26L1	496.105613227168	0.339950681440833	0.0265231370975263	12.8171369846193	1.31465793626472e-37	2.68830597645136e-37	RPL26L1
RPL26P30	8.74532253420397	0.0183790092565592	0.0635699319305295	0.289114817310866	0.772493514992232	0.785142327557742	RPL26P30
RPL26P35	0.782880549617987	-0.083030063768147	0.134274273790201	-0.618361666940597	0.536336960387754	0.556589509047617	RPL26P35
RPL27	25338.7098359578	-0.652248843526747	0.0209431895649132	-31.1437205639144	6.16894095402731e-213	4.99761953705876e-212	RPL27
RPL27A	29795.9843181493	-0.601992109616869	0.0222519567344775	-27.0534459868032	3.47906179048919e-161	2.00148901535941e-160	RPL27A
RPL27AP5	1.35860639909917	-0.00520768598168676	0.100992350255803	-0.051565152890256	0.958875186347158	0.961813898887506	RPL27AP5
RPL28	26621.2093212023	-0.613966611769102	0.0314728288076191	-19.5078305646447	9.41955864893604e-85	3.056263072089e-84	RPL28
RPL29	35125.7750199247	-1.10578944899379	0.0231069196631971	-47.855337929573	0	0	RPL29
RPL29P11	47.4591786972836	-0.995715268215822	0.0691475404109958	-14.3998653068141	5.18444565892921e-47	1.17924192957272e-46	RPL29P11
RPL29P12	6.15250244458788	-0.430414160472854	0.0564923204250501	-7.61898532817212	2.55677520001636e-14	3.84081702207248e-14	RPL29P12
RPL29P14	12.3882444249653	-0.479451405661863	0.11883753481758	-4.03451154046435	5.47160010172424e-05	6.79505163374529e-05	RPL29P14
RPL29P33	2.63546644886069	-0.942128574256319	0.0913355386432259	-10.3150272966195	6.02641812418157e-25	1.06198289430634e-24	RPL29P33
RPL3	74455.5414081856	-1.3692677051866	0.0542521699422912	-25.2389481682135	1.49768000925731e-140	7.44744139409966e-140	RPL3
RPL30	16257.9826722515	-0.850432493094144	0.0194882663019764	-43.6381810427076	0	0	RPL30
RPL30P4	3.54946293763046	-0.500475463230671	0.0819018824973952	-6.1106710611516	9.92130695368656e-10	1.37031724448179e-09	RPL30P4
RPL31	26528.4288742275	-0.496568058690466	0.019914459702754	-24.9350505161732	3.10221964795013e-137	1.50764189748246e-136	RPL31
RPL31P2	1.31153311071431	-0.382182789659633	0.104391883908567	-3.66103930066414	0.000251194219751251	0.000305833422370124	RPL31P2
RPL31P49	6.71858952323233	-0.194383463883966	0.0621202352262199	-3.12914887034943	0.00175313462598006	0.00207660567232132	RPL31P49
RPL31P63	2.82477754994651	-0.0601106704275139	0.0783554456251303	-0.767153705118297	0.442990134200348	0.463647037952233	RPL31P63
RPL32	40903.8371366478	-0.875378703835286	0.0205983043771779	-42.4976098908982	0	0	RPL32
RPL32P1	9.51927631273218	-1.55788223584669	0.0950026227078267	-16.3983076618615	1.96639942112337e-60	5.11150266854032e-60	RPL32P1
RPL32P26	0.225837303761896	0.39925869270437	0.245032085212643	1.62941392902846	0.103225422057773	0.113088723903717	RPL32P26
RPL32P3	640.274012596671	-0.189617432185315	0.0329254827011896	-5.75898716219776	8.46201371256988e-09	1.14486816114221e-08	RPL32P3
RPL32P31	0.519498244548915	-0.324366689326095	0.136676309734593	-2.37324734590779	0.0176324516563978	0.0200785527749758	RPL32P31
RPL32P34	1.8491145776391	-0.561254572450974	0.0689560111289374	-8.13931321232477	3.97526370344389e-16	6.15876770166912e-16	RPL32P34
RPL34	19843.3888606456	-0.481059628611037	0.0239157847519739	-20.1147331605472	5.48333199293344e-90	1.863070200166e-89	RPL34
RPL34P18	13.9542398634632	-0.204217188933084	0.0606870236820059	-3.36508822714988	0.000765191869713707	0.00091742499312085	RPL34P18
RPL34P27	6.12771111020929	-0.066190573576288	0.0635203675394249	-1.04203700545665	0.297394522522242	0.315965224571969	RPL34P27
RPL34P6	2.19955189882799	-1.05981811457146	0.0980765977047398	-10.8060244683655	3.2233853681738e-27	5.84214257073063e-27	RPL34P6
RPL35	22495.2570474704	-0.729889850215268	0.0252532107286676	-28.9028535047503	1.0993031438708e-183	7.40312603547261e-183	RPL35
RPL35A	19311.4431451519	-0.173533802248582	0.0215666649156481	-8.04639024750981	8.52717876037545e-16	1.31363067920854e-15	RPL35A
RPL35AP32	1.43824252967011	-0.0499938340076896	0.104378869533133	-0.478965083941824	0.631963468358121	0.649573139605695	RPL35AP32
RPL35P1	14.8924940509518	-0.577070638467293	0.057571184837746	-10.0236019128955	1.2004649663599e-23	2.07724405070119e-23	RPL35P1
RPL35P2	0.109879656969393	0.359593495265386	0.30025365836269	1.197632352679	0.231060175277251	0.247357372296509	RPL35P2
RPL35P5	24.1197555799749	-0.475736752909094	0.0540825698081282	-8.79648941603354	1.41162875247542e-18	2.2692203226746e-18	RPL35P5
RPL36	14692.4583647459	-0.717131153869286	0.0329197614441697	-21.7842147819177	3.27512062812333e-105	1.26269964503851e-104	RPL36
RPL36A	11777.7026049731	-1.02041536747046	0.0246132436989773	-41.4579801000735	0	0	RPL36A
RPL36AL	5970.48309257625	-0.0879723841828235	0.0246656665290056	-3.56659261890906	0.000361653027237121	0.000438185107578611	RPL36AL
RPL36AP13	0.73521564791714	-0.487821554887989	0.130426354922625	-3.74020691736258	0.000183868829031362	0.000224638441115349	RPL36AP13
RPL36AP26	0.84614372588325	-0.118559158508462	0.122151549959655	-0.970590701039985	0.3317521384146	0.3511831957425	RPL36AP26
RPL36AP41	0.257246162281424	0.342666974598537	0.187734089280826	1.8252783813064	0.0679590308397059	0.0751985809039554	RPL36AP41
RPL36AP43	13.6720686001668	-0.2082699487892	0.0689624942387884	-3.02004663677112	0.00252735765944491	0.00297566650714029	RPL36AP43
RPL36AP45	1.60603431239735	0.567252912105439	0.0856824235780485	6.62041161322573	3.58200041989303e-11	5.08995812744667e-11	RPL36AP45
RPL36AP48	0.629025977825924	-0.443038541372327	0.180018955198081	-2.46106606320894	0.0138524856244488	0.0158453703835358	RPL36AP48
RPL37	24354.0855110571	-0.751685589223469	0.0204742643161868	-36.7136800431551	4.41836606537943e-295	5.57749001002069e-294	RPL37
RPL37A	41013.1651739066	-0.659429841498827	0.0255617291563768	-25.7975443470467	9.44791275892987e-147	4.92248560270612e-146	RPL37A
RPL37AP1	11.1118734631411	-0.435690674706573	0.0568995338516855	-7.65719233908393	1.90041911738555e-14	2.86008231185162e-14	RPL37AP1
RPL37P2	10.2857615648199	-0.720592609558055	0.0571424554442158	-12.6104593153425	1.84912194181053e-36	3.7312009947911e-36	RPL37P2
RPL37P23	5.18127866258917	-0.446954832394906	0.0650175647175821	-6.87437055411644	6.22641669889184e-12	8.98162729359341e-12	RPL37P23
RPL38	16378.7626768023	-0.499789407578582	0.0267748270148598	-18.6663916559089	9.29226960763569e-78	2.83749186101866e-77	RPL38
RPL39	6362.55931097693	-0.740638677764124	0.0244637975730852	-30.2748858001901	2.45481315106126e-201	1.85902783055337e-200	RPL39
RPL39L	155.314725460883	0.183530255340422	0.0691612348964481	2.65365787084648	0.00796245139281847	0.00920152067292324	RPL39L
RPL39P3	44.745669467959	-0.647581419256193	0.0459754273236928	-14.0853811906272	4.67131370377765e-45	1.03825556218918e-44	RPL39P3
RPL39P36	1.77188415628327	-0.145659174882954	0.0622744412662791	-2.33898806510573	0.0193360511791652	0.0219823327823767	RPL39P36
RPL39P5	3.27355887773059	-0.638131651371973	0.0777254272567888	-8.21007582581331	2.2104885683076e-16	3.43737082913831e-16	RPL39P5
RPL39P6	0.17144704310281	0.285547811248992	0.250077901597637	1.14183544177536	0.253522427359561	0.270727722305241	RPL39P6
RPL3L	13580.4409862131	-0.0324932869659786	0.159694830279244	-0.203471126204652	0.838766811580571	0.848524298935701	RPL3L
RPL3P1	2.03107720764192	-0.690994988637325	0.102401279797983	-6.74791360030383	1.49986210477125e-11	2.14789321781919e-11	RPL3P1
RPL3P2	33.6241137582625	-1.22150703123581	0.0743264461912339	-16.4343526945039	1.0857785924599e-60	2.83139221249756e-60	RPL3P2
RPL3P4	332.288787509416	-1.32288781423504	0.0746186996548847	-17.7286366601597	2.5207294183794e-70	7.21164180868525e-70	RPL3P4
RPL3P6	3.28569293678244	-0.823335612024347	0.0877640449399379	-9.3812404907705	6.52010443667115e-21	1.08533752510188e-20	RPL3P6
RPL3P7	42.933436013932	-1.4882917058472	0.0896204108000876	-16.6066155305521	6.24168261737717e-62	1.65036029370456e-61	RPL3P7
RPL3P9	3.21589864692076	-0.954423792509117	0.0872359597924713	-10.940715213997	7.36168469222929e-28	1.34535721974436e-27	RPL3P9
RPL4	88009.0672485815	-0.916502167846022	0.0196825298532473	-46.5642462975771	0	0	RPL4
RPL41	15871.4890671241	-0.761340909717767	0.021739804721788	-35.0205956061205	1.09330500189759e-268	1.20591809676216e-267	RPL41
RPL41P1	0.567964020052941	-0.728385359738964	0.21831895066928	-3.33633593192905	0.000848905185026206	0.00101650650140735	RPL41P1
RPL41P2	30.1246719619911	-0.535849872084058	0.0390625660285814	-13.7177335378323	7.95122633873602e-43	1.72445813642876e-42	RPL41P2
RPL4P2	5.65231748828688	-0.496065709077288	0.0653459549768536	-7.59137591994794	3.16526183686167e-14	4.75013575034155e-14	RPL4P2
RPL4P3	4.32535222441292	-0.570644892224686	0.0711402842733456	-8.0214030356144	1.04544090523413e-15	1.60749822628508e-15	RPL4P3
RPL4P4	271.398871847747	-0.882667187588306	0.039778435236187	-22.1895904740197	4.32917524770009e-109	1.72067749246742e-108	RPL4P4
RPL4P5	52.7952486845133	-0.768189300327411	0.0401750264749405	-19.1210651922426	1.68628326912402e-81	5.33851303684513e-81	RPL4P5
RPL4P6	6.27785556780003	0.489331165394714	0.0684886192930434	7.14470769663211	9.01875966642788e-13	1.32010646247657e-12	RPL4P6
RPL5	37502.9621480166	-0.510244585879395	0.0179374892779859	-28.4457082020727	5.50671518146701e-178	3.5734095162793e-177	RPL5
RPL5P1	14.6265790144077	-0.218522652226706	0.0597644009448111	-3.65640161654927	0.000255780514518568	0.000311333088231032	RPL5P1
RPL5P11	2.45476928487459	-0.140266441223505	0.0857281718866585	-1.63617674489726	0.101802601986382	0.11158428048206	RPL5P11
RPL5P12	6.55626091641912	-0.505088795990823	0.0621145471431487	-8.13157012683035	4.23765257425123e-16	6.56245560814662e-16	RPL5P12
RPL5P14	1.42679527807532	2.80432339989663	0.125961284237679	22.2633757417485	8.37012432647454e-110	3.34451960046322e-109	RPL5P14
RPL5P17	5.25172943736191	-0.0580195148477601	0.0618658222470474	-0.937828234401736	0.348332688726638	0.368171964639083	RPL5P17
RPL5P18	3.20785580364942	-0.297534983782223	0.0765028458046118	-3.88920151470087	0.000100574582277753	0.000123858729943343	RPL5P18
RPL5P22	2.4245849367386	-0.116524167223968	0.0817936954122003	-1.42461062110891	0.154269788125976	0.167350274560425	RPL5P22
RPL5P23	9.58287128859311	-0.424461884956654	0.0574548981327971	-7.38774062353367	1.49344706736594e-13	2.21573729989733e-13	RPL5P23
RPL5P24	5.48101162921717	-0.276098229479929	0.0583947296457503	-4.72813610328997	2.26590283387403e-06	2.9118016071221e-06	RPL5P24
RPL5P29	2.01855743808223	-0.452233419625113	0.0924845291489296	-4.88982777753967	1.00924238133296e-06	1.30841714846054e-06	RPL5P29
RPL5P3	4.00635615117989	0.288681163081682	0.0658575768612335	4.38341610548401	1.16832653175103e-05	1.47596644663137e-05	RPL5P3
RPL5P30	39.2516393426396	-0.121915514691714	0.0520264614834067	-2.34333666398969	0.0191121285590939	0.0217373744987837	RPL5P30
RPL5P34	156.285034156773	-0.180193663352748	0.0293485901125787	-6.13977239320663	8.2639802616616e-10	1.14351532546829e-09	RPL5P34
RPL5P4	67.4744236622577	-0.352664327995125	0.0314076691448142	-11.2286055475516	2.95098953663876e-29	5.49165332875368e-29	RPL5P4
RPL5P5	2.38455964965592	-0.191958334739764	0.0781297770665394	-2.45691645294574	0.014013527263765	0.0160255069103001	RPL5P5
RPL5P9	3.88559512601486	-0.514305918068153	0.0715068373856291	-7.19240196982218	6.36612740980324e-13	9.34719898073965e-13	RPL5P9
RPL6	29714.8647375131	-0.652868664079877	0.0167139407298849	-39.0613245931005	0	0	RPL6
RPL6P27	201.49709398415	-0.5853978777708	0.0313734456380629	-18.6590240843863	1.06661396445984e-77	3.2526034176252e-77	RPL6P27
RPL7	40986.9522655908	-0.817030094282911	0.0172770095782697	-47.2900180197004	0	0	RPL7
RPL7A	51779.3968276198	-0.712729059524684	0.0206737053180666	-34.4751484341723	1.8914140210015e-260	1.98990904687598e-259	RPL7A
RPL7AP10	28.4668083845267	-0.281308716778527	0.0604187599441481	-4.65598296023574	3.22438602819755e-06	4.13199778554739e-06	RPL7AP10
RPL7AP11	12.1095153969732	-0.595441754495118	0.050505065891338	-11.7897431472759	4.40883567394069e-32	8.49897740057896e-32	RPL7AP11
RPL7AP26	3.6184417816414	0.770576244513956	0.089237178275637	8.63514803363448	5.86510357273393e-18	9.33572636066703e-18	RPL7AP26
RPL7AP3	0.435976822965503	-0.60763516988194	0.171929302478602	-3.53421529152987	0.000408987793368144	0.000494837294557062	RPL7AP3
RPL7AP30	32.2629507806587	-0.563373729637262	0.0449302274554251	-12.5388577254851	4.57543021190968e-36	9.20249377034482e-36	RPL7AP30
RPL7AP31	4.51202014166826	-0.563660811401483	0.0694319829444017	-8.11817245451335	4.73255991933077e-16	7.32383176649529e-16	RPL7AP31
RPL7AP6	142.922383055604	-0.639559506169741	0.0400409293535285	-15.9726439045147	1.98203251199232e-57	4.99769817178508e-57	RPL7AP6
RPL7AP60	3.61367832110746	-0.212502863173434	0.0695016248001181	-3.05752367350515	0.00223174012396427	0.0026331227614525	RPL7AP60
RPL7AP66	21.8774304814564	-0.656375102453312	0.0417103447843323	-15.7365062755335	8.50094675487481e-56	2.11011503770686e-55	RPL7AP66
RPL7L1	4246.00460231245	-0.243579313102731	0.0186162268431453	-13.0842471546494	4.05154465836835e-39	8.41003867565599e-39	RPL7L1
RPL7L1P12	0.92957470719546	0.178677355402122	0.168814119308896	1.05842660633841	0.289860994823361	0.308252364141036	RPL7L1P12
RPL7L1P2	0.469904023261734	-0.530812609737595	0.234368222051174	-2.26486596643504	0.0235209058309654	0.0266339451382782	RPL7L1P2
RPL7L1P3	1.62677160601279	0.390622128540856	0.115581513142495	3.37962462958309	0.000725848898900801	0.000871067068607555	RPL7L1P3
RPL7L1P9	2.26620774127786	1.23392163628702	0.118340309867962	10.4268920511004	1.86901838273615e-25	3.31567950208274e-25	RPL7L1P9
RPL7P14	1.6820306633679	-0.292458062938916	0.121389980056024	-2.40924385030742	0.0159856131056153	0.0182355526941813	RPL7P14
RPL7P26	6.50400201969432	-1.1760661402399	0.0793450429518163	-14.8221753557319	1.05317732065327e-49	2.4624295296895e-49	RPL7P26
RPL7P36	0.268202478933008	-0.0294725737261478	0.194754427234398	-0.151331983281057	0.879713840797804	0.88700660103071	RPL7P36
RPL7P47	2.98834503869944	-0.479419574275348	0.0757602044747284	-6.32811880062005	2.48168050017749e-10	3.47026572544823e-10	RPL7P47
RPL7P48	0.931215858032946	-0.335355370124487	0.124087068660131	-2.70258112908615	0.00688033912681795	0.007969434696728	RPL7P48
RPL7P57	8.9534563439975	0.266418191922643	0.0546841558162407	4.87194486128502	1.10505012604308e-06	1.43149160326004e-06	RPL7P57
RPL8	53713.2585525075	-0.414002344193917	0.0229168197991754	-18.065436121674	5.964873331646e-73	1.74790305783753e-72	RPL8
RPL9	30150.4212307144	-0.643418948276326	0.0244823130313646	-26.2809705705517	3.16498389531222e-152	1.70730821395011e-151	RPL9
RPL9P2	3.79226184489407	-1.15781211197145	0.0995600316978272	-11.6292862931734	2.92533145291827e-31	5.57886338425487e-31	RPL9P2
RPL9P3	2.17614097786094	-0.261285742253438	0.0844425033610753	-3.09424438941824	0.00197314877914766	0.00233215043817709	RPL9P3
RPL9P30	0.334262521998736	-0.00224600603630923	0.232750823036801	-0.00964983069449382	0.992300668567326	0.992741862662171	RPL9P30
RPL9P32	4.31206784284906	-0.62385543747208	0.0686117647344659	-9.09254323783188	9.6748968354529e-20	1.58253355688312e-19	RPL9P32
RPL9P7	13.3483932470418	-0.272954729542081	0.0465164506065183	-5.86791825221144	4.41300722088902e-09	6.01078563735043e-09	RPL9P7
RPLP0	81383.5751669071	-1.24461096106968	0.0263376378853791	-47.2559827303497	0	0	RPLP0
RPLP0P2	24.7729641046209	0.620268978410304	0.0593463904392776	10.4516715139559	1.43965223551664e-25	2.55775561503504e-25	RPLP0P2
RPLP0P6	470.680252213312	-1.20699240657608	0.041206859032916	-29.2910557830175	1.34822284179737e-188	9.38127536729592e-188	RPLP0P6
RPLP1	92102.8858813703	-0.864179084696197	0.032340714090559	-26.7210885410991	2.67763272491255e-157	1.50249584417553e-156	RPLP1
RPLP2	32433.1858703427	-0.918115506327543	0.0238559659893882	-38.4857819941539	0	0	RPLP2
RPN1	6397.92246158662	0.0856023801599922	0.0234465994732765	3.6509507597278	0.000261271332186161	0.000317865994233785	RPN1
RPN2	7601.19683851203	-0.0621849693327497	0.0210672237763917	-2.95174010552047	0.00315988768616263	0.00370706062556136	RPN2
RPP14	787.521700221782	0.055819564252046	0.0493104878521973	1.13200186579697	0.257633649999929	0.27497114512325	RPP14
RPP21	713.165537286778	-0.134506964731827	0.0222527567447827	-6.04450793555557	1.49866678069048e-09	2.0632887739357e-09	RPP21
RPP25	371.216062784339	0.0572258195868893	0.0520295317024854	1.09987189417958	0.271387942089248	0.289290835882546	RPP25
RPP25L	1486.46172778431	-0.244014153287186	0.0663084464138018	-3.67998598194264	0.000233246775292031	0.0002841935293104	RPP25L
RPP30	1060.72901766029	-0.0174812925432429	0.0157879007838855	-1.10725882956434	0.268182038954267	0.285958114158024	RPP30
RPP38	344.158277342046	-0.336254309674007	0.0198347391969777	-16.9527971270347	1.83511435472982e-64	4.95706685166439e-64	RPP38
RPP40	163.692020860758	-0.576220623008496	0.0311051006929877	-18.5249560416436	1.29909218287933e-76	3.92892445967923e-76	RPP40
RPRD1A	3415.88880861372	-0.226270347012977	0.0272602007917748	-8.30039179613267	1.03768610682891e-16	1.62189698784642e-16	RPRD1A
RPRD1B	2871.27804467717	-0.12493529975498	0.0352470309526056	-3.54456237528128	0.000393265441155777	0.000476038679728676	RPRD1B
RPRD2	3227.07302211402	-0.59055080631204	0.0262148383574769	-22.5273487579451	2.23966669755788e-112	9.15861886023159e-112	RPRD2
RPS10	3133.78553205739	-0.615872553965067	0.0279064951333409	-22.0691473802908	6.25600812593963e-108	2.46421011542755e-107	RPS10
RPS10P14	0.359405434192589	-0.0229450036288919	0.185360526068648	-0.123785814140354	0.90148486409699	0.907484008422432	RPS10P14
RPS10P16	2.19447998395819	-0.602996773800202	0.0960994157524086	-6.27471841612199	3.50267613396915e-10	4.88356231799075e-10	RPS10P16
RPS10P3	8.63515815467762	-0.525361913843492	0.0615864742446652	-8.53047556767711	1.45747313222831e-17	2.30605377984018e-17	RPS10P3
RPS11	47794.741703569	-0.828678256216777	0.0197723974548846	-41.9108637739861	0	0	RPS11
RPS12	37452.8219319242	-0.900070306745542	0.0274238742186594	-32.8206838891177	2.98517987870722e-236	2.75006258938632e-235	RPS12
RPS12P26	8.25081083637514	0.310625185395042	0.068785861303332	4.51582897283565	6.30695521645003e-06	8.01832762563154e-06	RPS12P26
RPS12P27	1.35200258765373	-0.749514190672134	0.116967553660372	-6.4078812219022	1.47555788257114e-10	2.07333677653291e-10	RPS12P27
RPS12P5	0.459034940476182	0.120590318872134	0.199520063251148	0.604401967938132	0.545576427711255	0.565525813384216	RPS12P5
RPS13	22333.5243027703	-0.679504265218311	0.0207524962447491	-32.7432544598216	3.78755864560433e-235	3.46618419824726e-234	RPS13
RPS14	35190.1129053938	-0.815081832724508	0.0231140358400928	-35.2635012926083	2.13068005098068e-272	2.39565094301706e-271	RPS14
RPS14P4	0.231710815170926	1.01659397230532	0.287719428454612	3.53328232912741	0.000410433912690544	0.000496553589780394	RPS14P4
RPS15	20717.6089443653	-0.659000514409552	0.0253791291819639	-25.9662382300289	1.19215626730022e-148	6.29694981445754e-148	RPS15
RPS15A	27994.4329672242	-0.81102810700084	0.0208375083082814	-38.9215493043627	0	0	RPS15A
RPS15AP1	25.9415746036972	-0.634623283733783	0.0410773315859801	-15.4494768581897	7.60582448125651e-54	1.85066837641388e-53	RPS15AP1
RPS15AP10	13.5260321278554	-0.502999945810916	0.0649840191746315	-7.74036374172557	9.91327923245031e-15	1.49843764768946e-14	RPS15AP10
RPS15AP11	6.48780402814975	-0.627077049273544	0.0620129587425672	-10.1120324201384	4.88599850488108e-24	8.50443425704548e-24	RPS15AP11
RPS15AP12	7.2061768227377	-0.653574413146226	0.0554132605097751	-11.7945489425033	4.16425802797247e-32	8.0309415857652e-32	RPS15AP12
RPS15AP16	3.21900136701976	-0.124140302426699	0.0804149704384504	-1.54374616753377	0.122649837165818	0.133823476713656	RPS15AP16
RPS15AP24	6.78905216425759	-0.392392078580514	0.0616376110925137	-6.36611431925161	1.93876953305143e-10	2.71784053924607e-10	RPS15AP24
RPS15AP38	7.89917478765477	0.74889419973966	0.0534501135909808	14.0110871507302	1.33347929717171e-44	2.9492518526094e-44	RPS15AP38
RPS15AP6	0.911681934531037	-0.23554641781044	0.151112245468744	-1.55875135783857	0.119055241043107	0.130011732226217	RPS15AP6
RPS16	32342.9998072302	-0.383194082626606	0.0235126246603131	-16.2973759060339	1.03021149400298e-59	2.66066529462664e-59	RPS16
RPS17	27527.4855645656	-0.60846801550012	0.0275591345235256	-22.0786329476605	5.07197839261952e-108	2.00045317803558e-107	RPS17
RPS17P2	1.74061140298427	0.0192920347318446	0.0895172125351269	0.215512013673062	0.829368146563248	0.839676940735941	RPS17P2
RPS18	64049.3361849988	-1.29181251513498	0.0341885196048712	-37.7849795798389	0	0	RPS18
RPS18P12	23.4013513598525	-1.11460633363548	0.0582032660442223	-19.1502369091902	9.63474562287089e-82	3.05666295307189e-81	RPS18P12
RPS18P9	112.252420776425	0.12785972744441	0.024273729933476	5.26741163368049	1.38360725334445e-07	1.82450473719533e-07	RPS18P9
RPS19	30408.6718178387	-0.914223585051978	0.0373205305698188	-24.4965323668606	1.60833710748152e-132	7.55721124295873e-132	RPS19
RPS19BP1	2800.02170182042	0.28905394773633	0.021668207695142	13.3400026344189	1.35454749658104e-40	2.85952966881146e-40	RPS19BP1
RPS19P1	5.21842464350429	-0.878829460570526	0.0773181969560437	-11.3663987931606	6.14717891902995e-30	1.15314055566338e-29	RPS19P1
RPS19P3	11.7552640496691	0.0325963473571924	0.0463441676330796	0.703353820382907	0.481835277817008	0.50246303070235	RPS19P3
RPS2	47393.7483339262	-0.975373195681241	0.0245255437162857	-39.7696869420906	0	0	RPS2
RPS20	34113.1296552083	-0.477137003180026	0.0193701023567725	-24.632652651585	5.64691023038676e-134	2.68205886694438e-133	RPS20
RPS20P10	3.3499709241872	-0.278136732110714	0.0764449731752016	-3.63839138870861	0.000274346281318091	0.000333615308383906	RPS20P10
RPS20P14	28.100002836943	-0.425749061349322	0.0450098415681421	-9.4590215498707	3.10838123278903e-21	5.19342589302352e-21	RPS20P14
RPS20P15	0.964841609759131	-1.38282281714397	0.16364051292952	-8.45036960828614	2.90382059510355e-17	4.57600232272248e-17	RPS20P15
RPS20P22	25.7518948974413	0.818919690353248	0.0735668642352516	11.1316378489983	8.80034533233153e-29	1.62911370143254e-28	RPS20P22
RPS20P4	4.31453507086012	-0.324723566171184	0.0684143435416232	-4.74642522841167	2.07043211457392e-06	2.66422535523948e-06	RPS20P4
RPS21	12648.4999141275	-1.08873933343309	0.0258457577882549	-42.1244887595381	0	0	RPS21
RPS23	15696.7474797621	-0.822568004458636	0.0206948510419956	-39.7474716193616	0	0	RPS23
RPS23P8	86.0898660720289	-0.605602946311815	0.0435702842638919	-13.8994490521077	6.38308016374339e-44	1.40072931887778e-43	RPS23P8
RPS24	39577.7969815579	-0.679053131315947	0.022934343123755	-29.6085712004804	1.15905022669542e-192	8.28925829588567e-192	RPS24
RPS24P17	1.6578442305467	-0.279115714490298	0.0960250391421104	-2.90669722172387	0.00365266560507805	0.00427486077348741	RPS24P17
RPS24P8	13.1514525957439	-0.318059794152415	0.0564345064507733	-5.63590990965523	1.74136402463901e-08	2.34067307403874e-08	RPS24P8
RPS25	27281.301536381	-0.708292136737663	0.0239735030647328	-29.544790964639	7.66113488107903e-192	5.4509126084705e-191	RPS25
RPS26	8318.45012156666	-0.00731377655587162	0.0387762224852964	-0.188614983283762	0.850394588637226	0.859499598251452	RPS26
RPS26P11	0.980896504153844	0.0485135968048454	0.108002505853006	0.449189548165425	0.653294926563656	0.670159674781876	RPS26P11
RPS26P21	3.70490214417562	0.868971659222593	0.0987711076868658	8.79783247928631	1.39484051136093e-18	2.24263344453449e-18	RPS26P21
RPS26P3	1.68020725658992	-0.00105010308802897	0.093479789417483	-0.0112334772529192	0.991037170440916	0.991753396992825	RPS26P3
RPS26P31	1.61056771251894	0.0489560364650375	0.0981484713239977	0.498795710260518	0.617923309922056	0.636268018642428	RPS26P31
RPS26P47	3.61421816346454	-0.478074963661064	0.116837752512696	-4.09178500424437	4.28065429141261e-05	5.32891133469698e-05	RPS26P47
RPS26P56	0.0819257668150055	0.555344066954138	0.489158993167804	1.13530380655524	0.256248047858116	0.273524733722364	RPS26P56
RPS26P6	2.35042695874548	0.0367246202845998	0.0829048966602575	0.442972873304414	0.657785355864091	0.67449696331014	RPS26P6
RPS26P8	2.00884073402218	-0.283967497761213	0.0895488131899254	-3.17109169452577	0.00151867197136416	0.00180398668051513	RPS26P8
RPS27	33520.2296864156	-0.771045976161117	0.0242414107862463	-31.8069762094284	5.18391122783974e-222	4.42253962143807e-221	RPS27
RPS27A	29393.8455025313	-0.509301493297076	0.0223218161234271	-22.8163107554029	3.15847290553687e-115	1.31946323445275e-114	RPS27A
RPS27AP1	1.75312867640022	-0.168184243651193	0.0873108056931874	-1.9262706639336	0.0540705864452508	0.0601188774923385	RPS27AP1
RPS27AP2	2.30004886964192	-0.392491217894202	0.0841153885190084	-4.66610479728697	3.06963186247813e-06	3.93620481239983e-06	RPS27AP2
RPS27AP3	0.373794936016543	-0.0581722812965126	0.161117691779072	-0.361054584721086	0.718058642572198	0.73233844900522	RPS27AP3
RPS27L	2770.20968857387	0.405790794790461	0.0321666081161708	12.6152808317537	1.73936504889339e-36	3.51209312901065e-36	RPS27L
RPS28	15490.801242035	-0.337025610653416	0.0261425513753157	-12.8918408083016	5.00350625986947e-38	1.02770557033216e-37	RPS28
RPS29	14909.6083007071	-0.746920053506044	0.0252571066469656	-29.5726689500193	3.35744845044799e-192	2.39261399669494e-191	RPS29
RPS2P32	32.1471937330156	2.86764297805286	0.0577937216034414	49.6185900214135	0	0	RPS2P32
RPS2P4	9.38043647733105	-1.05301157021246	0.0637990508925144	-16.505129080784	3.37011688548406e-61	8.84207463279385e-61	RPS2P4
RPS2P46	258.848799244339	-1.01548386193939	0.0340442372232308	-29.8283628821168	1.67548915910489e-195	1.22156664046364e-194	RPS2P46
RPS2P5	6339.6906307627	-1.09846346297375	0.046485010402744	-23.6304876229286	1.87363768401132e-123	8.29497096652429e-123	RPS2P5
RPS2P55	29.1891217137403	-0.872928738069437	0.0509723869608789	-17.1255220741262	9.57466623702475e-66	2.6197532593507e-65	RPS2P55
RPS3	44807.2808530786	-0.777202680913846	0.0274750977790825	-28.2875310276621	4.92001832295402e-176	3.1596592876024e-175	RPS3
RPS3A	19430.0488007458	-0.746504006735991	0.0221654316711635	-33.6787488649349	1.18353108683542e-248	1.164830130898e-247	RPS3A
RPS3AP12	0.931887106978206	-0.27260162663957	0.131938087148149	-2.06613293046666	0.0388159296012623	0.0434883242876006	RPS3AP12
RPS3AP25	3.12208465613134	-0.397061180672109	0.0727006706862273	-5.46158896368104	4.71891665531986e-08	6.28897747185999e-08	RPS3AP25
RPS3AP26	116.430840016874	-0.786569588679859	0.0383168845028258	-20.5280152310361	1.21017860222276e-93	4.23986473698168e-93	RPS3AP26
RPS3AP29	3.47678087161718	-0.826610138365959	0.0708891736325145	-11.6605977472817	2.02614940310864e-31	3.87266037432137e-31	RPS3AP29
RPS3AP34	18.8794732730406	-1.54824297873742	0.0821151187591699	-18.8545422832324	2.696625855218e-79	8.34627957699091e-79	RPS3AP34
RPS3AP44	2.3126534550255	-0.221985875653162	0.0829892216967101	-2.67487597924975	0.00747568993647339	0.00865011856697677	RPS3AP44
RPS3AP47	14.7024563439325	-0.647344998377839	0.0454613442754552	-14.2394601104513	5.2128217345311e-46	1.1726568863196e-45	RPS3AP47
RPS3AP49	2.63632182921848	-0.523259795522276	0.0820977223807767	-6.3736213423236	1.8461608038872e-10	2.58942968916732e-10	RPS3AP49
RPS3AP5	42.4415908665437	-0.679147626522073	0.0477339963341932	-14.2277554505861	6.16282482353739e-46	1.38463566710555e-45	RPS3AP5
RPS3AP6	140.583971439574	-0.6669289367198	0.0407707236402451	-16.3580353050557	3.81229982671449e-60	9.8826626124262e-60	RPS3AP6
RPS3P6	2.83037180202402	-0.364425024990613	0.0802868734813152	-4.53903619843191	5.65119351422783e-06	7.19580777036253e-06	RPS3P6
RPS3P7	0.522924428821812	-0.124396052566098	0.173724630261416	-0.716053056949441	0.473958588283573	0.494592959286527	RPS3P7
RPS4X	51723.9549022458	-1.1108153647725	0.024479865735741	-45.3766935147317	0	0	RPS4X
RPS4XP1	5.32050216200483	-0.74798232001805	0.0656891042391256	-11.3867029956018	4.87072745435407e-30	9.14836862539938e-30	RPS4XP1
RPS4XP11	8.75339241105277	-0.664824239238562	0.0603657162656991	-11.0132750899922	3.29792876217363e-28	6.05837490028446e-28	RPS4XP11
RPS4XP13	4.98768893208617	-0.887571646677435	0.0755624671552034	-11.7461972867348	7.38688250319453e-32	1.41851154192452e-31	RPS4XP13
RPS4XP14	6.0990188586643	-0.900948492982155	0.0669284892046929	-13.4613600827999	2.64011395731407e-41	5.62822019725375e-41	RPS4XP14
RPS4XP16	33.9003164777925	-0.256308600203915	0.0419351810147456	-6.11201845328364	9.83788046023241e-10	1.3590030401707e-09	RPS4XP16
RPS4XP2	5.20606694557549	-0.868999847334303	0.070647531193961	-12.3004984413183	9.00169310711094e-35	1.78516555713456e-34	RPS4XP2
RPS4XP22	7.64488422023211	-0.779090514792416	0.0689493568187707	-11.2994602232507	1.32026998171862e-29	2.46639476348245e-29	RPS4XP22
RPS4XP3	4.14222581876037	-0.723962487012889	0.0781621808003552	-9.26231176765731	2.00053070885473e-20	3.30593530616854e-20	RPS4XP3
RPS4XP5	5.07916951339339	-2.10445680180415	0.135955370758494	-15.4790266104487	4.80690938739464e-54	1.17152959494301e-53	RPS4XP5
RPS4XP6	10.2453006080596	-0.846856738790964	0.0521408877596348	-16.2417015739146	2.55731131529723e-59	6.57255296782774e-59	RPS4XP6
RPS4XP8	0.837836219922814	-0.63122649621091	0.124931857505839	-5.0525663254579	4.35912908363181e-07	5.69273669721824e-07	RPS4XP8
RPS4Y1	3286.55498822557	-0.272226727937226	0.124542183809594	-2.18581945177241	0.0288288170693095	0.032523661071988	RPS4Y1
RPS5	30100.2254899764	-0.960967960477614	0.0269910621515354	-35.6031917188909	1.25035371258749e-277	1.44557592680073e-276	RPS5
RPS6	66481.3284679965	-0.793969354483728	0.0256419265880076	-30.9637168548426	1.66086911847246e-210	1.32935993782226e-209	RPS6
RPS6KA1	985.741445712673	-1.34629971590438	0.0700536902967296	-19.2181127104339	2.61095359598615e-82	8.32149002856706e-82	RPS6KA1
RPS6KA2	5138.88362656687	1.21771375851646	0.0386045553503662	31.5432660074637	2.21794490559676e-218	1.85698726723941e-217	RPS6KA2
RPS6KA3	6051.23245984333	-0.95520342647361	0.0488635689039149	-19.5483761808704	4.25861388516922e-85	1.38624427752136e-84	RPS6KA3
RPS6KA4	2057.60443182005	-0.125548358842797	0.0280429987742435	-4.47699476983567	7.57011033298416e-06	9.60862756339358e-06	RPS6KA4
RPS6KA5	1059.17715890144	-1.10383991653167	0.0364910978172411	-30.2495672248624	5.28610633704249e-201	3.99476071255676e-200	RPS6KA5
RPS6KA6	183.559795661871	-2.16051993447476	0.059175133054863	-36.5106054340711	7.52739979959779e-292	9.33843720141694e-291	RPS6KA6
RPS6KB1	2345.18585294267	-0.718011357254019	0.0283784469973872	-25.3012914103484	3.09139281562218e-141	1.54707150608882e-140	RPS6KB1
RPS6KB2	2527.49992711941	-1.14652085225025	0.0426908023933382	-26.8563903223605	7.10289457724966e-159	4.02452644901074e-158	RPS6KB2
RPS6KC1	1115.0753291642	-0.309651573311662	0.0253939988540456	-12.1938878193786	3.35047135542144e-34	6.60951615002097e-34	RPS6KC1
RPS6KL1	869.530498007629	0.309149060718667	0.05766739591911	5.36089857694131	8.28090028632048e-08	1.09686891872005e-07	RPS6KL1
RPS7	22342.3448589333	-0.478486484946483	0.0225233643743919	-21.2440058684351	3.74546905821682e-100	1.38671716406748e-99	RPS7
RPS7P1	122.627381407615	-0.407096576815263	0.0368050870964151	-11.0608779636583	1.94187330801784e-28	3.58005545039216e-28	RPS7P1
RPS7P10	20.9902495152989	-0.297069329730315	0.0491006997167783	-6.05020562728971	1.44661069484162e-09	1.99268741336425e-09	RPS7P10
RPS7P11	20.3765653518105	-0.47157261492489	0.0464687021454238	-10.148177012758	3.37610775103442e-24	5.888316599784e-24	RPS7P11
RPS7P14	2.31965214142012	-0.142792067769376	0.0873575632955756	-1.63457017781318	0.10213918357561	0.11193957038323	RPS7P14
RPS7P15	0.25701662815966	0.238381346903516	0.228969577081913	1.04110489236846	0.297826869206475	0.316405894274419	RPS7P15
RPS7P3	4.69511844211922	-1.25383400355353	0.0931506147188889	-13.4602869485871	2.67873915231587e-41	5.70920950519038e-41	RPS7P3
RPS7P4	3.36607880841054	-0.24620346365222	0.0730782466385568	-3.36903900924082	0.000754307524894408	0.000904736790753214	RPS7P4
RPS7P7	0.333138582834319	0.175230705452052	0.212759997441275	0.823607386536177	0.410162677562861	0.430867084430968	RPS7P7
RPS8	46988.6264851916	-0.887345157019364	0.0227133570122819	-39.0671073650428	0	0	RPS8
RPS9	32677.9162918586	-0.621647406719683	0.0245284752515005	-25.3439074522846	1.04895566280008e-141	5.26701558886033e-141	RPS9
RPSA	29197.7674682942	-0.578159846626043	0.0239423287856143	-24.1480205122498	7.83286466963417e-129	3.59875949254938e-128	RPSA
RPSAP15	15.0752002693655	-0.588464842313596	0.0527349487587075	-11.1589155989543	6.47768586173704e-29	1.20087356536693e-28	RPSAP15
RPSAP4	2.99167781587111	-0.42760803071031	0.0774387701147342	-5.52188561461863	3.35380807467025e-08	4.48261799466433e-08	RPSAP4
RPSAP43	0.448548806841213	-0.176612044373117	0.191257168647478	-0.923427056993851	0.355784696904668	0.375695449579453	RPSAP43
RPSAP47	4.25567073542061	-0.311366554098182	0.0714493287584852	-4.35786535029141	1.3133714033496e-05	1.65699457749482e-05	RPSAP47
RPSAP53	3.21320123134309	-0.155776114619915	0.120802185584736	-1.289514042034	0.197219437779821	0.212215141339863	RPSAP53
RPSAP54	12.2534653374688	-0.606398649472328	0.0543132470311485	-11.1648388306551	6.06010102671718e-29	1.12392209542485e-28	RPSAP54
RPSAP58	786.060703558759	-0.688930426924042	0.0544342806378019	-12.6561868523273	1.03401010687987e-36	2.09396061806103e-36	RPSAP58
RPSAP6	1.33296487095809	-0.717982036728023	0.122317963037776	-5.86980046836034	4.36319929076337e-09	5.94429353160004e-09	RPSAP6
RPSAP8	2.32610425958834	-0.394698130777632	0.0888598339090192	-4.44180585777092	8.92070305587647e-06	1.13021942362635e-05	RPSAP8
RPSAP9	17.4262070194698	0.351783258995748	0.0385462792627805	9.12625720883579	7.09083968272707e-20	1.16186241697406e-19	RPSAP9
RPTN	306.984953281826	-8.93580521301476	0.236060617826936	-37.8538584507387	0	0	RPTN
RPTOR	3220.93545489381	-0.632894873343516	0.0419309472492804	-15.0937413739056	1.78053098297012e-51	4.23959500323347e-51	RPTOR
RPUSD1	889.971962261898	-0.24540891455883	0.0293610634457949	-8.35831151047688	6.36222665594815e-17	9.97617090886086e-17	RPUSD1
RPUSD2	477.200032254557	0.0949432164581503	0.0282059640593695	3.3660688306313	0.000762476799475261	0.000914291557910616	RPUSD2
RPUSD3	1707.71007307728	-0.183442278132208	0.0384863524588353	-4.76642410653013	1.8752431977662e-06	2.41599290029984e-06	RPUSD3
RPUSD4	4293.15087359012	-0.990069709455186	0.0639852319821325	-15.4734097038463	5.24535424557324e-54	1.27804035969902e-53	RPUSD4
RRAD	15556.6499789092	-0.06072523923385	0.11187876273938	-0.542777179037176	0.587283227644838	0.606174620460707	RRAD
RRAGA	4891.01791452079	-0.212160806734421	0.0227061731107983	-9.3437500762083	9.29811783608937e-21	1.54505140928131e-20	RRAGA
RRAGB	821.83714200344	-0.338598145153631	0.0171525215963575	-19.7404296068944	9.69502132989923e-87	3.20279095172538e-86	RRAGB
RRAGC	2237.62664113716	-0.433161191347753	0.0297460923127867	-14.5619527698956	4.90367640398915e-48	1.12806490668637e-47	RRAGC
RRAGD	5467.48793203826	0.0160961763141184	0.074237784499953	0.216819190154153	0.8283492561053	0.838692556339024	RRAGD
RRAS	3147.1837140548	1.53498008927049	0.0398188356034371	38.5490953215615	0	0	RRAS
RRAS2	1406.40380787627	0.336753418367908	0.041921658747545	8.03292208440175	9.51781165176603e-16	1.46473563771429e-15	RRAS2
RRBP1	5915.38494750073	0.383860787428481	0.0385210627278333	9.96495839537478	2.16964685429944e-23	3.7413366246043e-23	RRBP1
RREB1	4299.22309714373	-0.845516711901662	0.0234481237850362	-36.0590348145997	9.95464435590673e-285	1.20022473577145e-283	RREB1
RRH	30.1592708377329	-1.58107119198886	0.05249575544363	-30.1180767593033	2.80988447697426e-199	2.10402373003385e-198	RRH
RRM1	2705.27305965262	-1.03630654981437	0.0306828509804477	-33.7747802664994	4.62743064800668e-250	4.60212039197615e-249	RRM1
RRM2	128.00326188004	-0.901837198412354	0.098174979677169	-9.18601869211367	4.07650330979686e-20	6.70331013790566e-20	RRM2
RRM2B	2456.59368965462	-0.536760558986844	0.0555263192585206	-9.66677723563455	4.17312679721047e-22	7.06218440129601e-22	RRM2B
RRM2P3	17.2355028479765	0.926431186652577	0.113544893112486	8.15916208344824	3.37356691043499e-16	5.23242960147685e-16	RRM2P3
RRN3	3019.53564436238	-0.715741686266328	0.0327204273772055	-21.8744601962303	4.54862605079308e-106	1.76313129931796e-105	RRN3
RRN3P1	604.554522553827	0.617925762768461	0.0512131397308265	12.0657660517642	1.60165026559374e-33	3.1358827964926e-33	RRN3P1
RRP1	1458.7122353339	-0.712107057969525	0.0258344056986441	-27.5642902831281	2.98332012494737e-167	1.79248149429832e-166	RRP1
RRP12	3621.7020986816	-0.545926891053138	0.0546699105666558	-9.98587496109989	1.75743667610969e-23	3.03459161694489e-23	RRP12
RRP15	1592.09185560386	-0.437001429919635	0.0402972527234591	-10.8444472112918	2.11913011671088e-27	3.85049471038896e-27	RRP15
RRP1B	1851.06093797526	-0.730107866716721	0.0219296579000804	-33.2931717422753	4.84763736273719e-243	4.6219449240801e-242	RRP1B
RRP36	1574.84709390687	-0.335571428901325	0.0206247044354145	-16.2703630470029	1.60205082793595e-59	4.12804422468867e-59	RRP36
RRP7A	1796.83327942364	0.0715998241156859	0.0252353168098843	2.83728651615903	0.00454987623716955	0.00530799236197596	RRP7A
RRP8	1171.13291273783	0.187623865510353	0.0161190991485877	11.6398480945377	2.5847555829814e-31	4.93510662380656e-31	RRP8
RRP9	1120.14978800697	-0.569383961707164	0.0304786870732852	-18.6813808724141	7.01799637761511e-78	2.14447382097181e-77	RRP9
RRS1	1499.61009393118	-0.76153421119429	0.0468826736501078	-16.2434040532272	2.48730499477605e-59	6.39536883458986e-59	RRS1
RS1	0.271219504449083	0.181004621003117	0.229458808993125	0.788832739947415	0.430209771267749	0.450742453442218	RS1
RSAD1	3651.22372896246	0.13949263677926	0.0359099879153804	3.88450804015768	0.00010253729977997	0.000126224026078044	RSAD1
RSAD2	316.807582351452	1.33896947242171	0.0709174953101391	18.8806650117305	1.64501773266027e-79	5.10023496479804e-79	RSAD2
RSBN1	1383.40950776007	-0.813566144106494	0.0201736497912945	-40.3281583909309	0	0	RSBN1
RSBN1L	1175.33530715326	-0.42250279668631	0.0151182567178422	-27.9465287944002	7.26479074007164e-172	4.53287688429912e-171	RSBN1L
RSF1	2216.02247913446	-0.363782225569355	0.0150205504770938	-24.2189676153427	1.40446395183945e-129	6.48416404130852e-129	RSF1
RSL1D1	9442.79728790643	-1.10703124144783	0.0391530633385048	-28.2744476945979	7.12623701755284e-176	4.56998192208652e-175	RSL1D1
RSL24D1	3387.58379624682	-0.400044944501361	0.0299974334255897	-13.3359724088961	1.42978116576438e-40	3.01764459666133e-40	RSL24D1
RSL24D1P8	2.41694739335127	0.70817382098443	0.0947605687329019	7.4732964402159	7.82103860300334e-14	1.16612702636182e-13	RSL24D1P8
RSPH1	47.7785206059596	-2.9976458349935	0.0884855411285743	-33.877239114555	1.44165124920148e-251	1.44413823800088e-250	RSPH1
RSPH10B	3.49490692160204	-0.803346881896561	0.0796779155170307	-10.0824284456193	6.60725858857673e-24	1.14826474080874e-23	RSPH10B
RSPH10B2	2.16228028856304	-0.869690162576673	0.111905979897888	-7.77161473739161	7.74918398729701e-15	1.17299916713197e-14	RSPH10B2
RSPH3	481.503989848359	0.21964037332646	0.0346570441265528	6.33753913127808	2.33463927363136e-10	3.26712685334753e-10	RSPH3
RSPH4A	70.103948168039	-0.820949276653347	0.0521543570701647	-15.7407611323614	7.94818580828371e-56	1.97345231358504e-55	RSPH4A
RSPH6A	4.96116757762389	-1.30318008780353	0.116630938508044	-11.1735368374289	5.4948432498699e-29	1.01961316710554e-28	RSPH6A
RSPH9	31.9116996528705	0.318993878772401	0.034977926307704	9.11986250889154	7.52196962273949e-20	1.23171995978289e-19	RSPH9
RSPO1	241.248759500136	-5.52363237548021	0.145094195000513	-38.0692857867998	0	0	RSPO1
RSPO3	702.27169538262	-4.81210059522108	0.0828580578009375	-58.0764348445377	0	0	RSPO3
RSPO4	86.6806280785965	-2.37516576565544	0.10545761773073	-22.5224674780733	2.50050647064875e-112	1.02206214755105e-111	RSPO4
RSPRY1	1268.92083107822	-0.372240071086857	0.0155876068875227	-23.8805144223146	4.88240092091464e-126	2.20160568580622e-125	RSPRY1
RSRC1	693.94474153357	-0.518491907246822	0.0199206632048325	-26.0278436473462	2.39750219920357e-149	1.27270531075976e-148	RSRC1
RSRC2	4256.53455839841	-0.425767041784824	0.0167432490523975	-25.4291768851075	1.20001685173179e-142	6.05253666237712e-142	RSRC2
RSU1	2974.96943223324	0.18368652543219	0.0328254056762844	5.59586459474892	2.19524988552079e-08	2.94373459395558e-08	RSU1
RTCA	1708.8413551158	0.296630127395862	0.0312480242777675	9.49276423875891	2.24987420665095e-21	3.76498889968614e-21	RTCA
RTCB	4466.82620119949	-0.542590723505531	0.0230366136040493	-23.5534064525073	1.15840870419794e-122	5.09841444603109e-122	RTCB
RTEL1	1718.8671599542	-0.0539538227506271	0.0215753724594062	-2.50071338755057	0.0123943439990446	0.0142045321402433	RTEL1
RTEL1P1	6.93407897862873	-1.06464005553269	0.0916066635475543	-11.6218625840469	3.19102481515705e-31	6.082341984079e-31	RTEL1P1
RTF1	4574.01244116835	-0.538515611213502	0.0252719178326984	-21.3088541510188	9.39668934401969e-101	3.49699824026666e-100	RTF1
RTKN	1130.45913373565	0.092738773292311	0.0462812180906391	2.00381012251422	0.0450904040951216	0.050348760257818	RTKN
RTKN2	47.0067221764251	-2.50299076061873	0.0945156635813386	-26.4822852189436	1.55069137533197e-154	8.51036446565571e-154	RTKN2
RTL1	4.59929547263343	0.0336928896256472	0.105740610523291	0.318637176945615	0.750001658614796	0.763316552084861	RTL1
RTN1	440.336436619568	-2.65017822340716	0.0718242886327406	-36.8980782665085	4.96088350743336e-298	6.36953381007903e-297	RTN1
RTN2	3689.35765069016	-2.64902973887338	0.0952485692663855	-27.8117535966837	3.12710604038382e-170	1.92909649873026e-169	RTN2
RTN3	7417.43955329313	-1.02305866119194	0.0284054041331011	-36.0163388768605	4.64271764042564e-284	5.56044978345323e-283	RTN3
RTN3P1	3.25765061828164	-0.760902056657994	0.0853063367419768	-8.91964285091116	4.67794323033143e-19	7.57331199651013e-19	RTN3P1
RTN4	21196.8910379143	-1.47339411758705	0.0370335468482945	-39.7853903549317	0	0	RTN4
RTN4IP1	518.853504560421	0.911674607240586	0.0595751712484169	15.3029288567058	7.30919372011236e-53	1.76134934612775e-52	RTN4IP1
RTN4R	205.625401552994	-0.241551705252952	0.089861972615594	-2.68803030049481	0.00718748742393093	0.00832091845894788	RTN4R
RTN4RL1	636.52083757655	-1.59355155580892	0.0667272038753343	-23.8815874674762	4.75866357846479e-126	2.1463468573276e-125	RTN4RL1
RTN4RL2	105.313259119555	0.282368594701872	0.048666933556968	5.80206259289668	6.55040986650441e-09	8.88709134812676e-09	RTN4RL2
RTP3	9.94523073723872	-0.598007252000134	0.0994983871162553	-6.01022056067516	1.85271094863244e-09	2.54546250849737e-09	RTP3
RTP4	63.8397612915827	1.1773391296441	0.0717322297867037	16.4129727062009	1.54454187368297e-60	4.02072281535316e-60	RTP4
RTTN	790.396230579863	-0.106825138338581	0.0286883341382595	-3.7236438276183	0.000196367907317862	0.000239778774903597	RTTN
RUFY1	2511.88776056036	-0.499665486182239	0.0138957411862945	-35.9581744855081	3.77162312172859e-283	4.49920396383275e-282	RUFY1
RUFY2	1056.13708419949	-0.652188954961832	0.0169473847569983	-38.4831621110458	0	0	RUFY2
RUFY3	3816.33179465223	-0.546814059633362	0.0245088739657317	-22.310860156118	2.89868130306792e-110	1.16393402044447e-109	RUFY3
RUFY4	8.72127606829744	-0.299281287260495	0.0903735380561675	-3.31160308313358	0.000927630569932187	0.00110988885937848	RUFY4
RUNDC1	1230.49807724333	-0.27445525851694	0.0266806928405331	-10.286661600481	8.09338903649488e-25	1.42260615219162e-24	RUNDC1
RUNDC3A	210.091850423265	-2.24416604298563	0.111370112061964	-20.150523344513	2.66284052604202e-90	9.06634997338423e-90	RUNDC3A
RUNDC3B	129.163389419546	0.0225426103587265	0.0658259936496193	0.34245757806129	0.732006563855097	0.745634345628995	RUNDC3B
RUNX1	3277.44930732503	-1.956607918655	0.0629079062439345	-31.1027347034564	2.21193685232517e-212	1.78872755070554e-211	RUNX1
RUNX1T1	880.759418043759	0.840596247704592	0.0403094410656537	20.8535823241875	1.41427565524428e-96	5.07037961960811e-96	RUNX1T1
RUNX2	317.042442299611	-0.99250715350927	0.0543312944277511	-18.2676883362146	1.49657418059761e-74	4.44111965462209e-74	RUNX2
RUNX3	634.246689530005	-2.6537246355339	0.0906601290727985	-29.2711323342923	2.41777218161381e-188	1.67910173770178e-187	RUNX3
RUSC1	2018.85053105262	0.3026022877356	0.0366211814545952	8.26304001444578	1.42008609263146e-16	2.2161222152977e-16	RUSC1
RUSC1-AS1	419.778172488394	-0.118859007971185	0.0400505116418638	-2.96772757946356	0.00300010097099351	0.00352258936656801	RUSC1-AS1
RUSC2	5095.41631181431	-0.00554040531884725	0.0435222160159325	-0.12730062542815	0.898702465315051	0.90498674637146	RUSC2
RUVBL1	1196.80455511126	0.499359677642889	0.0230393596242012	21.6741995345368	3.59432247314635e-104	1.37224599870854e-103	RUVBL1
RUVBL2	3109.6341438868	-0.0646261805244401	0.0325489168794644	-1.98550940308596	0.0470878249993161	0.0525302390811037	RUVBL2
RWDD1	3309.71463097146	0.0813124677931002	0.0400818297208054	2.02866157457111	0.0424927722379124	0.0475041853840928	RWDD1
RWDD2A	321.468830897411	0.378611457468485	0.0238213971371294	15.8937553195971	7.00051255106016e-57	1.75485623773338e-56	RWDD2A
RWDD2B	1293.04993771391	-0.790287606010814	0.0504750099841882	-15.6570074232453	2.97573473413058e-55	7.33582593112636e-55	RWDD2B
RWDD3	662.586312626029	0.796991134228635	0.0233864938842375	34.0791201183777	1.50390366165334e-254	1.53381132087375e-253	RWDD3
RWDD4	961.370454548678	-0.825918075756264	0.045257925870613	-18.249136695249	2.10204816023863e-74	6.23171425106316e-74	RWDD4
RWDD4P1	2.58478058819149	-0.925920921071116	0.0951455573022871	-9.73162538876482	2.21032479770097e-22	3.75217433830773e-22	RWDD4P1
RWDD4P2	46.003201725742	-0.98413058782324	0.0529672801148288	-18.5799721203302	4.66747630821299e-77	1.4163729100496e-76	RWDD4P2
RXFP1	3.39721136943399	0.392556237612299	0.119326298126867	3.28977135614259	0.00100268823082882	0.00119857831483827	RXFP1
RXFP2	8.43069481067146	-2.77780795167376	0.16025323809623	-17.333864729808	2.61173200624539e-67	7.25633397814838e-67	RXFP2
RXFP4	2.13360302827447	-0.0981098249710554	0.104941874395198	-0.934896822993517	0.349841474535078	0.369636460826785	RXFP4
RXRA	15104.5854596602	-1.47207087327651	0.0433579035159098	-33.951615597289	1.15459445677038e-252	1.16240798749014e-251	RXRA
RXRB	3497.69404667688	-0.0463144411175445	0.0173056411437991	-2.67626265520592	0.00744482754559707	0.00861496147134821	RXRB
RXRG	826.16831363863	-1.10153740969172	0.102705008473594	-10.7252550392899	7.7473053129159e-27	1.3975272365748e-26	RXRG
RYBP	1667.69324548931	-0.388919487001791	0.0282941911008313	-13.7455594901373	5.41527988567173e-43	1.17644766138036e-42	RYBP
RYK	2619.31009411997	-0.208984549053719	0.015111787100343	-13.8292412185304	1.69802169143376e-43	3.70767691260299e-43	RYK
RYKP1	4.35330832161606	0.145881507233349	0.0768029745723111	1.89942522468318	0.0575085895311227	0.0638704417663956	RYKP1
RYR1	91963.4360095045	-9.32438855848494	0.140377100687686	-66.4238576862337	0	0	RYR1
RYR2	14053.8668242842	8.2458557550712	0.0761217731819954	108.324535942649	0	0	RYR2
RYR3	2487.840149195	-4.6791618878029	0.087150518722628	-53.6905798885163	0	0	RYR3
S100A1	1564.68642756912	1.78989617114059	0.0908482167410565	19.7020506879327	2.07061044129514e-86	6.82281869920442e-86	S100A1
S100A10	7369.2318158039	-0.0221833017752781	0.0568287850675626	-0.390353264615896	0.696275341510807	0.711290643126726	S100A10
S100A11	6578.17818579254	-0.495573035781474	0.0660785011981629	-7.49976205264249	6.39337849177704e-14	9.54842829424031e-14	S100A11
S100A12	70.3220377082109	2.17168349694654	0.0992861113713793	21.872983712932	4.69824308303778e-106	1.82034166460962e-105	S100A12
S100A13	3699.14289005477	0.275343177662431	0.0384667736738762	7.15794831136106	8.18934190219402e-13	1.1997749131716e-12	S100A13
S100A14	5220.75088111393	-5.4521417875066	0.138519817671882	-39.3600127342162	0	0	S100A14
S100A16	6802.0563798221	-0.794649799046588	0.0640099827053267	-12.4144667044327	2.18135490264245e-35	4.35665922583677e-35	S100A16
S100A2	1340.46933763284	-4.88454286018778	0.122713412855044	-39.8044740712875	0	0	S100A2
S100A3	288.223533574507	-2.42078702729482	0.11311534408415	-21.4010490521421	1.30635555411791e-101	4.8929892487883e-101	S100A3
S100A4	5206.52859687674	-0.723925518516399	0.0596657921143304	-12.1330077564248	7.06075650452739e-34	1.38756198513098e-33	S100A4
S100A6	14661.6227750107	-0.239143444852554	0.0460608558669894	-5.1919018948135	2.08156685375611e-07	2.7372550905445e-07	S100A6
S100A7	731.670134872021	-7.63509058038629	0.191545508953911	-39.860452077858	0	0	S100A7
S100A7A	15.5809518682839	-4.56840021213549	0.204636078000977	-22.3245102074018	2.13615860149926e-110	8.59284714761748e-110	S100A7A
S100A8	1262.93489025389	0.439085873948741	0.0962968721492772	4.55971065465221	5.12241501954405e-06	6.52896642121451e-06	S100A8
S100A9	2603.57087888558	0.192330551526	0.0892938076700283	2.15390693424933	0.0312474710616935	0.0351883469866466	S100A9
S100B	670.940882881088	-1.60191950891636	0.0967846739046733	-16.5513757942105	1.56485340973875e-61	4.12489767589797e-61	S100B
S100P	399.062996970079	-2.93460358998185	0.119811913682553	-24.4934205604729	1.73594344084268e-132	8.15467585558691e-132	S100P
S100PBP	1315.02487222581	-0.191251323549288	0.022181478006543	-8.62211812453943	6.57268512212972e-18	1.04555412587007e-17	S100PBP
S100Z	2.48205749263901	0.48284802745152	0.111866714496091	4.31627968718428	1.58680901167008e-05	1.9977723471166e-05	S100Z
S1PR1	4888.46611999793	0.827684650275201	0.0596846593667347	13.8676279475679	9.95135886369847e-44	2.17978110130733e-43	S1PR1
S1PR2	545.793368158102	0.761955053947365	0.0653005796614528	11.6684271088814	1.84808463521144e-31	3.53419436082452e-31	S1PR2
S1PR3	1162.19112411245	1.876784627268	0.0437229964703225	42.9244283049513	0	0	S1PR3
S1PR4	69.7959726941416	0.42005785011933	0.0608398863918925	6.904316806471	5.04456086412712e-12	7.28730760895212e-12	S1PR4
S1PR5	312.653840209449	-2.98541557308439	0.117015106189709	-25.5130783562622	1.41138529978233e-143	7.18099117619608e-143	S1PR5
SAA1	7882.0096842469	-5.99373198420489	0.119141858610129	-50.3075246107947	0	0	SAA1
SAA2	2038.18301037777	-5.65301387825818	0.132728354107164	-42.5908534486458	0	0	SAA2
SAA4	78.7234049973359	-5.00382339124617	0.140002661570146	-35.740916173505	9.15603088413753e-280	1.0723338447974e-278	SAA4
SAAL1	359.791339694755	0.0480960760378725	0.0164854046638954	2.91749441511784	0.00352855967660389	0.00413230126462473	SAAL1
SAC3D1	393.449651985394	-0.334369665437138	0.0369624404761765	-9.04620098482541	1.4802886181704e-19	2.41627452082747e-19	SAC3D1
SACM1L	1763.67947151725	0.020545566652908	0.0189533159838812	1.08400908159717	0.278360772226285	0.296460315988958	SACM1L
SACS	2557.92406462467	-0.174630520239377	0.0597956486383804	-2.92045532101293	0.00349520310507072	0.00409376999768222	SACS
SAE1	3146.60996810048	-0.0997479923504421	0.0164594997015	-6.06020803544543	1.35945604270527e-09	1.87349320354751e-09	SAE1
SAFB	6298.17825426642	-0.497853187806528	0.02141089551008	-23.2523290570516	1.34741109551318e-119	5.80395959089081e-119	SAFB
SAFB2	3944.57994379153	0.0638753843642439	0.0215889663952527	2.95870507160035	0.00308934612750296	0.00362572171346856	SAFB2
SAGE1	0.611904134468225	-0.0903731867250702	0.216640339682719	-0.417157704135003	0.676563059907319	0.692528809359243	SAGE1
SALL1	24.9137756147367	-0.120733373779944	0.0954488555884406	-1.26490121893683	0.20590674035781	0.221364502698336	SALL1
SALL2	271.461761099939	0.322992757525653	0.046635270455368	6.92593297673209	4.33111495465164e-12	6.26622731865328e-12	SALL2
SALL3	7.16242322206828	3.00070323100445	0.112632056215347	26.6416447664531	2.23666445790002e-156	1.24766646751342e-155	SALL3
SALL4	28.5706897610967	-0.404894580343054	0.0876605595049756	-4.61889112537631	3.85796208073556e-06	4.9312771011376e-06	SALL4
SAMD1	2140.59570677369	0.137450702385311	0.0364275118401625	3.77326628808523	0.000161124153480228	0.000197319265718592	SAMD1
SAMD10	318.71574256986	0.207494688611781	0.0636645017469986	3.25918970412052	0.00111730929434268	0.00133373240102537	SAMD10
SAMD11	101.749285041639	0.888981211981211	0.0677416057218896	13.1231198686209	2.42732420978599e-39	5.04785849126127e-39	SAMD11
SAMD12	266.249860479561	1.40201652273683	0.067748389051906	20.6944628847582	3.88532920271535e-95	1.37595536057602e-94	SAMD12
SAMD13	69.6212343633611	-1.50231653125782	0.0733959495494708	-20.4686572008339	4.09755700054132e-93	1.43029132376855e-92	SAMD13
SAMD14	94.0700104566394	0.550002770611878	0.0544662038945133	10.0980558820859	5.63481588846552e-24	9.79927744259182e-24	SAMD14
SAMD15	15.8184011125903	-0.51983887147756	0.0701369700059584	-7.41176688176574	1.24627691215204e-13	1.8517730660874e-13	SAMD15
SAMD3	22.7473002248318	-0.157511095834386	0.0724240693565655	-2.17484459564004	0.0296417639327364	0.0334156683713168	SAMD3
SAMD4A	6621.63689816326	0.757960424771748	0.0580683877005035	13.0528925425146	6.11796837274414e-39	1.26775122226047e-38	SAMD4A
SAMD4B	5177.46113867826	-0.318310385891915	0.021701062674699	-14.667963069985	1.03402808598914e-48	2.3940243827512e-48	SAMD4B
SAMD5	174.575351992198	-0.85839656876201	0.0877890435098338	-9.77794647763596	1.40022584387142e-22	2.38481048054071e-22	SAMD5
SAMD8	3560.44839244947	-0.722723130534625	0.0476036678551695	-15.1820891771082	4.64740411238867e-52	1.1133606790938e-51	SAMD8
SAMD9	265.966618089907	0.907592112419899	0.0493059231057047	18.4073647799708	1.1466800432128e-75	3.43793928345664e-75	SAMD9
SAMD9L	805.352406192334	1.08201309831103	0.0554548280504131	19.5116121778862	8.74793075591577e-85	2.84039504937301e-84	SAMD9L
SAMHD1	5728.86765066036	-0.540330808511813	0.0561951067924636	-9.61526437715174	6.89320400153242e-22	1.16292938361373e-21	SAMHD1
SAMM50	4169.89862853174	-0.268249794461181	0.0494801993934452	-5.4213563758742	5.91485088773109e-08	7.86244504726387e-08	SAMM50
SAMSN1	124.024704577431	0.00985510987669466	0.0673291428522369	0.146372127420708	0.883627629403659	0.890553773970957	SAMSN1
SAP130	1643.4718447771	-0.408561800688139	0.0211362214982037	-19.3299356142186	3.00793057695175e-83	9.65165032365569e-83	SAP130
SAP18	6272.34039671019	0.122146099072959	0.0310426543818835	3.93478268869443	8.3272005914314e-05	0.0001028600410666	SAP18
SAP25	348.632472872796	0.458812242813262	0.0461366807301323	9.94463050987556	2.66159903124993e-23	4.5839498815088e-23	SAP25
SAP30	409.22551964932	0.56946933125456	0.0269082033476471	21.1634096820646	2.07650059754723e-99	7.64711277750566e-99	SAP30
SAP30BP	3022.67040399304	-0.0145409826680963	0.0148662261001074	-0.978121990758047	0.328013992709338	0.347348660671851	SAP30BP
SAP30L	2458.96232229951	-0.0680219354328186	0.0224890613569966	-3.02466760853299	0.00248906512720376	0.00293154026137104	SAP30L
SAPCD1	196.238364783289	-2.14960137379902	0.0810234812594406	-26.5305975549965	4.30114108717785e-155	2.37499511381253e-154	SAPCD1
SAPCD2	186.232165395406	-2.97284020805648	0.115135605298286	-25.820337682289	5.24167694952145e-147	2.73573287237853e-146	SAPCD2
SAR1A	5169.04238994825	-0.0468900318346703	0.0189926504347643	-2.46885141153561	0.0135547489345988	0.0155087418529024	SAR1A
SAR1B	7046.48025560722	-1.09368276518193	0.0618865644291882	-17.6723780883547	6.84495555497098e-70	1.95271069643475e-69	SAR1B
SARDH	63.4514887995435	0.356921205022869	0.062419465580389	5.71810735167535	1.07717085987975e-08	1.45375263522982e-08	SARDH
SARM1	350.210473299703	0.158113602296228	0.0406940077142097	3.8854271470789	0.000102150123427095	0.000125756009561697	SARM1
SARNP	2314.98086787346	0.224025861604192	0.0250970368056483	8.92638694117756	4.40148946539991e-19	7.12831415804442e-19	SARNP
SARS2	1026.45051127596	0.0653777852380234	0.0259509802516676	2.51927998880976	0.0117595105380195	0.0134864264267896	SARS2
SART1	3872.6642560803	-0.428142920537094	0.018320431609365	-23.3696961767122	8.69190679634489e-121	3.77292052666999e-120	SART1
SART3	2634.1750551204	-0.447280283887912	0.0134524687741634	-33.2489367860086	2.11483569409787e-242	2.01104898729296e-241	SART3
SASH1	6629.84701626404	-0.71493131279905	0.0386734082215068	-18.4863798066152	2.65811508986576e-76	8.01486260178786e-76	SASH1
SASH3	173.715242531038	0.474440090856683	0.0618118873099249	7.67554772236349	1.64713318495358e-14	2.4815905977862e-14	SASH3
SASS6	178.418839845863	-0.271207880156691	0.0249201345949221	-10.8830824778914	1.38788741623859e-27	2.52740125237338e-27	SASS6
SAT1	6968.64041487162	0.465324045836661	0.0626264603486607	7.43015082196981	1.08473922365195e-13	1.61401808273753e-13	SAT1
SAT2	2402.77805411565	0.235478089697938	0.0263761776137555	8.92768061946678	4.35033476451571e-19	7.04737005903953e-19	SAT2
SATB1	3742.7789441292	-0.351675458011724	0.0552478359626617	-6.36541598207389	1.94761163100425e-10	2.72959802006443e-10	SATB1
SATB2	365.733765915891	-2.06462008976243	0.0318586273692574	-64.8056824869587	0	0	SATB2
SATL1	1.5645415365566	0.107755176969267	0.116628776289416	0.923915867057291	0.355530121225294	0.375448651424177	SATL1
SAV1	1882.56860021873	-0.635423563823422	0.0264961116758188	-23.9817665172105	4.30995620789332e-127	1.957696737277e-126	SAV1
SAYSD1	551.205828363794	0.148579753281235	0.0175296309876278	8.47592019399042	2.33228603754444e-17	3.68243846696233e-17	SAYSD1
SBDS	9386.17648859088	-0.250690573690514	0.0459470682970907	-5.45607332484339	4.8677898122823e-08	6.48450265750711e-08	SBDS
SBDSP1	1546.48441093148	-0.476260397569298	0.0253022878160513	-18.822819542317	4.91008109990642e-79	1.51684176899632e-78	SBDSP1
SBF1	10064.8728171893	-0.595166630096583	0.0299172684503074	-19.8937490260902	4.60966460847384e-88	1.54034847999142e-87	SBF1
SBF2	1872.06611872754	-0.170840288017472	0.0269729700828158	-6.33375885165543	2.39259369090523e-10	3.34751119462032e-10	SBF2
SBF2-AS1	182.631980622284	-0.271899166080846	0.0393542001027518	-6.90902534852522	4.87994765485638e-12	7.05233925297606e-12	SBF2-AS1
SBK1	1007.55451398779	-1.49286815362736	0.0959785723605535	-15.5541816981737	1.49048039391665e-54	3.65284378092493e-54	SBK1
SBK3	122.010434628148	0.905904828435236	0.115553992931864	7.83966702880966	4.51742697726742e-15	6.86635168604161e-15	SBK3
SBNO1	2716.24317937804	-0.450547995515953	0.0262693732288899	-17.1510751927823	6.17002374689682e-66	1.69179889516968e-65	SBNO1
SBNO2	6320.26749899733	-0.871221953911814	0.0434389167210856	-20.056254153523	1.77998479862314e-89	6.02283954135624e-89	SBNO2
SBSN	35540.8915919456	-9.4349367848184	0.168042913009371	-56.1459963758916	0	0	SBSN
SBSPON	262.522106473375	-0.971851962223969	0.0674576593546571	-14.4068438116787	4.6864206352163e-47	1.0662317726811e-46	SBSPON
SC5D	1226.20141518841	0.105440210031107	0.0331547678245729	3.18024275087697	0.00147151726639016	0.00174901170764537	SC5D
SCAF1	4890.55447835834	-0.244311998339907	0.0217091840402293	-11.2538544925121	2.2168770452288e-29	4.13448028296348e-29	SCAF1
SCAF11	5676.29899169503	-0.231080668845661	0.0164698935559324	-14.0304895147563	1.01448896735687e-44	2.24650214065581e-44	SCAF11
SCAF4	2630.11500181535	-0.603517958162439	0.0161029960622007	-37.4786130376759	2.05470743629866e-307	2.75404233513121e-306	SCAF4
SCAF8	2345.2619410481	-0.752626222986791	0.0157751280699211	-47.7096743462797	0	0	SCAF8
SCAI	638.123028586511	-0.544703507326041	0.0256889570567384	-21.2037999877913	8.80886513089971e-100	3.25268474300155e-99	SCAI
SCAMP1	1664.39605074351	-0.130542069998068	0.0215790040149958	-6.04949468044728	1.4530086227616e-09	2.00119420186163e-09	SCAMP1
SCAMP2	4169.63932141476	-0.492632015112551	0.029504901769565	-16.6966160050298	1.38712027732628e-62	3.68989982446437e-62	SCAMP2
SCAMP3	3550.36286531188	0.0387374736764998	0.024025796404847	1.61232839169006	0.10689049821887	0.116997194359594	SCAMP3
SCAMP4	2278.80245495376	-0.534323084365216	0.0345641983651504	-15.4588594452678	6.57524678973974e-54	1.60098765673076e-53	SCAMP4
SCAMP5	228.174990761851	0.884262310072979	0.0654664091717848	13.5071148892963	1.41977233652075e-41	3.03459057583827e-41	SCAMP5
SCAND1	2175.25301546213	-0.0240073866362575	0.0242467465741118	-0.990128162674414	0.322111479553852	0.341379378478003	SCAND1
SCAND2P	335.737799062745	0.756419039001752	0.0314753016704291	24.0321458050521	1.28323351910571e-127	5.84205528007635e-127	SCAND2P
SCAP	4742.53538966097	-0.28575849327021	0.02373079453008	-12.0416740749239	2.14556852634904e-33	4.19352649759056e-33	SCAP
SCAPER	1670.46027010094	0.0704761838712501	0.0343836340059385	2.04970143234651	0.0403935751661596	0.045219200657092	SCAPER
SCARA3	1251.59689688184	-0.983890785146578	0.0733912844849341	-13.4060984495857	5.56925436751826e-41	1.18207932873124e-40	SCARA3
SCARA5	3665.94061546061	0.318243769519329	0.0561822491559563	5.66448966177762	1.47462752142682e-08	1.98495251725148e-08	SCARA5
SCARB1	2459.88783878634	-1.50187808720895	0.052872819771661	-28.4054849674185	1.73007401898085e-177	1.11944868496313e-176	SCARB1
SCARB2	11084.6701473273	-0.433713416171358	0.0366379210296259	-11.8378282386889	2.4881258441209e-32	4.80823975523567e-32	SCARB2
SCARF1	1451.83033698253	0.973489906547489	0.0486532612292551	20.0087287460626	4.62287997036695e-89	1.55690294380871e-88	SCARF1
SCARF2	1097.63197051856	0.123172071990028	0.0538924934230662	2.28551444118765	0.0222826806324619	0.0252763585648086	SCARF2
SCARNA1	0.141589039602693	0.561867274094044	0.298073623654977	1.88499494589435	0.0594305201764342	0.0659480208171614	SCARNA1
SCARNA10	0.0121306447312142	0.576445217191946	1.42757416677291	0.403793533540204	0.686364552038276	0.701918900943501	SCARNA10
SCARNA11	0.228865527976559	0.279751192041442	0.172279857493791	1.62381833901577	0.104414584894042	0.114342799773552	SCARNA11
SCARNA12	52.213678704372	0.0618232810093882	0.0355466039751096	1.73921764939002	0.0819964861081729	0.0903924763569858	SCARNA12
SCARNA14	0.0629827100652567	0.365014490589763	0.533860076486718	0.683726891495406	0.494147639227783	0.514795512109458	SCARNA14
SCARNA18	0.150208739521855	0.416397002140499	0.239044961404578	1.74191917576442	0.0815225880264032	0.0898810624770799	SCARNA18
SCARNA20	0.418055840594604	-0.321142455650456	0.10356062531455	-3.10100923661896	0.00192862274505059	0.00227967286319888	SCARNA20
SCARNA21	0.892677501216206	0.721943350894368	0.107241246671368	6.73195597125704	1.67397302435704e-11	2.39418309323464e-11	SCARNA21
SCARNA23	0.0668452998545014	0.511938662616158	0.50768659601129	1.0083753769319	0.313274289121734	0.332287459694793	SCARNA23
SCARNA3	0.277480057762664	-0.128728991466453	0.175489288970569	-0.733543296126988	0.463227130984287	0.483758866673328	SCARNA3
SCARNA5	1.79222772263147	-0.470579948229649	0.106354745190617	-4.42462578784089	9.66095997521237e-06	1.22323233110922e-05	SCARNA5
SCARNA6	7.2683149156594	-1.47032490723328	0.0672207411981547	-21.8730838283831	4.68794462386345e-106	1.81674254411552e-105	SCARNA6
SCARNA7	7.97317590621044	0.865773207556978	0.095907124961905	9.02720426559413	1.76113479162365e-19	2.87209525131522e-19	SCARNA7
SCARNA8	1.60417958152649	-1.14927906477787	0.0830253500467757	-13.8425079102994	1.41193129960176e-43	3.08748485472925e-43	SCARNA8
SCARNA9	9.46005017711978	0.294973876669466	0.0526811966404027	5.59922506474051	2.15312113382207e-08	2.88831757432977e-08	SCARNA9
SCCPDH	2382.9617775203	-0.11799813792299	0.0405240136447895	-2.91180777297369	0.00359343702025679	0.00420636362346485	SCCPDH
SCD	11367.5588289797	-3.12726800921188	0.116064674449654	-26.9441845595181	6.67348712143382e-160	3.81121325104474e-159	SCD
SCD5	499.811142777902	-0.189312927605835	0.0600881398949849	-3.15058725293701	0.00162942578653382	0.00193236007532745	SCD5
SCDP1	1.23083761830489	-1.55290266896529	0.202721341067809	-7.66028214289414	1.85525050551994e-14	2.7930387513477e-14	SCDP1
SCEL	6373.68044006401	-8.83635345659724	0.165213736185457	-53.4843752136818	0	0	SCEL
SCFD1	2109.76422517585	-0.106046706609251	0.0154232811257994	-6.87575527828901	6.16622771310287e-12	8.89623026877974e-12	SCFD1
SCFD2	732.058164067128	-0.32000856122988	0.0242119400656204	-13.2169731282407	7.0025642646496e-40	1.46624589191529e-39	SCFD2
SCG2	52.6140460037076	0.138069985595423	0.0904862183692987	1.52586756396341	0.127042850107364	0.138499173012516	SCG2
SCG3	14.6284418450144	-0.627196812474735	0.0800683875465018	-7.83326393466428	4.75364942830768e-15	7.22235342327536e-15	SCG3
SCG5	44.0710621607465	-0.82113343859737	0.0895997983203713	-9.16445632680267	4.97973509790561e-20	8.17959772765753e-20	SCG5
SCGB1A1	1.93045388540438	0.558175849308854	0.142390460712188	3.92003682351366	8.85354397212436e-05	0.000109241651273021	SCGB1A1
SCGB1D2	1745.60771203551	-5.93039153975826	0.130335437419345	-45.5009908063425	0	0	SCGB1D2
SCGB2A1	87.6104516698253	-7.84905161156435	0.213574318214852	-36.7509149843959	1.12415633816429e-295	1.4250660734715e-294	SCGB2A1
SCGB2A2	5155.74406061573	-10.0252975484747	0.177133117581288	-56.597533456012	0	0	SCGB2A2
SCGB2B2	108.331981480061	-0.460221844270476	0.0413352049627199	-11.1338953002785	8.58022088183642e-29	1.58869117562166e-28	SCGB2B2
SCGB3A1	103.024704375181	-3.52426279719623	0.138459699264429	-25.4533471899692	6.48213870460881e-143	3.276747509735e-142	SCGB3A1
SCGB3A2	4.33589512852644	-0.869050136373208	0.125854028426597	-6.90522303686191	5.01246119205593e-12	7.24326193451062e-12	SCGB3A2
SCGN	63.0965511355128	2.74752218631054	0.158535933250816	17.3305958464555	2.76449508917509e-67	7.67957964509888e-67	SCGN
SCHIP1	263.557334878073	0.177799907916112	0.121078599386409	1.4684668373862	0.141977457909283	0.154303943719435	SCHIP1
SCIMP	29.7110278170896	0.252453079345544	0.065198555002714	3.87206555935227	0.000107916914383615	0.000132737435997229	SCIMP
SCIN	167.71046964514	-3.7290681758075	0.0970361332959786	-38.4296864388974	0	0	SCIN
SCLT1	292.497669795497	0.334671067426042	0.028226997020038	11.8564177120387	1.99321809581561e-32	3.85515407142762e-32	SCLT1
SCLY	466.025130673821	0.523988614035799	0.0220650364453611	23.7474619782902	1.16712548289313e-124	5.21067108570416e-124	SCLY
SCMH1	2852.4405271262	0.418141731051055	0.0326923876940367	12.7901863566645	1.8602729337655e-37	3.79582555891099e-37	SCMH1
SCML1	1404.95144307883	-0.613700563360149	0.0311595776208653	-19.6954070054274	2.36091938103569e-86	7.77656171601527e-86	SCML1
SCML2	121.495555595173	-0.381706689141154	0.0333171201744602	-11.4567731887511	2.17466736325435e-30	4.10294384298726e-30	SCML2
SCML4	28.1817551933468	-1.10442219160027	0.0834830057710754	-13.2293055502672	5.9433967066842e-40	1.24562910835979e-39	SCML4
SCN10A	7.99506000399817	6.21869806814809	0.127869301884893	48.6332370356265	0	0	SCN10A
SCN11A	41.3283925281888	-1.35393192520826	0.0725413754042347	-18.6642714955915	9.66846221135023e-78	2.95036426964766e-77	SCN11A
SCN1A	11.3546598739689	2.79745525646427	0.118954686146152	23.5169823661021	2.7341957021279e-122	1.199567556276e-121	SCN1A
SCN1B	11011.3124156315	-2.11602247842004	0.109430575595274	-19.3366658898524	2.64002293165668e-83	8.48020214003425e-83	SCN1B
SCN2A	45.0980216479514	-1.30708048155216	0.0927597515139458	-14.0910304331254	4.31223184574437e-45	9.58918906179672e-45	SCN2A
SCN2B	426.720729527209	2.16680060108804	0.104454262036902	20.7440133014635	1.38843932915922e-95	4.93061676152993e-95	SCN2B
SCN3A	165.123262174011	1.12055519555574	0.0525906693826227	21.3071103431514	9.75320489845309e-101	3.62892603094365e-100	SCN3A
SCN3B	1189.0679364666	-2.10346732889402	0.0747047793168479	-28.157065024883	1.96364757746528e-174	1.24726958510771e-173	SCN3B
SCN4A	10359.5738926196	-5.57793970387408	0.113551332252499	-49.1226266854416	0	0	SCN4A
SCN4B	1923.0633196791	1.14746446665201	0.0685801315175504	16.7317332478191	7.69655597487515e-63	2.05161711985381e-62	SCN4B
SCN5A	3259.29309193864	5.98580669788996	0.0921942622432561	64.9260219914371	0	0	SCN5A
SCN7A	1640.33456317336	2.95067082061882	0.0551536373262051	53.499115627989	0	0	SCN7A
SCN8A	70.9919055704183	0.179038966893777	0.0592168044080827	3.0234486423813	0.00249911443484153	0.00294299090289038	SCN8A
SCN9A	90.5627130435676	0.168491510907328	0.0583116201220224	2.88950145022115	0.00385853227241603	0.00451227437379075	SCN9A
SCNM1	1237.07876634381	-0.636676547725536	0.0291151649739105	-21.8675232751059	5.29550542156409e-106	2.05131037429686e-105	SCNM1
SCNN1A	2585.8257861828	-5.93482748077543	0.112340000362361	-52.8291566817892	0	0	SCNN1A
SCNN1B	1392.38558721436	-5.9353152821168	0.0953501894165527	-62.247545793406	0	0	SCNN1B
SCNN1D	477.363496712022	0.577321049066999	0.0402673567036032	14.3371975795804	1.28125650395465e-46	2.90184931148561e-46	SCNN1D
SCNN1G	407.674963743666	-6.2048132101361	0.134788418612856	-46.0337265915833	0	0	SCNN1G
SCO1	1840.46805812736	0.331009241944869	0.025152885921176	13.1598911942822	1.49300716774396e-39	3.11276604430844e-39	SCO1
SCO2	30.8187518917748	0.511785524750329	0.03746703315605	13.6596223837299	1.76898690303025e-42	3.8245896278462e-42	SCO2
SCOC	1972.99105579756	0.946448457077949	0.0287042604367652	32.9724034926087	2.02015871604808e-238	1.88614507508203e-237	SCOC
SCP2	4973.53877605701	0.0331406331650382	0.0274560816727172	1.20704161504479	0.22741611783792	0.24363015754332	SCP2
SCPEP1	3145.54229981212	0.325611223750306	0.04408120950771	7.38662181429834	1.50606172455314e-13	2.23426875751451e-13	SCPEP1
SCRG1	51.7703221116146	1.17411443554189	0.0677606019310868	17.3273908743605	2.92291289944592e-67	8.1133932309832e-67	SCRG1
SCRIB	6709.73646572706	-0.890756878574646	0.0297763404605521	-29.9149212024469	1.25880124034619e-196	9.26018844604484e-196	SCRIB
SCRN1	1430.12817277248	0.547414992160337	0.0522198956232372	10.4828817757488	1.03539762920383e-25	1.84244688842409e-25	SCRN1
SCRN2	1906.99537784342	0.0654243350234382	0.0364019812763071	1.79727401447846	0.0722921294181471	0.0799244946355525	SCRN2
SCRN3	957.914276100237	0.285697465682375	0.0464659064726938	6.14853959322344	7.81996083001255e-10	1.08249088665838e-09	SCRN3
SCTR	11.2867871395016	1.61140943362578	0.0736121859641852	21.8905254954633	3.19806294744472e-106	1.24069679131363e-105	SCTR
SCUBE1	167.065503521509	-1.37421183491765	0.0671187317926728	-20.4743414872995	3.64643040277486e-93	1.27380930875898e-92	SCUBE1
SCUBE2	990.675238193738	-1.60770823979953	0.0707488490847186	-22.7241610372258	2.58520772158709e-114	1.07275989387481e-113	SCUBE2
SCUBE3	300.764871208773	2.64783358935325	0.0749650490266237	35.320907859513	2.80498442074823e-273	3.16766151555138e-272	SCUBE3
SCYL1	5635.39427620898	-0.326646846214459	0.0307532842763826	-10.6215272254779	2.36657169388853e-26	4.24478448203342e-26	SCYL1
SCYL2	2390.52940732947	-0.166248016039724	0.0188799324010319	-8.8055408519703	1.30223092541036e-18	2.09504503425792e-18	SCYL2
SCYL3	774.080975433609	-0.915706876053457	0.019077052791541	-48.000437282403	0	0	SCYL3
SDAD1	2095.20147497852	-0.632029060556913	0.0241837856910722	-26.134413719612	1.48211569637633e-150	7.90739912580624e-150	SDAD1
SDAD1P1	155.896739067403	0.429980916065445	0.046818190817336	9.18405663608492	4.1515010776685e-20	6.82476446567221e-20	SDAD1P1
SDC1	13399.2336588234	-8.14677827827303	0.141769968142615	-57.464767644426	0	0	SDC1
SDC2	2852.74214176427	0.518304234222027	0.0505331187424125	10.2567236521464	1.10388710165141e-24	1.93845202583426e-24	SDC2
SDC3	2362.15840046719	1.00054196672553	0.0523418915167142	19.1155103060429	1.87576346106254e-81	5.9352466272784e-81	SDC3
SDC4	10273.5117609181	-0.832259363254492	0.0467561502735475	-17.7999976128348	7.06718878201612e-71	2.03513782218961e-70	SDC4
SDCBP	7532.67107395001	0.272864712303353	0.0357227378854513	7.63840423369346	2.19930445151838e-14	3.30740847383311e-14	SDCBP
SDCBP2	1230.30829523826	-2.52407149685009	0.0931444858741547	-27.0984532595982	1.02684423526585e-161	5.9320356479527e-161	SDCBP2
SDCBPP2	0.722773437935811	1.094538683773	0.127908724525946	8.55718550731836	1.1565634828837e-17	1.83268479360823e-17	SDCBPP2
SDCBPP3	1.17510818130981	0.266052941388923	0.108057948175411	2.46213208636017	0.0138113792088435	0.0157993541648699	SDCBPP3
SDCCAG8	926.828438913124	-0.530715365890213	0.0159337300406596	-33.3076664745754	2.99030770608159e-243	2.85259825210253e-242	SDCCAG8
SDE2	1562.6894554635	-0.984131651627374	0.0267292231021943	-36.8185655028103	9.31717887765276e-297	1.18780833552852e-295	SDE2
SDF2	1289.53256152065	0.0906032792244671	0.0138687975599758	6.53288641878665	6.45140703139161e-11	9.12340152188548e-11	SDF2
SDF2L1	573.724346441426	0.930226001999932	0.0368156590444736	25.2671288832888	7.34295388794108e-141	3.65948263944705e-140	SDF2L1
SDF4	6018.09845676324	0.569572775402037	0.0142950484186291	39.8440605951204	0	0	SDF4
SDHA	18493.7542565589	1.38245351803967	0.0644389493840841	21.4536942525186	4.21787620407524e-102	1.5857558385455e-101	SDHA
SDHAF1	617.608035655172	-0.258609724897306	0.0193605335797129	-13.357572188418	1.06997297373666e-40	2.26142814374001e-40	SDHAF1
SDHAF2	1488.13058777335	0.245396119999711	0.022739380526473	10.7916800861845	3.76836601969482e-27	6.82575535525523e-27	SDHAF2
SDHAP1	907.589004453633	-0.0838303120445825	0.0243219730800377	-3.44669043784882	0.000567498438831392	0.000683725279258677	SDHAP1
SDHAP2	431.759342076053	-0.0416055743017556	0.0335551829125993	-1.23991499048373	0.215006838664006	0.230803154796993	SDHAP2
SDHAP3	640.753257765394	0.676062528537935	0.0295273590537944	22.8961393840286	5.07645529828954e-116	2.13308290906886e-115	SDHAP3
SDHB	7189.97687271127	0.839736362916278	0.0605504110355485	13.8683841869096	9.8470074903681e-44	2.1571860999649e-43	SDHB
SDHC	3412.85348375549	0.471308268773841	0.0370814685096193	12.7100756177328	5.19841491973839e-37	1.05557435950604e-36	SDHC
SDHCP1	0.154245751848031	0.359266961602102	0.380495123295166	0.944209109674721	0.345062800965065	0.364780096322066	SDHCP1
SDHCP2	0.649865433543138	0.171619063710908	0.142717600749473	1.2025080495304	0.229166749294025	0.245417969780578	SDHCP2
SDHCP3	0.548870016663595	0.308478291519043	0.159289030892815	1.93659469073307	0.0527949074815353	0.058733151818498	SDHCP3
SDHD	6605.70993308316	0.336985524453916	0.0512542778853744	6.57477850351445	4.87256470279811e-11	6.91127863959253e-11	SDHD
SDHDP2	1.21327914073194	0.337415305251394	0.12076402764269	2.79400506788098	0.00520596628085394	0.00605691565548421	SDHDP2
SDHDP6	7.8315056602215	-0.704631357923667	0.073423956043209	-9.59675010576931	8.2504843926091e-22	1.39021781850937e-21	SDHDP6
SDK1	571.766510155367	-0.4799830334959	0.0452557755832916	-10.6060061353387	2.79439903595295e-26	5.00766322012833e-26	SDK1
SDK2	162.807604659872	0.773112480306555	0.0788362563643024	9.80656002656952	1.05503965520583e-22	1.80067970355173e-22	SDK2
SDR16C5	1411.16556032616	-6.74158165175141	0.139318305644445	-48.3897763511181	0	0	SDR16C5
SDR39U1	390.352244086912	0.151512346305133	0.0224364307607095	6.75296119605889	1.44857694168764e-11	2.07544042719829e-11	SDR39U1
SDR42E1	959.50332675054	-3.51612742290833	0.126829320658994	-27.7233009263067	3.65761792986706e-169	2.2303787383312e-168	SDR42E1
SDR9C7	1130.25275614794	-6.05166144518067	0.134334871798617	-45.0490729931451	0	0	SDR9C7
SDS	39.0584848347136	-1.14179409785105	0.104001641196544	-10.9786161517708	4.84285438882929e-28	8.86928699291037e-28	SDS
SDSL	173.433953391808	2.03821549299191	0.0578909886875287	35.2078197177343	1.5180261479106e-271	1.69937740600365e-270	SDSL
SEC11A	4281.42138746114	-0.430847994290015	0.0230746941308705	-18.6718832261184	8.38435494257396e-78	2.56155419757763e-77	SEC11A
SEC11C	830.019239830532	-0.0127306028415733	0.0300554464607916	-0.423570578403513	0.671879016067242	0.687968951548715	SEC11C
SEC13	3882.99889127343	-0.345906199930896	0.0229417959042506	-15.0775554527014	2.27538768310534e-51	5.41144849829292e-51	SEC13
SEC13P1	1.5711684855238	-0.659954244259249	0.114042214059761	-5.78692942521634	7.16846778998429e-09	9.7190320620251e-09	SEC13P1
SEC14L1	6478.10177967742	0.232700335409064	0.0414567312158922	5.61308932431846	1.98745937443876e-08	2.66847588567704e-08	SEC14L1
SEC14L1P1	51.3594329135973	-0.488279505524626	0.0521230610791252	-9.36782098778496	7.40453431169853e-21	1.23164869843731e-20	SEC14L1P1
SEC14L2	866.601497646959	-2.45650166998352	0.0949452156577917	-25.8728325905058	1.34689558388244e-147	7.05836023448845e-147	SEC14L2
SEC14L3	1.04350902806815	-1.12675997771894	0.179020215286349	-6.29403766449868	3.09312721038137e-10	4.31757001504925e-10	SEC14L3
SEC14L4	8.40177570695636	-2.84060608119732	0.145898895047204	-19.4696887887895	1.9847361628065e-84	6.42576181055392e-84	SEC14L4
SEC14L5	414.591366726795	2.35752375825146	0.0682374558485949	34.5488226214402	1.4845862940378e-261	1.57107806460755e-260	SEC14L5
SEC14L6	111.470429891652	-3.73821645927737	0.128980601540893	-28.9827804694505	1.08458243439645e-184	7.35074111504911e-184	SEC14L6
SEC16A	6342.01816102439	-0.401134396583359	0.0151280268008304	-26.5159760664451	6.34229065150919e-155	3.49563913098031e-154	SEC16A
SEC16B	916.851239960125	0.534162174024698	0.0480856107296657	11.1085658665692	1.13975256309672e-28	2.10773432179003e-28	SEC16B
SEC1P	17.3321116734435	-1.32284818550234	0.0717285053216416	-18.442433444981	5.99800580062728e-76	1.80190424594612e-75	SEC1P
SEC22A	506.810188564422	-0.213770853916446	0.0234668822186674	-9.10946975931879	8.27855765564311e-20	1.35511790814978e-19	SEC22A
SEC22B	2277.99815444407	-0.348584585085768	0.0247520143340351	-14.0830794771498	4.82600990259191e-45	1.07224147440826e-44	SEC22B
SEC22C	2107.87147104155	0.264863269782997	0.0223668169915629	11.841795365112	2.37317631584097e-32	4.58659511074226e-32	SEC22C
SEC23A	3467.40922672572	-0.0336619401604111	0.0399022042385369	-0.843611043620016	0.398886791037819	0.419438117032057	SEC23A
SEC23B	1317.25566367402	-0.763352964583656	0.0426280661727045	-17.9072858123797	1.03459028884222e-71	3.00333168673583e-71	SEC23B
SEC23IP	2086.65658386908	-0.389440820853404	0.0129332775230382	-30.1115336123957	3.42261802434891e-199	2.56070436642995e-198	SEC23IP
SEC24A	1659.32346636873	-0.803542244314023	0.0337391240793234	-23.816333892511	2.26220115301263e-125	1.01576161026142e-124	SEC24A
SEC24B	3657.49553814267	-0.776519781000819	0.0195573950290096	-39.7046631133135	0	0	SEC24B
SEC24C	2815.4211598896	-0.364801458719673	0.0231161686675665	-15.781224993029	4.1897706622556e-56	1.04329868157785e-55	SEC24C
SEC24D	1474.12805583184	0.332518155252189	0.041807577059661	7.95353805789015	1.81259063406924e-15	2.77381994422174e-15	SEC24D
SEC31A	8148.66151527395	-0.202191835470854	0.014105804458617	-14.3339457217088	1.34270087575202e-46	3.0402463477248e-46	SEC31A
SEC31B	1956.05088127828	0.155161389917582	0.0343756608512682	4.51369911371051	6.37065820801703e-06	8.09760050858033e-06	SEC31B
SEC61A1	9401.74722334067	0.144396351226585	0.0214900414846696	6.71922161386209	1.82697867798093e-11	2.6107361421239e-11	SEC61A1
SEC61A2	554.991560742533	0.438086136683284	0.0196264730093435	22.3211850888708	2.3010916672535e-110	9.24803552181968e-110	SEC61A2
SEC61B	1563.13969623587	-0.129292499089589	0.0325314060404335	-3.97439013022956	7.05598244444157e-05	8.73734195380014e-05	SEC61B
SEC61G	1496.3960121694	0.547098289485912	0.025243621662739	21.6727336828004	3.71059761902287e-104	1.41633731425001e-103	SEC61G
SEC62	4251.1448202733	0.152033895333377	0.0263358450918763	5.77288842651472	7.79240429777109e-09	1.05562213850224e-08	SEC62
SEC63	3946.73824927744	-0.208032186711174	0.0164662204967296	-12.6338759251094	1.37342815793809e-36	2.77662626584048e-36	SEC63
SEC63P1	11.2998265907516	-0.325535488464354	0.0510653000866976	-6.37488642799839	1.83098585800269e-10	2.5683453931198e-10	SEC63P1
SECISBP2	4065.77480896272	-0.726639707010014	0.0212298533337321	-34.2272598678511	9.50715172690336e-257	9.80173185773124e-256	SECISBP2
SECISBP2L	2922.36796629834	-0.10872753240179	0.0189683812622182	-5.73204064694526	9.92294841309080e-09	1.34040968320612e-08	SECISBP2L
SECTM1	570.76701953074	-0.431150523850793	0.0679694786313183	-6.34329602834604	2.24900678147015e-10	3.14881940369014e-10	SECTM1
SEH1L	1488.32534187524	-0.65048862778689	0.0241457422301517	-26.9400965845895	7.45162881755431e-160	4.25021452296563e-159	SEH1L
SEL1L	5047.34135537852	-0.213486940174941	0.0238737042553369	-8.94234668787172	3.80992163712063e-19	6.17748147989628e-19	SEL1L
SEL1L3	420.433440072746	0.423493681048137	0.0456398714576404	9.27902878607345	1.71030382161084e-20	2.82788454972138e-20	SEL1L3
SELE	624.274091260042	0.194432955411492	0.123459614295405	1.57487091241244	0.115286243972896	0.125990016484293	SELE
SELENBP1	4448.61386356964	0.245124084431808	0.0444773497693576	5.51121156505338	3.56372050812256e-08	4.75964778651982e-08	SELENBP1
SELL	106.858491081321	1.35558976644609	0.0659669659603226	20.5495242461422	7.77211249449106e-94	2.72880431077304e-93	SELL
SELP	503.581509350736	0.0707735905676477	0.0799482149408704	0.885242911552081	0.376025632838768	0.396418003908091	SELP
SELPLG	233.49543903243	0.685918105130706	0.0496507547475869	13.8148575710028	2.07363967527881e-43	4.52345950008409e-43	SELPLG
SEMA3A	168.790132807073	-0.991226135732072	0.0841540404182826	-11.7787111682962	5.02556117686804e-32	9.67231120975106e-32	SEMA3A
SEMA3B	1405.72978115213	1.24889483086173	0.0515632441327612	24.2206411149416	1.34858380085635e-129	6.22937054124072e-129	SEMA3B
SEMA3C	2073.07291733447	0.0947596337077433	0.0518155788778112	1.8287865495279	0.067431590722255	0.0746287159293767	SEMA3C
SEMA3D	166.431351873051	-1.2303601762715	0.0949258270253203	-12.9612795045053	2.02835696992604e-38	4.180496200554e-38	SEMA3D
SEMA3E	134.693543766606	-3.2915372769983	0.0899257261879067	-36.6028434412681	2.57718048078752e-293	3.22165457185112e-292	SEMA3E
SEMA3F	4233.7745981176	-0.737369124334766	0.0639853853396572	-11.5240241255179	9.98369641176044e-31	1.89115562567715e-30	SEMA3F
SEMA3G	3895.89388844586	-0.286823457639458	0.0680780356501761	-4.21315707628994	2.51825804217499e-05	3.15478899138367e-05	SEMA3G
SEMA4A	1279.53033483665	-2.67865838228722	0.0713734110230227	-37.5301998866661	0	0	SEMA4A
SEMA4B	3755.78968305072	-0.156816265075004	0.066642074477732	-2.35311199874792	0.0186170257203887	0.0211849725009619	SEMA4B
SEMA4C	2630.93160648349	0.880217822377861	0.0394042210407468	22.3381607129767	1.57391525295147e-110	6.33826587659496e-110	SEMA4C
SEMA4D	4758.39358507387	-1.67788674384617	0.0649187893839192	-25.8459339702627	2.70315932016098e-147	1.41287952735824e-146	SEMA4D
SEMA4F	307.149265218707	0.339700219123293	0.0382478814804187	8.88154339468984	6.59390035307896e-19	1.0653096414986e-18	SEMA4F
SEMA4G	526.618422065636	-2.12905208088898	0.0805378288354992	-26.4354293090968	5.36673966106998e-154	2.93280754823682e-153	SEMA4G
SEMA5A	1235.45778803048	1.16945997110198	0.0604959157542522	19.3312218935999	2.93386777361759e-83	9.4173598061502e-83	SEMA5A
SEMA5B	271.232166859842	3.23634672563684	0.0694183493773143	46.6209115409256	0	0	SEMA5B
SEMA6A	1400.77923576174	0.0310875404357297	0.0461319504731138	0.673883070559694	0.500385656027169	0.521083084238405	SEMA6A
SEMA6B	1361.81780842133	1.33892740868214	0.0556476655378133	24.0608010370591	6.43481649137844e-128	2.93545696049933e-127	SEMA6B
SEMA6C	10022.4440276455	-0.782864470528388	0.0878515243315664	-8.91122238896761	5.04729613306822e-19	8.16906830528332e-19	SEMA6C
SEMA6D	829.977142789141	0.0605029161720291	0.0528720724068867	1.14432654930599	0.252488236804367	0.269671339190425	SEMA6D
SEMA7A	487.978659088905	-0.87185817617446	0.0636236715631314	-13.7033615752487	9.69306832030448e-43	2.10096234598195e-42	SEMA7A
SENP1	803.522436605408	-0.582870023705869	0.0190129622377137	-30.6564551287911	2.16779994817605e-206	1.6929530094194e-205	SENP1
SENP2	2419.44875137296	-0.241522926902743	0.0214646071711292	-11.2521475458261	2.26020863123381e-29	4.21398400526565e-29	SENP2
SENP3	2394.47558204585	-0.21888277533674	0.0185075341632854	-11.8266849276416	2.84143454618465e-32	5.48746521466257e-32	SENP3
SENP5	2035.5834100721	-0.186003404698949	0.0191930689796313	-9.69117575184803	3.28722352486832e-22	5.57135021854388e-22	SENP5
SENP6	4267.44567376689	-0.42506705356739	0.0144388552320837	-29.4391104235796	1.73549110295714e-190	1.22224473178135e-189	SENP6
SENP7	1505.59920970758	-0.198940709807314	0.0232605343299333	-8.55271452433072	1.20226990236119e-17	1.90460798313858e-17	SENP7
SENP8	153.187044498355	0.517617310915929	0.058752313367889	8.81016050678324	1.24966796976622e-18	2.01084054024866e-18	SENP8
SEPHS1	2083.25221002532	-0.0985828361666948	0.0180353997946137	-5.46607434763585	4.60111415475577e-08	6.13334240963853e-08	SEPHS1
SEPHS1P1	6.78390058841065	-1.03993057155953	0.0859524816356214	-12.0989010645221	1.07034405883183e-33	2.0988304360601e-33	SEPHS1P1
SEPHS2	2426.69315719892	-0.206024462709199	0.0339455082031606	-6.06927023970779	1.28492774411985e-09	1.77200523419148e-09	SEPHS2
SEPSECS	855.22591951809	-0.661731672508548	0.0245568052936933	-26.9469772062938	6.18910002175297e-160	3.53570261794907e-159	SEPSECS
SERAC1	690.675717187865	-0.940841861504435	0.0251668060272901	-37.3842378124667	7.04744599376995e-306	9.37628051247988e-305	SERAC1
SERBP1	15251.0174449092	-0.955154696245118	0.0268223470128351	-35.6104070903286	9.66869134698886e-278	1.11926760731284e-276	SERBP1
SERBP1P1	10.8503348514075	-0.831787831365663	0.0614108554170544	-13.5446384147691	8.52325554718192e-42	1.82694835799978e-41	SERBP1P1
SERBP1P5	14.0842840251032	-0.834442819190383	0.0575378890011175	-14.5024927691417	1.1682884732955e-47	2.67629941560096e-47	SERBP1P5
SERBP1P6	5.22312672521536	-0.850889373463274	0.0746481837726813	-11.3986614336714	4.24597103077679e-30	7.97992530016841e-30	SERBP1P6
SERF1A	7.37907078711077	0.11014949746256	0.0918451065128054	1.19929631141756	0.230412748860763	0.246693623520049	SERF1A
SERF1B	36.522615038789	0.00207629208600438	0.0439666374844473	0.0472242637781624	0.962334489393876	0.965068698806639	SERF1B
SERF2	8645.69976008719	0.908143625247137	0.0223234941777692	40.6810698188776	0	0	SERF2
SERGEF	911.534932749963	-0.326158267882713	0.0176074416001363	-18.5238875294743	1.32513801947594e-76	4.0070232636631e-76	SERGEF
SERHL2	291.827972200375	-1.78449409947223	0.0917393518091432	-19.4517844772299	2.81463420551487e-84	9.10117304355545e-84	SERHL2
SERINC1	12951.1454275149	-0.279350391559408	0.0252818791136506	-11.0494315040284	2.20607433844884e-28	4.06256206306062e-28	SERINC1
SERINC2	3577.37201876812	-4.15140607886196	0.0547778120813514	-75.786270409936	0	0	SERINC2
SERINC3	10418.1006087031	-0.370819325813536	0.020611425627066	-17.9909596028424	2.29351648915684e-72	6.68809174166731e-72	SERINC3
SERINC5	1683.60814798386	-0.467150924590302	0.0630090363286383	-7.41403061862059	1.22517614581684e-13	1.82072119217774e-13	SERINC5
SERP1	3419.40455953135	-0.434885110715838	0.0417846155213577	-10.4077805979464	2.28486291833034e-25	4.04940606408038e-25	SERP1
SERP2	172.838544770705	2.12915471970971	0.0425197942753119	50.0744360596767	0	0	SERP2
SERPINA1	633.104749994065	-0.211448528794254	0.0961134562161787	-2.19998881653639	0.0278076884943943	0.0314011793857093	SERPINA1
SERPINA10	7.90208774143909	-1.91666767811315	0.136303106583763	-14.0618047977893	6.52019063886425e-45	1.44615514650315e-44	SERPINA10
SERPINA12	6717.11641915814	-10.0197234856467	0.187970345471835	-53.3048096522654	0	0	SERPINA12
SERPINA3	8009.48410515303	-0.900981934162679	0.106450834238561	-8.46383159519011	2.58733354636408e-17	4.08190983068359e-17	SERPINA3
SERPINA5	1305.65497924424	-2.52005282896658	0.0965146969350075	-26.1105604534361	2.76623642191024e-150	1.47409774513932e-149	SERPINA5
SERPINA6	12.6307781884179	-3.70320502113348	0.258441726465523	-14.3289749367446	1.44233787024253e-46	3.26420970608948e-46	SERPINA6
SERPINA9	33.590018690577	-7.00294162912683	0.230000900489389	-30.4474530935582	1.29460345333016e-203	9.9505366197251e-203	SERPINA9
SERPINB1	2948.16245564657	-0.276472433689099	0.0577714769157963	-4.78562170207396	1.70458857771751e-06	2.19722871374815e-06	SERPINB1
SERPINB10	10.3587622279662	-3.0914062711831	0.182677767669212	-16.9227285324667	3.05923411851205e-64	8.25131455908532e-64	SERPINB10
SERPINB11	0.718744252328326	-1.0853514448842	0.253334116429674	-4.28426877587761	1.8334116774909e-05	2.30453485137307e-05	SERPINB11
SERPINB12	2066.9862071641	-9.49666293761503	0.190583355834552	-49.8294454729783	0	0	SERPINB12
SERPINB13	409.392334719893	-6.79333959005115	0.186916076358165	-36.3443301529286	3.22953948063816e-289	3.96554844413148e-288	SERPINB13
SERPINB2	585.828505187558	-6.34221264579729	0.171147170964079	-37.0570697141609	1.38173866095382e-300	1.79586120114294e-299	SERPINB2
SERPINB3	105.753435551571	-5.1274025303779	0.181928634587566	-28.1835926598458	9.29203253806715e-175	5.92091602540697e-174	SERPINB3
SERPINB4	25.952008009194	-4.10675157708528	0.203053664501377	-20.2249567234845	5.90422160785424e-91	2.02056831108335e-90	SERPINB4
SERPINB5	7508.71252611441	-9.52174066224359	0.162664945832709	-58.5359102017968	0	0	SERPINB5
SERPINB6	7669.68780098061	0.785163372653966	0.0447709159834007	17.5373533332459	7.43085270787899e-69	2.09922755170323e-68	SERPINB6
SERPINB7	2690.27366620677	-9.65788382120471	0.201391111311475	-47.9558594136147	0	0	SERPINB7
SERPINB8	1415.88887647856	-2.21359765360048	0.0836993862697497	-26.4469998198841	3.95051470503808e-154	2.16018272191344e-153	SERPINB8
SERPINB9	532.007437481071	1.06157480921986	0.0498565171956304	21.2925986196425	1.32947852640152e-100	4.93951350954671e-100	SERPINB9
SERPINC1	14.7439090876369	0.136374874711239	0.0789177046010148	1.72806438556103	0.0839766817097787	0.0925244367399759	SERPINC1
SERPIND1	14.0787369018967	0.26900697185077	0.0993044592907854	2.70891129937134	0.00675043842462648	0.00782299891081577	SERPIND1
SERPINE1	5102.52438468201	2.05274891733832	0.0914025302450065	22.4583379895051	1.06082455164902e-111	4.31253449734283e-111	SERPINE1
SERPINE2	1243.06600183182	2.44646809313113	0.068411087684982	35.7612804578781	4.41849224757327e-280	5.18158169046035e-279	SERPINE2
SERPINE3	6.26618460820157	-0.460557769280745	0.0693755086678323	-6.63862187282664	3.16629492134747e-11	4.50458190778280e-11	SERPINE3
SERPINF1	17842.6896408886	-0.672768788130429	0.0465828471244814	-14.4424145293785	2.79863519782043e-47	6.38183838307139e-47	SERPINF1
SERPINF2	581.214950182423	-1.96872013379646	0.0720022972190377	-27.3424628079217	1.32744180806527e-164	7.84738259014219e-164	SERPINF2
SERPING1	21275.8513266533	-0.328029928545218	0.0541949135233836	-6.05278073566225	1.42366590053582e-09	1.96138143850799e-09	SERPING1
SERPINH1	5290.84876352857	1.47995681383094	0.0613237388990496	24.133505888596	1.11264103998507e-128	5.10414152924853e-128	SERPINH1
SERPINH1P1	0.923342874760549	-0.0277044574727753	0.12979015463738	-0.213455770587365	0.830971484044078	0.841158279496004	SERPINH1P1
SERPINI1	244.481645283216	0.894718061824418	0.0542609606198743	16.4891673793314	4.38956679768387e-61	1.15000133787087e-60	SERPINI1
SERPINI2	4.34848187687512	1.6838858683749	0.0985590250056958	17.0850499817504	1.91778803172454e-65	5.229037012886e-65	SERPINI2
SERTAD1	1084.07450980814	0.671284922166615	0.0383865089993888	17.4875220400298	1.78345084247136e-68	5.02172667219255e-68	SERTAD1
SERTAD2	2277.28145623403	-0.649201244713125	0.0347283229871296	-18.6937113247225	5.57000398257437e-78	1.70432843260787e-77	SERTAD2
SERTAD3	1282.3629743264	0.382359262636173	0.0264301473799388	14.4667851124581	1.96441521372023e-47	4.48806171623021e-47	SERTAD3
SERTAD4	407.830115687416	-0.20193800115389	0.0858251390486272	-2.35290036686658	0.0186276244904692	0.0211956933282513	SERTAD4
SERTAD4-AS1	85.8037282127469	0.376207094888849	0.063954525743515	5.88241552126586	4.04321721293018e-09	5.51336664267527e-09	SERTAD4-AS1
SERTM1	29.7109884389316	0.885304215603454	0.138594415009462	6.38773370155656	1.68362192343662e-10	2.36274095609127e-10	SERTM1
SESN1	6811.62726428751	-1.14148633621829	0.0608246664115357	-18.7668326611948	1.41048169884106e-78	4.33721917677451e-78	SESN1
SESN2	879.365601834298	-0.215237068140891	0.0440650782976202	-4.88452707804481	1.03677394684639e-06	1.34391645547503e-06	SESN2
SESN3	2274.03629929382	-1.35886615801156	0.0434554848648587	-31.270302523087	1.18272333482862e-214	9.69940899783595e-214	SESN3
SESTD1	2730.36902538609	-0.532694593578135	0.0429535754920553	-12.4016356607301	2.56043078364843e-35	5.10809204659819e-35	SESTD1
SET	10026.744453597	-0.280430591648834	0.0188243635606675	-14.8972150237673	3.4360582643551e-50	8.06841701234752e-50	SET
SETBP1	1933.73348391991	-1.61549098899628	0.0320779212091466	-50.3614613448094	0	0	SETBP1
SETD1A	2865.47812719783	-0.59017450867568	0.020283680087734	-29.0960272555557	4.0303592460449e-186	2.76067339376158e-185	SETD1A
SETD1B	3118.7350852301	-0.399019817691712	0.021201087337641	-18.8207242080118	5.10815901610437e-79	1.57722076241672e-78	SETD1B
SETD2	5376.12128099248	-0.840159797316807	0.0194977709466265	-43.0900434524887	0	0	SETD2
SETD3	6640.31180076692	-0.469036404370943	0.051026494224085	-9.19201703944524	3.85542987957963e-20	6.34151985218503e-20	SETD3
SETD4	1069.59018593759	-0.236346310845992	0.0237431303632144	-9.95430287541894	2.41509535405604e-23	4.16299257573137e-23	SETD4
SETD5	7097.43413368894	-0.325169670551729	0.018295961670313	-17.7727564372496	1.14903394740702e-70	3.29989790798881e-70	SETD5
SETD6	1245.82849841153	0.0190578301936713	0.0248679840220878	0.766360078756047	0.443462079621078	0.46408702373461	SETD6
SETD7	8907.10012772032	-0.761659039818262	0.0468649078520568	-16.252225273176	2.15401892807821e-59	5.54317294129176e-59	SETD7
SETD9	266.53090072877	0.70191202502835	0.0402343247370341	17.4456022218826	3.71779144545982e-68	1.04324183647268e-67	SETD9
SETDB1	1740.15249865025	-0.755554880000941	0.0127498819701902	-59.2597548563555	0	0	SETDB1
SETDB2	841.940275404491	0.503400725616032	0.032672930942626	15.4072717412469	1.46257505541613e-53	3.5496580251511e-53	SETDB2
SETMAR	929.379864230517	-0.269711050586559	0.0233541484557083	-11.5487426612052	7.49082764596145e-31	1.42148838767607e-30	SETMAR
SETP10	0.287686681309116	-0.0456581445172529	0.263215045592791	-0.173463277581361	0.862287290524226	0.870703624655107	SETP10
SETP14	14.1146208735931	-0.272157258078671	0.0516727145657661	-5.26694330587731	1.38714022201094e-07	1.82902952947693e-07	SETP14
SETP2	0.220057122708651	0.167451919342256	0.240888534330844	0.695142754749266	0.4869658430754	0.507636792981253	SETP2
SETP20	5.05074929248615	-0.114056365838262	0.0653160156384904	-1.74622356742547	0.080772111145254	0.0890972959572105	SETP20
SETP21	0.470243089594221	0.044270344091332	0.169298412065692	0.261492967070205	0.793712372369791	0.805299087759475	SETP21
SETP22	0.425862223437419	0.0394951609488291	0.157333809380615	0.251027805811808	0.80179261140752	0.813084828908048	SETP22
SETP4	0.728770504468118	-1.08776246161663	0.198100037959672	-5.49097553347301	3.99719729599257e-08	5.33463438057252e-08	SETP4
SETP5	1.32658094733367	-0.959998531493773	0.128937177948352	-7.44547497292297	9.65962432117954e-14	1.43847532598902e-13	SETP5
SETP6	0.747898398418917	0.10786891272203	0.184099660749732	0.585926732742158	0.557924751870068	0.57769361279339	SETP6
SETP8	3.5094001193049	-0.10720703163512	0.0902691111766505	-1.18763805511857	0.234976038228141	0.251429808247326	SETP8
SETX	4196.04912930434	-0.0788573921423982	0.0120661133822878	-6.5354426602816	6.34216772783407e-11	8.97103263152138e-11	SETX
SEZ6	6.35313753714235	-0.16714642780694	0.0776832231597515	-2.15164125545116	0.0314256201823645	0.0353823235490833	SEZ6
SEZ6L	38.0443903907908	1.6115894153176	0.0952931411115328	16.9119140844709	3.67572705037519e-64	9.9022392448075e-64	SEZ6L
SEZ6L2	241.059900361334	-1.20794415444344	0.0698459312839624	-17.2944097421005	5.18311639168882e-67	1.43562514489599e-66	SEZ6L2
SF1	15387.8651731393	-0.358978826884295	0.0160803946273447	-22.3240060460862	2.16038552844206e-110	8.68836012008167e-110	SF1
SF3A1	7024.28231073088	-0.607396569394148	0.0165358991824652	-36.7319951997673	2.25395721512936e-295	2.85527683529512e-294	SF3A1
SF3A2	3251.59564857276	-0.505662007313046	0.0245612584548562	-20.5877890272788	3.53119100380392e-94	1.24393286222063e-93	SF3A2
SF3A3	3794.27653772156	-0.733462311390745	0.0313681300775782	-23.3824046755984	6.454490859176e-121	2.80577855484248e-120	SF3A3
SF3A3P1	1.58696760871911	-0.338574243438124	0.114087533841004	-2.96767080538328	0.00300065511498618	0.0035230102220758	SF3A3P1
SF3A3P2	1.5664884017078	0.624631639218251	0.115055805282343	5.42894500356087	5.66881476166845e-08	7.53873629763547e-08	SF3A3P2
SF3B1	20662.7706308943	-0.314476954620072	0.014227622147694	-22.1032686527342	2.93995459688514e-108	1.16133690363242e-107	SF3B1
SF3B2	9355.68648029422	-0.447440473823104	0.0156420632411613	-28.6049523598452	5.83035185371574e-180	3.84863086610697e-179	SF3B2
SF3B3	6971.07022289484	-0.444864800348402	0.0195707240428685	-22.7311365371027	2.20552022331617e-114	9.15626603780313e-114	SF3B3
SF3B4	2257.17069606104	-0.397911360251102	0.0275843352585799	-14.4252655183103	3.58886114237273e-47	8.17553650010777e-47	SF3B4
SF3B5	2646.07032602932	0.156109948414517	0.021411034697999	7.29109782018645	3.07439434921929e-13	4.53735940643572e-13	SF3B5
SFI1	930.131472778651	-0.687238898856881	0.0512561024503181	-13.4079429766048	5.43247851329736e-41	1.15318450138993e-40	SFI1
SFMBT1	1115.81268052939	-0.604592968278667	0.0402800360924306	-15.0097424662507	6.33933569307992e-51	1.5003205602305e-50	SFMBT1
SFMBT2	997.535563985097	0.164977407772044	0.0484857632573234	3.40259483792133	0.000667491846634269	0.000802157736248313	SFMBT2
SFN	14106.6076245231	-8.5000781562092	0.146538163042197	-58.005900850289	0	0	SFN
SFPQ	16867.1777719843	-0.504097358573334	0.0215160325116399	-23.4289178685998	2.16869159114732e-121	9.45473900030103e-121	SFPQ
SFR1	174.727719860485	0.365939102550225	0.0282818289018101	12.9390183294265	2.71071028732665e-38	5.57981656742904e-38	SFR1
SFRP1	5253.51688170902	-1.26106799765502	0.0957054493046299	-13.1765537575718	1.19736679474457e-39	2.50073090523229e-39	SFRP1
SFRP2	3753.87105869446	-4.86651370402568	0.109619542810328	-44.3945812878102	0	0	SFRP2
SFRP4	1681.3887518103	-1.42874356019402	0.127434532757986	-11.2115886429888	3.57714618318955e-29	6.65208764913172e-29	SFRP4
SFRP5	133.560280489868	0.566378127741215	0.0973643983296592	5.81709677723839	5.98784783219341e-09	8.13304525973844e-09	SFRP5
SFSWAP	3758.45651029626	-0.549747160823708	0.0156420853291305	-35.1453881791519	1.36714860945125e-270	1.52289864596114e-269	SFSWAP
SFT2D1	1179.61383223924	0.0641912262865115	0.0203061733721471	3.16116804038319	0.0015713781663903	0.00186524090822234	SFT2D1
SFT2D2	2908.90836221798	-0.810759296137431	0.0435754282048215	-18.6058824786883	2.87911656624042e-77	8.75160035611174e-77	SFT2D2
SFTA2	5.06603007721739	-1.29699605719468	0.113588912342706	-11.4183332725429	3.38666491574577e-30	6.37491949684614e-30	SFTA2
SFTA3	2.57382467710647	0.961291863751645	0.152998797053455	6.28300275730787	3.32095169883808e-10	4.63198911597585e-10	SFTA3
SFTPA1	27.1518959940469	0.800657998271689	0.124242890581174	6.44429628549716	1.16138010402096e-10	1.63468631265003e-10	SFTPA1
SFTPA2	37.0644848547687	0.773499408358445	0.110553060575774	6.99663495818172	2.62183218026304e-12	3.8085539926497e-12	SFTPA2
SFTPB	64.2406365623306	1.03917675962861	0.10390513258213	10.0012071954888	1.50550452492969e-23	2.6018228641762e-23	SFTPB
SFTPC	57.5304097307699	0.0290197658308449	0.103789887175579	0.279601092366087	0.779783568929464	0.791881080012371	SFTPC
SFTPD	75.9973060680598	-1.02604769347632	0.0893442668618274	-11.4842029546577	1.58389439320635e-30	2.99461012205729e-30	SFTPD
SFXN1	1115.22992897891	0.639594757953642	0.0208675268057801	30.650242547022	2.62308599083872e-206	2.04496192815452e-205	SFXN1
SFXN2	282.401866619443	-0.250061317432474	0.0482505970527824	-5.18255384817158	2.18868148034905e-07	2.8768496040718e-07	SFXN2
SFXN3	3113.1668437228	-0.22701083519053	0.0572517490215046	-3.96513362596593	7.33548420362798e-05	9.07782559806869e-05	SFXN3
SFXN4	1483.68932303923	0.452146960639114	0.0495682193848409	9.1217107705384	7.39476547110044e-20	1.21122086665404e-19	SFXN4
SFXN5	970.724336786636	0.0065419737936066	0.0320240172561985	0.20428335837036	0.838132073860885	0.848025151007239	SFXN5
SGCA	8928.13796546844	-0.415949866513275	0.113301514667383	-3.67117657459717	0.000241436462276547	0.000294032728329621	SGCA
SGCB	4814.88596608125	0.235350344946529	0.0653991179830811	3.59867766117908	0.000319839321168782	0.000388202253412396	SGCB
SGCD	4013.48974854642	1.08541210080224	0.0926835254103111	11.7109496644318	1.12017858276269e-31	2.14559849630892e-31	SGCD
SGCE	999.318359421132	0.486083229015319	0.0543081378937527	8.95046760701467	3.53979644904945e-19	5.74518761873043e-19	SGCE
SGCG	2321.37161575937	1.42320023774989	0.107668003010277	13.2184139944905	6.8697222785527e-40	1.43876522089851e-39	SGCG
SGIP1	529.432552718848	1.33228426363068	0.044157835662799	30.170959324283	5.69653769514687e-200	4.28513894903213e-199	SGIP1
SGK1	5338.92179229232	-0.109258163651162	0.056171819784652	-1.94507075024504	0.0517664637010886	0.0576246436882875	SGK1
SGK2	187.155328863728	-2.07522149288245	0.0822562812705073	-25.2287297800139	1.93899558338189e-140	9.63130780807325e-140	SGK2
SGK3	870.000196894038	-1.07591343689539	0.0488892381937777	-22.0071630617539	2.45905805119958e-107	9.62712135268455e-107	SGK3
SGMS1	1537.27700791604	-0.458423206227369	0.0306057103889331	-14.9783553592382	1.01702712839905e-50	2.40192932803875e-50	SGMS1
SGMS2	642.236009473245	1.17316598188098	0.0493187257205857	23.7874349902618	4.50594000439079e-125	2.01519070854754e-124	SGMS2
SGPL1	3119.93529783842	-1.32160178749764	0.0519517730161126	-25.4390121986358	9.34071579685989e-143	4.71382744769484e-142	SGPL1
SGPP1	548.578919529586	-0.0326697709496299	0.0282272998510164	-1.15738207770707	0.247116293081934	0.2641061801204	SGPP1
SGPP2	1676.3945295478	-0.439387499243196	0.109732736551832	-4.00416059099784	6.22380766626956e-05	7.71642412015417e-05	SGPP2
SGSH	1960.78111246023	-0.526176646544504	0.0365897520423511	-14.3804376136651	6.86590393895076e-47	1.55992852208826e-46	SGSH
SGSM1	327.194050076426	1.72061074257104	0.0584667404190103	29.4288809370941	2.34604711459314e-190	1.64965601991371e-189	SGSM1
SGSM2	4120.35306600322	-0.137930193515355	0.0302188330155468	-4.56437855970129	5.00976091899241e-06	6.38628328749964e-06	SGSM2
SGSM3	3703.84515404016	0.108936885466849	0.0188958279604692	5.76512898480816	8.15954131818623e-09	1.10436017495241e-08	SGSM3
SGTA	5856.21454279787	0.431307774336671	0.0350618243757911	12.3013500299908	8.9072808156318e-35	1.76663686604438e-34	SGTA
SGTB	381.546282687234	-0.00338578870530385	0.0238620241860087	-0.141890255366059	0.887166691530402	0.893870346705405	SGTB
SH2B1	4263.61236380962	0.32249108623981	0.0188772861596515	17.0835512855182	1.96769688439231e-65	5.36268154669886e-65	SH2B1
SH2B2	980.740168312799	-2.82412266071073	0.0785501212914996	-35.9531292158087	4.52243926588584e-283	5.39128670365636e-282	SH2B2
SH2B3	2041.51501843109	1.44114353692121	0.0419366960172322	34.3647371821812	8.48492427900447e-259	8.84919594127228e-258	SH2B3
SH2D1A	19.5378257683364	-0.716653380116479	0.0895924291696366	-7.99903950321014	1.2539348773048e-15	1.92479591765701e-15	SH2D1A
SH2D1B	351.50798684551	-4.69332045494381	0.138029758363073	-34.0022362612454	2.06455028177451e-253	2.08903707825873e-252	SH2D1B
SH2D2A	72.2208664716388	1.61284289842095	0.0642619135264056	25.0979594275266	5.2350952179689e-139	2.5775970738145e-138	SH2D2A
SH2D3A	826.663021498309	-3.71112880109271	0.0838819613382741	-44.2422750003031	0	0	SH2D3A
SH2D3C	1919.91245645056	1.83281391641152	0.0459621066581928	39.8766298951794	0	0	SH2D3C
SH2D4A	356.092982698025	-0.594529129599441	0.0756435728169544	-7.85961195987012	3.85325276797906e-15	5.86326315100517e-15	SH2D4A
SH2D4B	6.39488444925249	-0.613932819133772	0.0806383357456367	-7.61341133168155	2.66954488416854e-14	4.00821398447893e-14	SH2D4B
SH2D7	4.20542261392171	0.0514778773073529	0.0890353333106986	0.578173578883736	0.563146934847363	0.582966701603737	SH2D7
SH3BGR	7437.59540541938	-0.737944433779508	0.120642452089082	-6.11678908212684	9.54796032385627e-10	1.31935851531233e-09	SH3BGR
SH3BGRL	2650.90744243935	-0.383877266506207	0.0527015830604215	-7.28397980125374	3.2411356220936e-13	4.78070160056595e-13	SH3BGRL
SH3BGRL2	1787.96180568815	-0.878906602929455	0.0516285624425974	-17.0236505017287	5.48422932714901e-65	1.48811594992477e-64	SH3BGRL2
SH3BGRL3	3506.32223547643	-0.0321470830467746	0.0585519049290324	-0.549035647699906	0.582980986307065	0.60187203111456	SH3BGRL3
SH3BP1	637.56475207206	-2.25733117689765	0.0917305800376037	-24.6082732276661	1.0301898577669e-133	4.88268763287569e-133	SH3BP1
SH3BP2	6253.64811744098	-1.11244392920441	0.0608286462132729	-18.288158597251	1.02830458663403e-74	3.05807217313716e-74	SH3BP2
SH3BP4	2415.3094007895	-0.742077556601419	0.0433817938345924	-17.1057370156439	1.34489711959865e-65	3.67255659130693e-65	SH3BP4
SH3BP5	870.983627378039	-2.30142587411756	0.0529779953087192	-43.4411657275146	0	0	SH3BP5
SH3BP5-AS1	2048.75960470885	-0.809985491583181	0.0361815922553423	-22.3866734738183	5.30753765489954e-111	2.14795380678612e-110	SH3BP5-AS1
SH3BP5L	2606.32096247819	0.0599855263358644	0.0318369880343997	1.88414577004113	0.0595452605897811	0.066067198956894	SH3BP5L
SH3D19	6171.46783846473	0.365618890153307	0.0331882711754663	11.0165090618996	3.18159875535331e-28	5.84825479374195e-28	SH3D19
SH3D21	2378.65593106216	-2.25976048692107	0.0778547922102428	-29.0253229476062	3.15318358983574e-185	2.14757691262328e-184	SH3D21
SH3GL1	4590.07906059216	-1.02464412884447	0.055621172812727	-18.4218360927839	8.77749628013401e-76	2.63471253191083e-75	SH3GL1
SH3GL1P1	80.5857520114763	-0.386214482924697	0.0510408976522808	-7.56676509797704	3.82632891817837e-14	5.73598824584684e-14	SH3GL1P1
SH3GL1P2	13.5365516879421	-0.00700495292937066	0.0625621797494143	-0.111967852741516	0.910848896046468	0.916295460921676	SH3GL1P2
SH3GL3	14.6092468355846	-1.82583513719804	0.116084650078217	-15.728480345746	9.64993843424175e-56	2.39399864601414e-55	SH3GL3
SH3GLB1	10867.5024477993	-0.501457427231931	0.0457754230398169	-10.9547305940952	6.30657424551805e-28	1.15347127609805e-27	SH3GLB1
SH3GLB2	5809.33599945358	-1.06434173740135	0.0403072987256495	-26.4056826195613	1.17901843354247e-153	6.42163716254101e-153	SH3GLB2
SH3KBP1	2533.88363960409	0.545939239473878	0.0521857063216222	10.4614707350943	1.2982466195662e-25	2.30835019743295e-25	SH3KBP1
SH3PXD2A	7568.38285629054	-0.119075149910863	0.0277015121922214	-4.29850721089152	1.71952307864528e-05	2.16334462808874e-05	SH3PXD2A
SH3PXD2B	3238.45320874902	-1.16993916713052	0.0622027910340589	-18.8084673964216	6.43720118458759e-79	1.98656023527792e-78	SH3PXD2B
SH3RF1	1402.82370227934	-0.387774951408364	0.0316650489172133	-12.2461503982572	1.76161318584799e-34	3.48546921943831e-34	SH3RF1
SH3RF2	8295.30244301709	1.6108777619121	0.0740608923125768	21.7507204087324	6.80035415586848e-105	2.61343243295876e-104	SH3RF2
SH3RF3	1014.47444668982	0.460393377013054	0.0436015798418358	10.5590985162264	4.61068350752161e-26	8.233004049092e-26	SH3RF3
SH3TC1	853.353585938849	0.173161563713343	0.0505412878931611	3.42614070459359	0.000612223145692415	0.000736623811617483	SH3TC1
SH3TC2	244.321233461449	2.17326182543914	0.0514604857802961	42.2316616815006	0	0	SH3TC2
SH3YL1	1717.78865351972	-1.03043760736987	0.0452552228713424	-22.7694737091304	9.20445368579582e-115	3.83451448271258e-114	SH3YL1
SHANK1	74.9730261617159	-0.999165885921815	0.0734908517239219	-13.5957859037382	4.24179640203768e-42	9.13028542784649e-42	SHANK1
SHANK2	294.173449494689	-4.24177186205013	0.111834925321981	-37.9288656905504	0	0	SHANK2
SHANK3	9134.15055561955	1.01648105975538	0.0586026662235659	17.34530398118	2.14042913508728e-67	5.95423657250905e-67	SHANK3
SHARPIN	2819.66393701065	0.140993741468618	0.0240323258110584	5.86683713333064	4.44186593865672e-09	6.04963522446544e-09	SHARPIN
SHB	1432.88178845701	0.412244992078773	0.0437137705738017	9.43055212733898	4.07935928311303e-21	6.8093978537943e-21	SHB
SHBG	18.994810539493	0.199211709332667	0.0586369612812519	3.39737436899481	0.000680358198180443	0.000817347031863732	SHBG
SHC1	5070.62380345736	-0.344577351330272	0.0375679999500272	-9.17209731123902	4.63903960892526e-20	7.62345736719587e-20	SHC1
SHC1P2	1.32651132944879	-0.996794954744705	0.127173235617451	-7.83808754967247	4.5746003272547e-15	6.95266637039107e-15	SHC1P2
SHC2	1713.91155307833	1.01126215369891	0.0479451894814823	21.0920462435441	9.4101993499668e-99	3.44574854554012e-98	SHC2
SHC3	334.091025512048	-1.52093716409446	0.0689231394512803	-22.06714865578	6.5387149338469e-108	2.57500344616447e-107	SHC3
SHC4	105.458031421504	1.48724553907103	0.0615596295684152	24.159429637538	5.94341971097119e-129	2.73275857515178e-128	SHC4
SHCBP1	177.90620262952	-0.398484364090666	0.0611366052078705	-6.51793410405729	7.12822919969098e-11	1.00686796785654e-10	SHCBP1
SHCBP1L	2.68630720228114	-0.0914221667349163	0.126029841876182	-0.725400947695657	0.468206091861471	0.488760024333005	SHCBP1L
SHD	13.566255905527	-1.36344892576259	0.137230966412766	-9.93543193204354	2.91908085469126e-23	5.02355396417757e-23	SHD
SHE	1397.00944132033	0.98319238838028	0.049548724752068	19.8429403238929	1.26820091170504e-87	4.22757122437081e-87	SHE
SHF	360.937148984555	-0.125745389127026	0.0466120833999164	-2.69769939369952	0.00698204572968963	0.00808619990864974	SHF
SHH	6.18811509139084	-2.09418373856652	0.128889654075207	-16.2478808217188	2.31219732453755e-59	5.94852994697733e-59	SHH
SHISA2	219.153532706715	-3.19196806109029	0.0930261771790759	-34.3125790813238	5.09500904997318e-258	5.29533821642998e-257	SHISA2
SHISA3	294.364368484906	3.42400603922062	0.0736032738107534	46.5197519341915	0	0	SHISA3
SHISA4	5651.79750322733	-0.220115823278834	0.100749949679713	-2.18477353069244	0.0289054557281908	0.0326060351274071	SHISA4
SHISA5	3892.53063788716	0.563289125130901	0.0432080363267786	13.0366749571953	7.56864453023806e-39	1.56709420507034e-38	SHISA5
SHISA6	144.819220693446	0.0448645982502664	0.0513649056233606	0.873448470425343	0.382418681417139	0.402851046593511	SHISA6
SHISA9	25.9912607438959	0.600521695006865	0.0853832903646325	7.03324611223479	2.01782977893868e-12	2.93637460393494e-12	SHISA9
SHKBP1	1774.99767122455	0.0392252768019077	0.0340007600070059	1.15365882391527	0.248640071491371	0.265703171678016	SHKBP1
SHMT1	1635.84891067924	-2.16172210325714	0.0390764604136202	-55.3203151046829	0	0	SHMT1
SHMT1P1	0.975941943925382	-0.85336286695427	0.146623271735405	-5.82010520467882	5.88105982523366e-09	7.99041119435664e-09	SHMT1P1
SHMT2	2714.67790053259	-0.35980554063906	0.024827491218259	-14.4922230553221	1.35679506742945e-47	3.10457201077889e-47	SHMT2
SHOC2	2359.01910856629	-0.406357138479482	0.0192406319037029	-21.1197397524806	5.23827164762116e-99	1.92084188080726e-98	SHOC2
SHOX	99.6615927758991	-5.56694804339938	0.108011457916951	-51.5403472072359	0	0	SHOX
SHOX2	331.706754860706	-2.11804897955435	0.0576861469156522	-36.7167698451299	3.9441881984548e-295	4.98590812924051e-294	SHOX2
SHPK	865.659490815192	-0.568836838041564	0.0360120425770391	-15.7957393509317	3.32867473897426e-56	8.29794681848437e-56	SHPK
SHPRH	778.361752839969	-0.648966577564488	0.0241914827882872	-26.8262422458329	1.59719897189343e-158	9.03556841390747e-158	SHPRH
SHQ1	788.021417973582	0.207135136013782	0.0231626742055245	8.94262614825272	3.80029629661629e-19	6.16242983833797e-19	SHQ1
SHROOM1	535.640334592723	1.27977324773232	0.0612074298262439	20.9087892003528	4.45392479365186e-97	1.60414366167521e-96	SHROOM1
SHROOM2	268.838982845499	-1.45499854832449	0.0774047608436764	-18.7972746439065	7.94975949834647e-79	2.44998494657995e-78	SHROOM2
SHROOM3	912.473266990834	0.142533732110349	0.095246653859689	1.49646970612028	0.134531296522605	0.146423475947967	SHROOM3
SHROOM4	1840.78571287131	1.5825993405757	0.0469667973285525	33.6961306836562	6.58650902691692e-249	6.48953196461584e-248	SHROOM4
SI	1.12927091004886	0.0532425528338357	0.247411647942472	0.21519824663314	0.829612757889377	0.839830123426312	SI
SIAE	1798.43586653738	1.66040624113775	0.0360143220275009	46.1040538225279	0	0	SIAE
SIAH1	663.846246249308	-0.622815543343098	0.024366914090308	-25.5598858778275	4.26324228937962e-144	2.17524445723136e-143	SIAH1
SIAH2	1504.25834775522	-0.272794317373105	0.0391605807921384	-6.9660437065803	3.2597791081342e-12	4.72496044170414e-12	SIAH2
SIDT1	143.816275305005	-0.771627936796699	0.0743098881365518	-10.3839200427641	2.93471797456491e-25	5.1914168887719e-25	SIDT1
SIDT2	4162.38395168638	-0.464520380623703	0.0243847889527055	-19.0495961037286	6.62110633578229e-81	2.08149729567616e-80	SIDT2
SIGIRR	1036.88396250787	1.31595855194509	0.0443729054214866	29.6568038411085	2.77125206468934e-193	1.989840782468e-192	SIGIRR
SIGLEC1	1040.05502760414	0.36538128939185	0.0662646209532988	5.51397237523413	3.50823689098405e-08	4.68658792390381e-08	SIGLEC1
SIGLEC10	65.8640469481105	0.712527963557395	0.0802034756182609	8.88400356798459	6.44962199260861e-19	1.04228068488148e-18	SIGLEC10
SIGLEC11	21.6916198308776	1.18610603793231	0.0724941687356678	16.3613992493266	3.60742904918244e-60	9.35292097282631e-60	SIGLEC11
SIGLEC12	6.38319468019237	0.718397941754502	0.122617160400392	5.85886950414329	4.66028711958914e-09	6.3451954042602e-09	SIGLEC12
SIGLEC14	67.454754226206	1.5944927152291	0.0752053857054884	21.2018421323347	9.18307951586538e-100	3.38877848226922e-99	SIGLEC14
SIGLEC15	20.8526944212202	-1.70289533643784	0.0966758666424556	-17.614482244424	1.907262259987e-69	5.41609527402209e-69	SIGLEC15
SIGLEC16	49.2020392145901	0.854771337615881	0.0562365324222489	15.199574027749	3.55927950954515e-52	8.53364284114574e-52	SIGLEC16
SIGLEC17P	44.6571678984406	-0.0428607248650219	0.0871440246725007	-0.491837794112659	0.622834016356048	0.640957873795177	SIGLEC17P
SIGLEC22P	4.88805071505908	0.63318593168194	0.0810024241100227	7.81687632979855	5.41502567104542e-15	8.2188766529923e-15	SIGLEC22P
SIGLEC5	9.50308969438876	1.95671823938747	0.0762441401232156	25.6638508379173	2.96190079045729e-145	1.52509085037248e-144	SIGLEC5
SIGLEC6	40.4778035616071	-1.42116993543396	0.0838261672136492	-16.9537744915833	1.80485454057744e-64	4.87605982064152e-64	SIGLEC6
SIGLEC7	17.4723490884168	1.06605414836021	0.0861460989318414	12.374955587991	3.57091764677245e-35	7.11031714578113e-35	SIGLEC7
SIGLEC8	22.2938241398753	-1.47957635897417	0.0952177454619886	-15.5388720011736	1.89285803880317e-54	4.6351975998498e-54	SIGLEC8
SIGLEC9	58.2847674906878	0.766048097334193	0.0723261282479888	10.591581713148	3.26035563522025e-26	5.83744398146008e-26	SIGLEC9
SIGMAR1	2027.27235112265	-0.25440531182644	0.0369427732384591	-6.88647033032139	5.71936820114777e-12	8.25550052031602e-12	SIGMAR1
SIK1	1003.68005152923	-1.39116514617639	0.113702739041832	-12.2351067168626	2.01839396734342e-34	3.99045687052706e-34	SIK1
SIK2	6829.21405235163	-1.14598801585637	0.0519350445634582	-22.0657944070139	6.73747527532846e-108	2.65269668484662e-107	SIK2
SIK3	3699.19084187353	-0.218474281796782	0.0241969157925395	-9.02901360115254	1.73226139548525e-19	2.82577592932759e-19	SIK3
SIKE1	1408.95562705202	-0.147852191893353	0.0182180780787426	-8.11568548857368	4.83050259460331e-16	7.47411700235982e-16	SIKE1
SIL1	1580.87350603096	-0.0393111471054417	0.0268453833500537	-1.46435409741925	0.143097223191239	0.155483377477244	SIL1
SIM1	116.217717608612	-7.42590065015276	0.1095730831326	-67.7712120335821	0	0	SIM1
SIM2	116.46537767074	-6.05018196266614	0.159765082765915	-37.86923812089	0	0	SIM2
SIMC1	573.821883970595	-1.20941097994018	0.0410635387410576	-29.4521859785782	1.18037147518982e-190	8.32923046840137e-190	SIMC1
SIN3A	3488.51487322679	-0.681970162221651	0.0189224137561291	-36.0403366616353	1.9543048193649e-284	2.35313986979181e-283	SIN3A
SIN3B	4912.12555117645	-0.122123992097762	0.0241241995678343	-5.06230234724947	4.14223417847491e-07	5.41184188174821e-07	SIN3B
SIPA1	1822.73963748368	1.38409235672057	0.0339754976674076	40.7379568143404	0	0	SIPA1
SIPA1L1	1328.59385608023	-1.28154751166908	0.0484013606569551	-26.4775100177877	1.76002416686111e-154	9.6562618188561e-154	SIPA1L1
SIPA1L2	2629.42653694113	1.88987051281917	0.0414882394527325	45.5519573196711	0	0	SIPA1L2
SIPA1L3	1719.09292302431	-1.01042951696816	0.0441440819624231	-22.8893539530005	5.9313134215175e-116	2.49170531857028e-115	SIPA1L3
SIRPA	3705.32094488941	-0.417649853606895	0.0390497371147093	-10.6953307362874	1.07037098027081e-26	1.9279315605218e-26	SIRPA
SIRPAP1	11.1426542698452	-0.566731317063338	0.101342097324293	-5.592259604119	2.24133359806536e-08	3.00441180272355e-08	SIRPAP1
SIRPB1	76.5677087377831	0.509512941426302	0.0666105438706439	7.64913348276759	2.02338120944042e-14	3.04361035774522e-14	SIRPB1
SIRPB2	104.061706462796	0.647169715904818	0.0595497254125305	10.8677195641382	1.64255061756859e-27	2.98843275387631e-27	SIRPB2
SIRPD	0.766477026086744	0.354410257364978	0.197670331921716	1.79293601583741	0.0729831556328028	0.0806785669704055	SIRPD
SIRPG	6.76626568521972	-0.652375800677678	0.0943935068494231	-6.91123597853346	4.80449058106793e-12	6.94384865112837e-12	SIRPG
SIRT1	1476.50246957249	-0.785356629703524	0.0239801279459261	-32.7503102349772	3.00552618764121e-235	2.75470859998622e-234	SIRT1
SIRT2	9054.46538022715	-0.841043143171624	0.0587759170570753	-14.309315537432	1.91387690991026e-46	4.32375731115644e-46	SIRT2
SIRT3	1827.26048245589	0.646211011151157	0.0308384196546221	20.9547382255142	1.69860320887749e-97	6.14604148000076e-97	SIRT3
SIRT4	143.575236358297	0.600490120676234	0.0611752481540975	9.81590003793085	9.61758601578721e-23	1.64225162085169e-22	SIRT4
SIRT5	1875.22147060062	1.10518452571531	0.0427529810501898	25.8504669982633	2.40385990918001e-147	1.25717263873182e-146	SIRT5
SIRT6	635.542293611802	0.210327463413534	0.0220012767293017	9.55978446166337	1.18002200296044e-21	1.98389614974231e-21	SIRT6
SIRT7	992.570670880332	-0.830369618840774	0.0457385068070104	-18.1547163825099	1.17835008436599e-73	3.47216890958786e-73	SIRT7
SIT1	14.1802900034875	-1.27603380005406	0.0899747960409541	-14.1821249527839	1.18212051164696e-45	2.64668548882549e-45	SIT1
SIVA1	2670.93396392961	-0.24631526537848	0.0341976798632886	-7.20268937434265	5.90363631240883e-13	8.67238103963371e-13	SIVA1
SIX1	2022.98867028119	-8.62299469172659	0.132075392004505	-65.2884277748913	0	0	SIX1
SIX2	856.259227866125	-3.13734836974377	0.113768852851291	-27.5765140556058	2.12884650517688e-167	1.28122253225306e-166	SIX2
SIX3	5.14642565905534	-1.05191828713161	0.1217030232797	-8.64332091992552	5.46022742674609e-18	8.69511269540485e-18	SIX3
SIX4	1086.92004913277	-3.98894376654046	0.115154703311018	-34.6398683844189	6.34717807430261e-263	6.788802882681e-262	SIX4
SIX5	554.964124493236	0.587558324596107	0.0304400438287829	19.3021510711668	5.15192573166044e-83	1.6507621056536e-82	SIX5
SKA1	20.7332204803202	-0.49884718596569	0.0949196929480222	-5.25546565177847	1.47650409371517e-07	1.94614850926022e-07	SKA1
SKA2	686.966495645805	1.23823747268009	0.0248904550622649	49.7474823012504	0	0	SKA2
SKA2P1	0.295680692003402	1.13278263640355	0.208478282742154	5.43357620517516	5.52356781918304e-08	7.3482923888193e-08	SKA2P1
SKA3	27.7077597435621	-1.17006958114379	0.0829886491925935	-14.0991520229277	3.84360416250203e-45	8.55131856744519e-45	SKA3
SKAP1	50.7668266602676	-1.76766222472243	0.0787014059182538	-22.4603640061841	1.01354451798524e-111	4.12125928806242e-111	SKAP1
SKAP2	1075.7680603935	-1.63643675395165	0.037379334780215	-43.7791834331364	0	0	SKAP2
SKI	6311.66399747437	-0.152639768941573	0.0275848245908432	-5.53346889841172	3.13958675297802e-08	4.19878908917959e-08	SKI
SKIDA1	62.9860317592967	1.70457644118899	0.0498223107378946	34.2131148865501	1.54328891046696e-256	1.58747106727519e-255	SKIDA1
SKIL	1926.35901177238	-0.18295087314669	0.037441767593708	-4.88627767609546	1.02760244175322e-06	1.33212383364537e-06	SKIL
SKIV2L	2779.84319937646	-0.0376166413659673	0.0152912118122187	-2.46001702336692	0.0138930425730455	0.0158907522783957	SKIV2L
SKOR1	74.2960320294342	-1.0418135575741	0.04448796437222	-23.4178743009569	2.81024498873019e-121	1.22457564856287e-120	SKOR1
SKP1	16458.8066646751	-0.0707284765546884	0.0311638181236049	-2.26957031626094	0.0232336663576829	0.0263208920963982	SKP1
SKP1P1	22.7200244120475	-0.0185681188242938	0.039853913765712	-0.465904526552891	0.641283840951286	0.658363774436186	SKP1P1
SKP2	548.061192809833	-0.32187832984187	0.0332258883635773	-9.68757633564791	3.4051307916634e-22	5.77009878384005e-22	SKP2
SLA	459.800672424928	-0.0253758093290851	0.0624986025767238	-0.40602202741947	0.684726415586524	0.700406876177578	SLA
SLA2	34.6298879861864	0.657608832764529	0.0563170989754678	11.6768946683669	1.67296195178779e-31	3.19963749406417e-31	SLA2
SLAIN1	195.505051696901	0.667215560217698	0.0280542879400488	23.7830153323983	5.00633569270716e-125	2.23842644819726e-124	SLAIN1
SLAIN2	4987.67446586505	-0.416349330695754	0.0361277228549528	-11.5243723599002	9.94341479865914e-31	1.88372352968494e-30	SLAIN2
SLAMF1	66.5610265580676	1.20984804778292	0.0886598823599284	13.6459469105921	2.13423121038215e-42	4.61037993736818e-42	SLAMF1
SLAMF6	36.4498097338184	-0.278800568630257	0.0704369518134988	-3.95815777730499	7.55300611044202e-05	9.34380200632719e-05	SLAMF6
SLAMF7	77.1803687770454	-1.39900677515744	0.0887755974712756	-15.7589114014142	5.96516452005951e-56	1.48354416310571e-55	SLAMF7
SLAMF8	132.431583283219	-0.0929961580164621	0.0528160344867474	-1.76075615899934	0.0782796830449694	0.0864037883996515	SLAMF8
SLBP	1510.74298596033	-0.79281373422958	0.0243022522967821	-32.6230558611458	1.93226282088744e-233	1.74875128400175e-232	SLBP
SLC10A1	3.4972599376001	0.0449157884712956	0.079552959932298	0.564602354324971	0.57234426355909	0.591739078072895	SLC10A1
SLC10A3	1822.91604137875	-0.303587462582445	0.036582927274659	-8.29861045025612	1.05336144801249e-16	1.64611159177644e-16	SLC10A3
SLC10A4	13.6022721086249	1.15986740002619	0.0556692135684928	20.8349880603064	2.08566892441908e-96	7.46107438562557e-96	SLC10A4
SLC10A5	11.1936279177271	0.305829365182218	0.0469275032266114	6.51706023449357	7.16986403313276e-11	1.01266945830069e-10	SLC10A5
SLC10A6	258.091813831254	-3.68160039345571	0.0858452888323991	-42.8864582265373	0	0	SLC10A6
SLC10A7	359.230090043026	-0.449225500106134	0.0293430964195674	-15.3094102163863	6.6161145518188e-53	1.59497359109803e-52	SLC10A7
SLC11A1	724.582431350887	0.780323452396524	0.0793608042694389	9.83260514532133	8.14831573267341e-23	1.39281959456703e-22	SLC11A1
SLC11A2	3118.67391675601	-0.95294427307513	0.0239323280443209	-39.8182855972201	0	0	SLC11A2
SLC12A1	2.627186387059	-0.961321777727422	0.109567267647066	-8.77380442509524	1.72729121304979e-18	2.77195053277251e-18	SLC12A1
SLC12A2	3667.52690472344	-1.39421376358751	0.0590433433584563	-23.6133945722406	2.80772318869651e-123	1.24029018698714e-122	SLC12A2
SLC12A3	2.45644811908245	-0.800147488442645	0.106927972021018	-7.48305119155693	7.26165785163066e-14	1.08371002310731e-13	SLC12A3
SLC12A4	5043.913506714	0.944734421788524	0.0232761300414548	40.5881226864582	0	0	SLC12A4
SLC12A5	13.4940843542481	-0.0373585518707818	0.0666040863862971	-0.560904801758048	0.574862436451064	0.594137837661802	SLC12A5
SLC12A6	1883.54613494507	0.0180870440181738	0.0236674477929691	0.764216073333725	0.444738489583649	0.46536868865868	SLC12A6
SLC12A7	4672.94621249236	2.4485784882263	0.0456451460984258	53.6437868540582	0	0	SLC12A7
SLC12A8	82.9923357662578	-1.85759230317096	0.0817630669777494	-22.7192101743991	2.89363895886722e-114	1.19991695228217e-113	SLC12A8
SLC12A9	1295.43098600506	-0.214854466660181	0.0431902176360379	-4.97460949307435	6.53793020172752e-07	8.50601919350225e-07	SLC12A9
SLC13A2	206.359459747625	-7.90712945118904	0.189717905435122	-41.678350986713	0	0	SLC13A2
SLC13A3	161.491407379339	-1.18325101106505	0.0429197146438838	-27.5689393762935	2.62402355339777e-167	1.57765691331708e-166	SLC13A3
SLC13A4	46.6404050168184	0.589138820826503	0.0565260791411662	10.4224250076714	1.95893650751163e-25	3.47451138749796e-25	SLC13A4
SLC13A5	14.5050522119157	-1.2213668674041	0.0891956295115852	-13.6931245857228	1.11604843338844e-42	2.41640460060445e-42	SLC13A5
SLC14A1	633.881491396838	3.04834525112643	0.0762764178557077	39.964452144213	0	0	SLC14A1
SLC14A2	21.7060742316482	-1.92760484706028	0.0873608077023222	-22.0648697941129	6.87663126470872e-108	2.70689349215005e-107	SLC14A2
SLC15A1	652.087619192638	-8.33113659204993	0.181277729786769	-45.957860360727	0	0	SLC15A1
SLC15A2	189.027994310312	1.59707878202083	0.0458155435421475	34.8588854031954	3.12291942754611e-266	3.40082713945901e-265	SLC15A2
SLC15A3	678.128063396103	1.38357665841303	0.0439602740758875	31.4733401348816	2.01265828498821e-217	1.67575678945757e-216	SLC15A3
SLC15A4	2425.36520775987	-1.23857592144629	0.0427216857035668	-28.9917380610962	8.36298845865635e-185	5.67441218410377e-184	SLC15A4
SLC15A5	1.73612354618122	-2.15736246869538	0.207488515183411	-10.3975030463173	2.54515162360519e-25	4.50848990125143e-25	SLC15A5
SLC16A1	3610.21888836071	1.39801172190557	0.0620259383368937	22.5391466762223	1.71593840870899e-112	7.02812452677372e-112	SLC16A1
SLC16A10	2663.48975138893	-3.62068169607102	0.0927302162058049	-39.0453278792675	0	0	SLC16A10
SLC16A11	146.9855108298	-1.01854804318228	0.0737597752026329	-13.8089906101819	2.24961662362912e-43	4.90555406928502e-43	SLC16A11
SLC16A12	340.310317817336	1.86494764000102	0.0576788266538865	32.3333144620297	2.3810237234864e-229	2.10721770140013e-228	SLC16A12
SLC16A13	103.546922037635	0.233320004218502	0.0727928254348638	3.20526099687228	0.00134940060737369	0.0016058812860858	SLC16A13
SLC16A14	397.192607005054	-0.379370647593793	0.069403934944884	-5.46612591771726	4.59977645642709e-08	6.13201332978924e-08	SLC16A14
SLC16A2	737.775298988326	1.06269711556386	0.0417295417564128	25.4663020688587	4.65859676855333e-143	2.35891421746072e-142	SLC16A2
SLC16A3	4160.95601760286	-1.76933566518454	0.0984266558319944	-17.976183892752	2.99403772339319e-72	8.72521823843303e-72	SLC16A3
SLC16A4	173.415538988809	0.559101568994022	0.0510997229717543	10.9413816059838	7.30776767858917e-28	1.33563941498917e-27	SLC16A4
SLC16A5	742.384466579522	-0.163100254508799	0.035884557571601	-4.54513767331148	5.48993587746621e-06	6.99294761748297e-06	SLC16A5
SLC16A6	331.064305427031	-2.11856082238209	0.0750813854556965	-28.2168584066978	3.63234728377655e-175	2.32194188406469e-174	SLC16A6
SLC16A6P1	20.3665809672003	-1.74898091011148	0.0703589014891264	-24.8579905753897	2.11942003071454e-136	1.0225590987106e-135	SLC16A6P1
SLC16A7	1685.69611025935	2.55320603678412	0.0543677584326414	46.9617676062073	0	0	SLC16A7
SLC16A8	77.0444489297907	-0.98426302381186	0.0457529335727911	-21.5125664509782	1.18749253865558e-102	4.48323263178253e-102	SLC16A8
SLC16A9	285.765369033808	-0.495936757829044	0.0846581023527999	-5.85811332933382	4.6815514648374e-09	6.37366570250628e-09	SLC16A9
SLC17A3	1.54943716423541	1.39697531603117	0.133274198448156	10.4819637431517	1.04549953361451e-25	1.86023891515221e-25	SLC17A3
SLC17A5	882.103421177794	-0.208703125782611	0.0251756941342752	-8.28986579950837	1.1337631436582e-16	1.77114209398518e-16	SLC17A5
SLC17A7	261.449376693449	0.345382627705461	0.0418807284632402	8.2468151911114	1.62671696933528e-16	2.53528417013024e-16	SLC17A7
SLC17A8	1.45515852681232	-1.54400229761259	0.209342271141303	-7.37549224623829	1.63738929906971e-13	2.42749503974254e-13	SLC17A8
SLC17A9	409.843133362487	-0.29643162763843	0.062646051154626	-4.73184857105778	2.2248436495406e-06	2.85985507964726e-06	SLC17A9
SLC18A1	1.62185422189737	1.01468321081092	0.120790727334161	8.40034026787382	4.45186732712697e-17	6.9922400973399e-17	SLC18A1
SLC18A2	51.1990515515451	-2.38824488244158	0.0818352100533826	-29.1835859024946	3.13303075275278e-187	2.16331747527054e-186	SLC18A2
SLC18B1	481.058185037715	-0.840475814923364	0.0503632768950459	-16.6882670616303	1.59534615946155e-62	4.24255077802738e-62	SLC18B1
SLC19A1	518.863493029516	0.15827543871299	0.0366052212948118	4.3238487055786	1.53330469516777e-05	1.9308162166992e-05	SLC19A1
SLC19A2	6416.82356401304	-1.3664665878912	0.0720150380088209	-18.9747395220958	2.75875388983292e-80	8.61709678481388e-80	SLC19A2
SLC19A3	1369.53147142846	-4.47172456744816	0.12841868020833	-34.8214493420569	1.15204032578285e-265	1.25228731306866e-264	SLC19A3
SLC1A1	285.660856947501	0.644832766072672	0.0534201688246617	12.0709608423211	1.50368259680364e-33	2.94471175207379e-33	SLC1A1
SLC1A2	202.709810775427	1.18750981389349	0.060863055814471	19.5111763285988	8.8228366768119e-85	2.86419987410804e-84	SLC1A2
SLC1A3	2552.85131557185	1.87520530671913	0.0601367339533993	31.1823603219332	1.84809883639745e-213	1.50260285248376e-212	SLC1A3
SLC1A4	2359.39121962015	-1.25891473258407	0.0593188343928902	-21.2228501363635	5.87524370881259e-100	2.17256084639144e-99	SLC1A4
SLC1A5	2554.03850693478	-1.38532103687974	0.0679131980891801	-20.3984067288453	1.72753034572027e-92	5.98945950564532e-92	SLC1A5
SLC1A6	201.432913200799	-6.62612185166766	0.177124062616263	-37.4094956596781	2.73854428649128e-306	3.64889235389559e-305	SLC1A6
SLC1A7	240.129185777717	-0.116531654542866	0.071416916186744	-1.63170941514968	0.102740715706694	0.112578258061614	SLC1A7
SLC20A1	1991.70724262152	0.229172920460249	0.0406208127364468	5.6417610830968	1.68319560008151e-08	2.2634994768465e-08	SLC20A1
SLC20A2	5680.02835442195	0.164121708729592	0.0569513732236911	2.88178667940038	0.00395427340767665	0.00462243493808607	SLC20A2
SLC22A1	40.5437080063656	-1.73110155535193	0.049984517424743	-34.6327551918109	8.12211103837518e-263	8.67177466202798e-262	SLC22A1
SLC22A10	2.48427491574345	0.429999862255695	0.103649595725872	4.14859179376773	3.34526708177224e-05	4.1763057589973e-05	SLC22A10
SLC22A12	3.96082392747507	-2.01021694551439	0.151279486567985	-13.2881000003328	2.71382025184287e-40	5.70761518324844e-40	SLC22A12
SLC22A13	7.74289481596537	-0.424965149215729	0.0714231358359851	-5.94996487120941	2.68200045195547e-09	3.66859347535337e-09	SLC22A13
SLC22A14	15.0450729518627	-0.104457015550062	0.0746714722822415	-1.39888785311797	0.161846615672464	0.175263245426219	SLC22A14
SLC22A15	503.452098310501	0.444782099784372	0.0677534429322604	6.56471583634596	5.21321821320818e-11	7.3886419223652e-11	SLC22A15
SLC22A16	5.7742093756033	-0.093763651692298	0.103288086108419	-0.907787676440018	0.363990410590414	0.384135040220322	SLC22A16
SLC22A17	1127.99398677473	0.0351300578713995	0.0618190062133295	0.568272769545504	0.56984976606157	0.589397014414751	SLC22A17
SLC22A18	612.729793941219	0.557165668664103	0.0681473644512547	8.17589459475926	2.93678650233912e-16	4.55890771202195e-16	SLC22A18
SLC22A18AS	37.6437139211776	-1.39420749637291	0.0685747235378683	-20.3312157081173	6.80943359707529e-92	2.34866093468006e-91	SLC22A18AS
SLC22A23	1613.81071167379	-1.63370039390285	0.0349892690890776	-46.6914695972552	0	0	SLC22A23
SLC22A24	0.308048114887327	0.158097449763465	0.149296323768931	1.0589507214401	0.289622222822543	0.308016639077667	SLC22A24
SLC22A25	4.3785813712205	-1.08273037511506	0.113365169198921	-9.55082043952321	1.28673196180083e-21	2.16168567842993e-21	SLC22A25
SLC22A3	3073.54275430575	-4.27933920792087	0.0771965528834626	-55.4343302657703	0	0	SLC22A3
SLC22A31	23.9709053821309	-1.69470583749279	0.0934040032961557	-18.1438244367256	1.43676295809481e-73	4.23084737586531e-73	SLC22A31
SLC22A4	232.215097079718	-1.30767319942558	0.0694545590655685	-18.8277517994329	4.47353429485492e-79	1.38269386747396e-78	SLC22A4
SLC22A5	3143.32618728439	-0.842081352192413	0.0730302972840458	-11.5305754393577	9.25232030409061e-31	1.75372241543577e-30	SLC22A5
SLC22A8	0.857738305737134	0.117642327893732	0.140458105005806	0.837561690646964	0.402276916056495	0.422805322936472	SLC22A8
SLC22A9	0.687253216546299	-0.388491312249777	0.140229567072976	-2.77039514817589	0.00559883232754522	0.00650726890031905	SLC22A9
SLC23A1	50.146648152258	-1.60164410983377	0.0769120632737418	-20.8243550057067	2.6040835666498e-96	9.30450740040948e-96	SLC23A1
SLC23A2	1702.69785693208	-0.0863881312387525	0.0382025884419503	-2.26131617678266	0.0237396852142976	0.0268715382973383	SLC23A2
SLC23A3	86.528523170646	0.580975143769925	0.0590120353174998	9.84502806324388	7.20191257433461e-23	1.23186647900606e-22	SLC23A3
SLC24A1	322.767347462197	-0.906205379070454	0.0440338509115243	-20.5797439994803	4.16877072620368e-94	1.46738447091107e-93	SLC24A1
SLC24A2	22.3725210636446	-0.155988284496571	0.11141131805861	-1.40011165126429	0.161479886558904	0.174887157087229	SLC24A2
SLC24A3	1265.89428641609	-3.71206171653544	0.0561004337771138	-66.1681464226001	0	0	SLC24A3
SLC24A4	78.5881610749441	0.00574287321043006	0.0612258755081919	0.0937981394755504	0.925269509653829	0.929866929615821	SLC24A4
SLC24A5	8.72001666518646	-4.53144252642684	0.222439887179038	-20.3715376045824	2.99136860248202e-92	1.03394059549307e-91	SLC24A5
SLC25A1	2959.92349717758	-0.825172349554574	0.0526427685116111	-15.6749421218713	2.24429348997323e-55	5.53949363951846e-55	SLC25A1
SLC25A10	855.477438970123	-0.335716128177967	0.0473339327288365	-7.0925044428739	1.31706411243963e-12	1.92251630619736e-12	SLC25A10
SLC25A11	7155.2430404538	0.826860166274554	0.0594885664236477	13.8994804545477	6.38028043411892e-44	1.40028563880242e-43	SLC25A11
SLC25A12	6170.34995906079	0.277083912456145	0.0686939655896095	4.03359902253272	5.49290178491307e-05	6.82103511521938e-05	SLC25A12
SLC25A13	1154.34461221862	-0.572735775237763	0.0262245311862908	-21.8396954808927	9.74022547872149e-106	3.76980861841465e-105	SLC25A13
SLC25A14	341.288381281366	0.00210920577826589	0.0237196824464456	0.0889221760463304	0.929143759427305	0.933499850055864	SLC25A14
SLC25A14P1	2.87486523058878	-0.699846067387977	0.0929272591453656	-7.53111706752496	5.03080577874679e-14	7.53031222544661e-14	SLC25A14P1
SLC25A15	374.958031830807	-0.219079513901842	0.0322989176863741	-6.78287477088636	1.17807750479219e-11	1.69017081085233e-11	SLC25A15
SLC25A15P5	1.38538067721872	-1.71225265764284	0.120689991199542	-14.1871968058387	1.09967344093351e-45	2.46362434477213e-45	SLC25A15P5
SLC25A16	1018.07264780483	0.0494310221975236	0.0262628899647188	1.88216233110402	0.0598139784358356	0.0663530797943845	SLC25A16
SLC25A17	702.859698449644	-0.685397492081488	0.0274457383999453	-24.9728202642511	1.20696055474556e-137	5.88474998536697e-137	SLC25A17
SLC25A18	292.572380112906	-0.575776381130226	0.0824485441426368	-6.98346328752788	2.8799073005671e-12	4.18040571869272e-12	SLC25A18
SLC25A19	254.978110699296	0.0956610818110165	0.0403580589959842	2.37030928124009	0.0177732108373787	0.0202349989427394	SLC25A19
SLC25A2	4.9698858153031	-1.1114748900946	0.101015361347687	-11.0030284034622	3.69510054895974e-28	6.78106891444839e-28	SLC25A2
SLC25A20	2566.49036039127	0.870041549634349	0.0594094921226133	14.6448238917562	1.45377445698462e-48	3.36022008220083e-48	SLC25A20
SLC25A21	27.721410290774	-0.0927624257763614	0.0459748268111859	-2.01767863438241	0.0436247413972335	0.0487424101478244	SLC25A21
SLC25A22	811.674989541013	-0.158167839983616	0.0626788226836281	-2.52346539407688	0.0116204497377732	0.0133337401663472	SLC25A22
SLC25A23	5122.69995476292	0.567176372680851	0.0453520068413488	12.5060920603791	6.91430285289213e-36	1.38833648248646e-35	SLC25A23
SLC25A24	1031.432705952	-0.0463272426670288	0.03144465824392	-1.47329451977703	0.140671637762751	0.152930918671777	SLC25A24
SLC25A25	3991.01516762607	-2.44999014107436	0.0613964407246679	-39.9044327677125	0	0	SLC25A25
SLC25A26	1589.61646936911	-0.107062490334743	0.0240615874581123	-4.44951899042918	8.60628202850514e-06	1.09069052939398e-05	SLC25A26
SLC25A27	1399.70162537448	0.130007151075513	0.031494111654637	4.1279827956783	3.65959487765391e-05	4.56460417077661e-05	SLC25A27
SLC25A28	2825.65653088239	-0.127942231788619	0.0323729323213433	-3.95213601655318	7.74566909117536e-05	9.57687954600232e-05	SLC25A28
SLC25A29	2653.57679367103	0.0579987319303435	0.0463794005914976	1.25052784621317	0.211106789685028	0.226792392045846	SLC25A29
SLC25A3	34814.5265681299	1.04820796121893	0.0480345324758107	21.8219665559727	1.43551701046978e-105	5.54879572803663e-105	SLC25A3
SLC25A30	2719.77110276522	1.4344547294512	0.0652337170819131	21.9894679257656	3.63221498243428e-107	1.41891280162325e-106	SLC25A30
SLC25A32	1098.71336254196	-0.147825536609503	0.0223081560465805	-6.62652423180274	3.43683077768295e-11	4.88483149064909e-11	SLC25A32
SLC25A33	942.00411850548	-0.987859475286916	0.070872335991543	-13.9385764765083	3.69231216114826e-44	8.12931888610932e-44	SLC25A33
SLC25A34	1589.75727111222	-0.135900541300639	0.097380045196192	-1.39556868172365	0.162844418929428	0.176280136216768	SLC25A34
SLC25A35	301.42382504266	0.175002386951668	0.0487747404199255	3.58797167232439	0.000333260487325479	0.000404246767678299	SLC25A35
SLC25A36	5565.82061251227	0.422932914862965	0.0350184632823886	12.0774264550799	1.39002498172828e-33	2.72302097030044e-33	SLC25A36
SLC25A37	3469.69075161061	0.10828493210168	0.03820302668393	2.83445950493838	0.00459032752389232	0.00535414279515232	SLC25A37
SLC25A38	2071.00460138349	-0.5050598002803	0.035831469857725	-14.0954251189172	4.05200380725367e-45	9.01274194172411e-45	SLC25A38
SLC25A38P1	0.81130240562392	-0.33540827196025	0.14898833877429	-2.25123841717825	0.024370440894703	0.0275751025548777	SLC25A38P1
SLC25A39	3784.11338376505	0.151572343825231	0.0284978161617427	5.31873540642429	1.04490961999927e-07	1.38152170911545e-07	SLC25A39
SLC25A39P1	1.13361123309991	-1.04013617490353	0.158721899879419	-6.55319886980764	5.63174354098768e-11	7.97678932105746e-11	SLC25A39P1
SLC25A3P2	1.38971495985197	1.01079373851285	0.0996159992832617	10.146901559845	3.42050965493235e-24	5.96518061407065e-24	SLC25A3P2
SLC25A4	50174.3176276002	1.69070054043814	0.111184120276526	15.2063130619122	3.2112666909972e-52	7.70130718154017e-52	SLC25A4
SLC25A40	605.456578519461	0.32461766399413	0.0290523002265543	11.1735615239658	5.49331583229165e-29	1.01943482780497e-28	SLC25A40
SLC25A42	2267.99876679018	-0.468941169492552	0.0617727193573851	-7.59139591669099	3.16477330764297e-14	4.74979859186936e-14	SLC25A42
SLC25A43	811.385557794303	-1.17711630221343	0.0612630414895568	-19.2141342250219	2.81897266780331e-82	8.9812968129429e-82	SLC25A43
SLC25A44	1943.35810978753	-0.0139871789976558	0.0232054486333408	-0.602754086708733	0.546672294586817	0.566629122753342	SLC25A44
SLC25A45	540.799103610045	-0.35134532104857	0.0420390644306831	-8.3575913452568	6.40117382390476e-17	1.00354929458378e-16	SLC25A45
SLC25A46	3745.27394179289	-0.351430304195369	0.041514190220804	-8.46530553351026	2.55482057655403e-17	4.03096898926717e-17	SLC25A46
SLC25A48	123.788910397654	-2.50445497149007	0.0776525652394364	-32.2520571441234	3.29192977011016e-228	2.8920462563081e-227	SLC25A48
SLC25A5	6902.64041964988	0.0786058523523171	0.0501785874137045	1.56652182542007	0.117226503143856	0.128053539844199	SLC25A5
SLC25A51	407.254644707173	0.214823455153383	0.0312162675986801	6.88177901071255	5.91096630599038e-12	8.53137463711778e-12	SLC25A51
SLC25A53	102.508918759382	1.06634688521374	0.0262868287825045	40.5658245822126	0	0	SLC25A53
SLC25A6	16579.395303134	-0.272317671926884	0.0400097874164679	-6.80627640162863	1.0015720021532e-11	1.43843127579062e-11	SLC25A6
SLC25A6P2	0.801447197238743	0.0676187998997595	0.130582177109801	0.517825643563148	0.604579924856578	0.623098776327909	SLC25A6P2
SLC26A1	138.455978816693	-0.801644568532706	0.0408706953605753	-19.6141651484107	1.1704281890414e-85	3.83209855055187e-85	SLC26A1
SLC26A10	167.189904474007	1.98288787857817	0.0560477636136224	35.3785369965453	3.65165840291649e-274	4.14984235548609e-273	SLC26A10
SLC26A11	909.613838967132	-0.640964003692755	0.0387937249812098	-16.522362933779	2.53277583001904e-61	6.65778296088971e-61	SLC26A11
SLC26A2	1528.11982304183	-1.02316501119766	0.0497463423674661	-20.5676430166412	5.3503851294842e-94	1.88109927179385e-93	SLC26A2
SLC26A3	64.4077096039889	-3.67118844382525	0.155831604665436	-23.5586898543922	1.02261973052389e-122	4.50297890635045e-122	SLC26A3
SLC26A4	48.7702561575144	1.26660448610178	0.0576380042018317	21.9751621112088	4.97768883399373e-107	1.94367411498311e-106	SLC26A4
SLC26A5	39.2150422569249	-3.29703242304222	0.0872150806391914	-37.8034670022497	0	0	SLC26A5
SLC26A6	922.745513283686	0.341999120571259	0.0267071114750865	12.8055451032318	1.5265009616963e-37	3.11901745873952e-37	SLC26A6
SLC26A7	60.5021478470465	-1.06890567610802	0.0635719894990413	-16.8140982299152	1.92397960094382e-63	5.15533742134411e-63	SLC26A7
SLC26A8	14.7516736275122	0.136560853659136	0.0686544584701427	1.98910393734334	0.0466897318412743	0.05209904927317	SLC26A8
SLC26A9	682.996082789553	2.57329427602441	0.108784892655606	23.6548863836361	1.05127240485584e-123	4.6599247869515e-123	SLC26A9
SLC27A1	2942.5654412839	0.616523144839045	0.0294146807814831	20.9597088412788	1.53020215578642e-97	5.5400581267722e-97	SLC27A1
SLC27A2	41.9424144149604	-4.10703991352372	0.132188573686606	-31.0695531314282	6.21161463870229e-212	5.00292058663445e-211	SLC27A2
SLC27A3	1604.65568844084	-0.376534657368736	0.0566946424763591	-6.64145042498056	3.106112278867e-11	4.41931134460045e-11	SLC27A3
SLC27A4	2242.26619078737	-0.391199263787919	0.0463890568887767	-8.43300748117959	3.36893157757495e-17	5.30291512136469e-17	SLC27A4
SLC27A5	145.133426919652	0.0651121356361045	0.0286893034140983	2.26956140050816	0.0232342078446624	0.0263208920963982	SLC27A5
SLC27A6	410.733938882467	4.62893278983874	0.0811193391358822	57.0632458196542	0	0	SLC27A6
SLC28A1	48.6048974506246	0.93403597504645	0.108999706747108	8.56916044016083	1.04242217880942e-17	1.6531267413222e-17	SLC28A1
SLC28A2	6.36256462406949	0.892335002742881	0.0774100301128064	11.527382193787	9.60191138118519e-31	1.81941059760752e-30	SLC28A2
SLC28A3	814.031811040553	-5.1663727933381	0.137386345993377	-37.6047034076236	0	0	SLC28A3
SLC29A1	8021.44766921434	0.518301330952204	0.0341828769085012	15.1626012152097	6.25424484744268e-52	1.49631394868176e-51	SLC29A1
SLC29A2	3683.91549173313	-1.25384903943654	0.0923588393870005	-13.5758423098268	5.56996794414523e-42	1.19662242466354e-41	SLC29A2
SLC29A3	224.756890134384	-0.442906400190924	0.0452187107449221	-9.7947595783823	1.18579178170297e-22	2.02173118606129e-22	SLC29A3
SLC29A4	497.792900846026	-1.53314402288285	0.0800756096374685	-19.1462048159728	1.04102692942311e-81	3.30095574362257e-81	SLC29A4
SLC2A1	8164.08168602066	-1.75364155697276	0.102746478896535	-17.0676559995664	2.58366766748596e-65	7.03396879649346e-65	SLC2A1
SLC2A10	529.987562195065	-0.532054753799271	0.0660180415862598	-8.05923261301358	7.67748806496725e-16	1.18364562056762e-15	SLC2A10
SLC2A11	749.525948606347	1.25312838247031	0.0382230435512959	32.7846311031875	9.75114040190486e-236	8.97394061220293e-235	SLC2A11
SLC2A12	393.507234939062	1.59097411346509	0.0659365279351454	24.1288730736619	1.24448671808134e-128	5.70751730246679e-128	SLC2A12
SLC2A13	414.158923118253	1.04424435078641	0.0484230683444192	21.5650182131997	3.8276713499131e-103	1.44965099873313e-102	SLC2A13
SLC2A14	31.2498529558069	-1.01151603202808	0.102673004542549	-9.85182070530427	6.73133591728693e-23	1.1520324952185e-22	SLC2A14
SLC2A2	1.01744572001623	0.79516559226863	0.19956810310161	3.98443228106334	6.76416424757629e-05	8.38117570351189e-05	SLC2A2
SLC2A3	5789.99219753922	0.102539879570554	0.0780211839742061	1.3142569023876	0.188759765307837	0.203501499389494	SLC2A3
SLC2A3P2	11.3150271686031	-0.832084726674845	0.0714855104463891	-11.6399074648683	2.58295698309099e-31	4.93219567758787e-31	SLC2A3P2
SLC2A3P4	4.80549838817036	0.613613045228526	0.0677248003342953	9.0603891366188	1.2998598786633e-19	2.12387924805465e-19	SLC2A3P4
SLC2A4	10913.368578	0.116330066838155	0.106471380311739	1.09259470946606	0.274571786620613	0.292556689509276	SLC2A4
SLC2A4RG	4686.41955463913	-0.070903008598785	0.0338901691234591	-2.09214089019418	0.0364259142707861	0.0408690403134144	SLC2A4RG
SLC2A5	1539.05252988487	-2.67433748662041	0.0978123007560723	-27.3415252064233	1.36195849335295e-164	8.04879016377102e-164	SLC2A5
SLC2A6	227.156818880544	1.69381383296614	0.0501055101902387	33.8049413434797	1.66857861443098e-250	1.66404895503447e-249	SLC2A6
SLC2A7	1.3368241702152	2.63507023275364	0.137433491086922	19.1734213539481	6.17134068321155e-82	1.96099388593982e-81	SLC2A7
SLC2A8	1261.43109581093	-0.143885122602106	0.0297162945029304	-4.84196044657983	1.2856435925059e-06	1.66208491156986e-06	SLC2A8
SLC2A9	154.935548654822	0.605424930976613	0.0449355803428499	13.4731748506937	2.24980054429392e-41	4.7995567193452e-41	SLC2A9
SLC30A1	1624.08480645031	-0.489254976254592	0.0651430236879954	-7.51047385515744	5.89137209130059e-14	8.80892009431863e-14	SLC30A1
SLC30A10	11.8632748369531	2.11457233752362	0.109219601039296	19.3607403561456	1.65489939788835e-83	5.32722533286628e-83	SLC30A10
SLC30A3	140.436866926955	6.06777346996301	0.0680514103227032	89.1645513471259	0	0	SLC30A3
SLC30A4	396.063613162308	-0.190279494833442	0.0329910072402573	-5.76761701901763	8.04002571555864e-09	1.08842974284253e-08	SLC30A4
SLC30A5	1241.04201309746	0.159929239089995	0.0189116086442891	8.45667029696546	2.75120368527129e-17	4.33701878785957e-17	SLC30A5
SLC30A6	1174.73959120295	-0.394918778589565	0.0171582485038826	-23.0162640726531	3.20393145375985e-117	1.35703459056779e-116	SLC30A6
SLC30A7	1208.46013041745	-0.443337083104912	0.0382370857301395	-11.5944265793107	4.39801324004915e-31	8.36700870155621e-31	SLC30A7
SLC30A9	3007.77909213294	0.516825234675143	0.0267565686512193	19.315826383126	3.95353313012766e-83	1.26745413847601e-82	SLC30A9
SLC31A1	1676.5999430239	-0.495325692596898	0.0537530148342608	-9.21484486263996	3.11728751690284e-20	5.13631968803369e-20	SLC31A1
SLC31A2	87.6509188828219	-1.50558070340148	0.0507754422516856	-29.6517496773059	3.21988888109843e-193	2.31013231361709e-192	SLC31A2
SLC33A1	1146.164837295	0.465323856817361	0.0222034666318218	20.9572615183641	1.61092456797434e-97	5.82996645518818e-97	SLC33A1
SLC34A2	329.833710501115	-4.4279399486403	0.139828160706058	-31.6670113250546	4.42316611098148e-220	3.74160776145571e-219	SLC34A2
SLC34A3	16.4115330998868	-1.51862752638148	0.0854014558035325	-17.7822205967438	9.70584808434402e-71	2.78874655014009e-70	SLC34A3
SLC35A1	1053.99248393824	-0.360394606929852	0.0190594139051466	-18.9090078385115	9.61487557608369e-80	2.98718286581088e-79	SLC35A1
SLC35A2	873.004568508601	-0.148053657661586	0.0269567585053938	-5.49226486678517	3.96811671963426e-08	5.29621628754625e-08	SLC35A2
SLC35A3	1134.78244342647	-0.569547169383782	0.0262428054450247	-21.7029833405925	1.92274478983859e-104	7.36098021307623e-104	SLC35A3
SLC35A4	7197.9810527612	-0.182513801385782	0.0333566782783505	-5.47158202812534	4.4603580519164e-08	5.94791505241478e-08	SLC35A4
SLC35A5	718.335836046166	0.300131841458385	0.0265585633648767	11.3007558931182	1.30093353054562e-29	2.43052459609255e-29	SLC35A5
SLC35B1	2588.12030081918	0.281857049257623	0.0377846993550177	7.4595551656862	8.68150756705953e-14	1.29356690435095e-13	SLC35B1
SLC35B2	1586.38977504061	0.199829641854819	0.0161329460722815	12.3864321469562	3.09509806202613e-35	6.16929024632181e-35	SLC35B2
SLC35B3	725.617547948397	0.178749694201615	0.0247758544903958	7.21467323239674	5.40636423330343e-13	7.94837982388885e-13	SLC35B3
SLC35B4	525.441274822046	0.231411273820853	0.0284030198335998	8.1474179568435	3.71776955331052e-16	5.76231872990724e-16	SLC35B4
SLC35C1	1195.36786380193	0.0177219197815051	0.0505614539786432	0.350502574332429	0.725961558501486	0.739811708253241	SLC35C1
SLC35C2	2493.48326410035	-0.450112252190156	0.0245580021743974	-18.3285370281226	4.89905167597953e-75	1.46175748747402e-74	SLC35C2
SLC35D1	1256.62222116178	-0.715429302305372	0.0273625916651253	-26.1462551157833	1.08706440719647e-150	5.81177499077624e-150	SLC35D1
SLC35D2	713.790139951887	0.591713954000446	0.0378615308743311	15.6283684345582	4.66598004302962e-55	1.14853420968927e-54	SLC35D2
SLC35E1	2728.41137151839	-0.635361370415162	0.0230578834409431	-27.5550603784809	3.8487330709219e-167	2.30859860078858e-166	SLC35E1
SLC35E1P1	5.80599435969978	-0.812972889511818	0.0782309877027453	-10.3919548171995	2.69766576003547e-25	4.77771363108998e-25	SLC35E1P1
SLC35E2B	2896.59017349794	-0.385005078340725	0.0267871914653271	-14.3727302968312	7.6745037035663e-47	1.74210266289908e-46	SLC35E2B
SLC35E3	774.78412430619	-0.618441779025812	0.0236351671680623	-26.1661690238222	6.45228553215082e-151	3.45471718810966e-150	SLC35E3
SLC35E4	502.082816023988	-0.70006908834133	0.0433085705780833	-16.1646777761723	8.95046718395984e-59	2.28794887501365e-58	SLC35E4
SLC35F1	153.257901047381	2.9034726965192	0.0688801343887395	42.1525411105159	0	0	SLC35F1
SLC35F2	813.098710176143	-2.84930405533889	0.0830565259634368	-34.3056011829006	6.47448992307578e-258	6.72517559753532e-257	SLC35F2
SLC35F3	54.4452769599367	-4.62434350934512	0.113321469757283	-40.8073026166158	0	0	SLC35F3
SLC35F4	4.09132574087396	-1.40982731850156	0.104650582326245	-13.471757988947	2.29339723431296e-41	4.89198289072967e-41	SLC35F4
SLC35F5	3737.97347769358	0.0113201760654261	0.0219182883343419	0.516471719540685	0.605524985927283	0.624001332246223	SLC35F5
SLC35F6	2468.62190972736	-0.295206840577241	0.0304540387557092	-9.6935202238783	3.21260733921722e-22	5.44642538267557e-22	SLC35F6
SLC35G1	225.041606520318	-0.607346825552808	0.0299402456938186	-20.2852986499773	1.73406688200433e-91	5.95932377681558e-91	SLC35G1
SLC35G2	356.915924950129	0.486643755389128	0.0528822902453675	9.2023956059989	3.50056881985265e-20	5.76046616017621e-20	SLC35G2
SLC35G5	6.53446045650472	1.46867198552659	0.0669842888162127	21.9256188500595	1.48011873736747e-106	5.75953683340938e-106	SLC35G5
SLC35G6	3.51048293523748	0.190031129567461	0.0846982441537026	2.24362537224042	0.0248565153748417	0.0281109589283486	SLC35G6
SLC36A1	956.240604723334	-0.694638869540109	0.0372163850077678	-18.6648668159233	9.56132348531431e-78	2.91816520954803e-77	SLC36A1
SLC36A2	2044.30796260545	-6.48628796923756	0.16213580785668	-40.0052773966569	0	0	SLC36A2
SLC36A3	2.52228334624302	-1.40073192864563	0.118596375984049	-11.8109167925504	3.42802810573046e-32	6.61605381486587e-32	SLC36A3
SLC36A4	499.960046956627	0.109063673515848	0.033914100355548	3.21587989574981	0.00130045245180876	0.00154855094165571	SLC36A4
SLC37A1	804.582199210284	-0.748584079961838	0.0282287890873875	-26.5184623273941	5.93708209385127e-155	3.27330519973711e-154	SLC37A1
SLC37A2	2180.95463494303	-3.69967033121223	0.11027998981701	-33.5479749077884	9.63645549368625e-247	9.39684915177932e-246	SLC37A2
SLC37A3	1240.59445582441	-0.332766088784585	0.0298678232659326	-11.1412902715324	7.89669100090247e-29	1.46273240077429e-28	SLC37A3
SLC37A4	1451.57195093624	-1.54767943169262	0.051816776825398	-29.8683076507765	5.07877521581895e-196	3.71487333035177e-195	SLC37A4
SLC38A1	12609.502167571	-0.246680807268042	0.0742126142942516	-3.3239740927325	0.000887444396805518	0.00106208939478067	SLC38A1
SLC38A10	4154.63305525815	0.397364488467788	0.0280158309724838	14.1835695988481	1.15802944325341e-45	2.59371506880734e-45	SLC38A10
SLC38A11	149.96117725576	0.839124137779929	0.0553676204843269	15.1555029896483	6.96799164491866e-52	1.66641181878811e-51	SLC38A11
SLC38A2	19477.8617562933	-0.950212120722284	0.0373858821874084	-25.4163353952449	1.6641346055478e-142	8.37932504460585e-142	SLC38A2
SLC38A3	760.882290825788	-0.488561880710662	0.115887180360689	-4.21584060626942	2.48849486439128e-05	3.11793666415448e-05	SLC38A3
SLC38A4	457.713534708394	-4.61559511682737	0.104591858547644	-44.1295831331351	0	0	SLC38A4
SLC38A5	357.976811153329	-0.366669268782008	0.0881020001046124	-4.16187224293006	3.15648939810445e-05	3.94281907260275e-05	SLC38A5
SLC38A6	278.911474462156	-0.370154640355469	0.0316070244542305	-11.7111511364027	1.11751973990974e-31	2.14073351475101e-31	SLC38A6
SLC38A7	1221.99993474032	1.41521270526076	0.0230882293774511	61.2958526236282	0	0	SLC38A7
SLC38A9	368.845459312314	-0.425999710775677	0.0178918708264154	-23.8096795415455	2.65137101377785e-125	1.1890216646491e-124	SLC38A9
SLC39A1	4182.00582725806	0.115705400058023	0.0242890335295329	4.76368892641767	1.90085469745259e-06	2.4484640721892e-06	SLC39A1
SLC39A10	710.431787896875	-0.146303119257694	0.0387566046995187	-3.77492095584706	0.000160058408204283	0.000196067465538299	SLC39A10
SLC39A11	678.550042232172	-1.2376067048382	0.0460745518727487	-26.8609602163096	6.28139074938844e-159	3.56130125605484e-158	SLC39A11
SLC39A12	2.39443815474998	0.51115162194289	0.1187212130495	4.30547842978802	1.66625226811558e-05	2.09676386426763e-05	SLC39A12
SLC39A13	3380.2131764656	0.822298327387086	0.0176972853199329	46.4646589870431	0	0	SLC39A13
SLC39A14	6407.07460687913	1.16495756336921	0.0698531620680153	16.6772344856043	1.91899402623368e-62	5.09721284731186e-62	SLC39A14
SLC39A2	432.602583143164	-7.35640585613741	0.165270632048293	-44.5112707863781	0	0	SLC39A2
SLC39A3	902.294918217427	0.383100255184829	0.0253167902854003	15.1322600877156	9.92281347099629e-52	2.36991595185623e-51	SLC39A3
SLC39A4	321.079977943292	-0.843308537717848	0.0464704534143392	-18.1471983971999	1.35118984728017e-73	3.97951054333938e-73	SLC39A4
SLC39A5	12.724298622234	0.307552752942987	0.0594132121488428	5.17650438041461	2.26081746777405e-07	2.97101585905977e-07	SLC39A5
SLC39A6	2723.7725752022	-1.57016745613922	0.0457714403155199	-34.3045236356002	6.71851073455816e-258	6.97462005379362e-257	SLC39A6
SLC39A7	3821.44921161023	0.649305557282749	0.0244003044569318	26.6105514555696	5.12455517138024e-156	2.84889183570154e-155	SLC39A7
SLC39A8	639.992668519822	-1.13532662286	0.0678178165776486	-16.7408312469054	6.60592171863266e-63	1.76193801833022e-62	SLC39A8
SLC39A9	1882.75219750321	-0.225129514457604	0.0277152743146817	-8.12294014850667	4.55023742440223e-16	7.0422856054221e-16	SLC39A9
SLC3A1	19.986026196055	-0.884698221459587	0.0529573718723812	-16.7058558644407	1.18810955736731e-62	3.16284533306255e-62	SLC3A1
SLC3A2	6655.58580890625	-1.34503814545558	0.0337532101800056	-39.8491917741304	0	0	SLC3A2
SLC40A1	3173.55318046171	-0.377189320157755	0.0536678227412027	-7.0282210250384	2.09183356605447e-12	3.04381990320479e-12	SLC40A1
SLC41A1	8105.86861221748	2.68339464143201	0.0586432627780012	45.7579355976528	0	0	SLC41A1
SLC41A2	195.449298348314	-0.869539558562515	0.0737742673042654	-11.7864885729911	4.5825159687693e-32	8.83000106549092e-32	SLC41A2
SLC41A3	2855.28046582281	-0.131980238821356	0.0304318295119261	-4.33691437347314	1.44496882472934e-05	1.82098038462286e-05	SLC41A3
SLC43A1	1236.08924878264	-0.750634647699936	0.0318566407501749	-23.562893953149	9.26017637944124e-123	4.0786012969494e-122	SLC43A1
SLC43A2	3771.21228955005	-2.74169354042446	0.0853861489831123	-32.1093476292825	3.26487769301342e-226	2.83644128146402e-225	SLC43A2
SLC43A3	3135.04280622527	0.104320217331271	0.0474221111748423	2.19982229274123	0.0278195056771758	0.0314125531109548	SLC43A3
SLC44A1	3442.34741525394	-0.606371516476039	0.0398205888680828	-15.227587881355	2.31993998318789e-52	5.57187987156307e-52	SLC44A1
SLC44A2	11875.8183787032	-0.521934256662045	0.0228256666316797	-22.86611230612	1.01044299080585e-115	4.2368936122749e-115	SLC44A2
SLC44A3	208.121680885544	0.238055149042433	0.0941868591730061	2.52747730556727	0.0114885248706199	0.0131865673784371	SLC44A3
SLC44A4	138.576321977491	-4.3981185516072	0.119748107639133	-36.7280839615534	2.60245100941822e-295	3.29210967115512e-294	SLC44A4
SLC44A5	413.373133769689	-2.3943019817632	0.106121366103617	-22.5619219736145	1.02568322234338e-112	4.20768543423042e-112	SLC44A5
SLC45A1	181.944360450603	0.569019457560893	0.0389616364868543	14.6046087605402	2.6248475275411e-48	6.05224546474539e-48	SLC45A1
SLC45A2	19.5036334178551	-2.0115737075346	0.0943637419356093	-21.3172312402282	7.85715696504113e-101	2.9270836615833e-100	SLC45A2
SLC45A3	305.151847763709	0.149008414008507	0.057835431980781	2.57642087047993	0.00998290521699847	0.0114891807947823	SLC45A3
SLC45A4	1100.88455368531	0.610586941475181	0.034264664928167	17.8197260284093	4.96792164138728e-71	1.43221584667861e-70	SLC45A4
SLC46A1	169.538482159692	0.298981937832655	0.040283548038353	7.42193655702822	1.15420102006238e-13	1.71637939381601e-13	SLC46A1
SLC46A2	416.896944564723	-6.87557760836744	0.173138645197791	-39.7113977674533	0	0	SLC46A2
SLC46A3	942.735527268896	0.804959828869446	0.0288990441453181	27.8542025411542	9.58013153816958e-171	5.93025955359665e-170	SLC46A3
SLC47A1	1385.12918759988	-1.59380239084487	0.0798737443858439	-19.9540212256199	1.38304646514056e-88	4.64135335924592e-88	SLC47A1
SLC47A2	170.757459777671	-4.78662934123931	0.110948814427912	-43.1426812978644	0	0	SLC47A2
SLC48A1	2561.80364576274	0.112865869641313	0.0207309569405074	5.44431547300055	5.20049823471131e-08	6.92310077821611e-08	SLC48A1
SLC4A1	30.2911591772167	2.56470293270647	0.113813864619086	22.5341872125164	1.91927803841303e-112	7.85917287749611e-112	SLC4A1
SLC4A10	3.33933238053803	-0.204364407757967	0.11719753927907	-1.74376022751925	0.0812009083954045	0.0895593132789459	SLC4A10
SLC4A11	807.059218345495	-3.07510924872842	0.0630891023216776	-48.7423205524325	0	0	SLC4A11
SLC4A1AP	1789.11544170476	-0.200061856134133	0.0281803195662697	-7.09934660831867	1.25348081837856e-12	1.83074305976734e-12	SLC4A1AP
SLC4A2	2498.35720615746	0.351523270686632	0.0200936081276634	17.4942831796685	1.58392772313326e-68	4.46341310959954e-68	SLC4A2
SLC4A3	6926.0902559586	6.81974649006175	0.0573360392684245	118.943452967416	0	0	SLC4A3
SLC4A4	312.070984456415	2.1899595069819	0.0796133069942102	27.5074555958485	1.42975495016905e-166	8.54199099170032e-166	SLC4A4
SLC4A5	273.465131915837	-0.742391494801342	0.0367144122419752	-20.2207103278253	6.43499291471237e-91	2.20137414400869e-90	SLC4A5
SLC4A7	1585.29851271792	-0.333419053725674	0.0451195636186131	-7.3896781569964	1.47184636641768e-13	2.18404966135394e-13	SLC4A7
SLC4A8	107.331703985967	-0.848279535781896	0.0930057157028666	-9.12072477880788	7.46235815014315e-20	1.22218095769927e-19	SLC4A8
SLC4A9	7.59884757447395	0.533489205016238	0.0682559718575704	7.81600774990749	5.45250194881759e-15	8.27506007762123e-15	SLC4A9
SLC50A1	900.292636898192	-0.406598098975195	0.0482722405116438	-8.42302107102568	3.66898456383756e-17	5.77218940164655e-17	SLC50A1
SLC51A	174.668800094968	0.0575719213623461	0.0276593888560195	2.08146035554277	0.037391789192277	0.0419265975613665	SLC51A
SLC51B	13.0149341154342	0.603108593470617	0.0542739513718713	11.1123030150923	1.09303553787143e-28	2.02175634167938e-28	SLC51B
SLC52A1	216.928782286462	-5.7038102040147	0.120693820452628	-47.25851068948	0	0	SLC52A1
SLC52A2	1402.50626410874	0.195049489194246	0.0362422660852689	5.38182377270075	7.37349336303125e-08	9.77899167670563e-08	SLC52A2
SLC52A3	262.604770426553	1.92698770003257	0.0649578118120429	29.6652187978308	2.15851403328057e-193	1.55049525590916e-192	SLC52A3
SLC5A1	3124.57041925068	3.71689212788072	0.13377697600973	27.7842438867088	6.72485226119272e-170	4.13718610915004e-169	SLC5A1
SLC5A10	25.7767474603486	-0.359374028533695	0.085625716277729	-4.19703383698488	2.70433541534942e-05	3.38460278187477e-05	SLC5A10
SLC5A11	10.0467667337108	-0.453455660758871	0.0844661968965024	-5.36848677245995	7.94000133214946e-08	1.052333706229e-07	SLC5A11
SLC5A12	5.77574717454119	-0.0287452075608699	0.0951234743265784	-0.302188369005339	0.762508470220302	0.775431612475886	SLC5A12
SLC5A2	4.31249344684367	-0.999384555067976	0.083928645468006	-11.9075501516219	1.08106988485921e-32	2.09814975712675e-32	SLC5A2
SLC5A4	25.0598078733268	0.39745210345031	0.0992450289623572	4.00475578077628	6.20815851499174e-05	7.69755210279421e-05	SLC5A4
SLC5A5	4.04229011081032	-0.903473956675581	0.10637884867193	-8.49298491152011	2.01396454767744e-17	3.18123690968249e-17	SLC5A5
SLC5A6	2093.23111723985	-0.861695067281458	0.0414401988102793	-20.7937001274162	4.93545787177263e-96	1.75961927410931e-95	SLC5A6
SLC5A8	6.2559912202665	-3.42032060480653	0.158953199502784	-21.5177839483918	1.06114353813364e-102	4.0095811985608e-102	SLC5A8
SLC5A9	122.91261741385	-0.945733201925899	0.0798306930769151	-11.846736705827	2.23734808763763e-32	4.32501105300311e-32	SLC5A9
SLC6A1	327.641984383395	1.75335044885435	0.0562432937914117	31.1743913035564	2.36996118108871e-213	1.92516566880767e-212	SLC6A1
SLC6A10P	59.3780424675991	1.49409857890512	0.158758133071806	9.41116243934001	4.90679816190697e-21	8.18072369292279e-21	SLC6A10P
SLC6A11	185.394431084196	-5.5520077096718	0.154924068482302	-35.8369604159089	2.93584978556997e-281	3.46545783541279e-280	SLC6A11
SLC6A12	37.7374479762291	0.734459725525191	0.0578850830876769	12.6882382532426	6.87140620795045e-37	1.39402888706544e-36	SLC6A12
SLC6A13	48.1011050836397	3.23195472967059	0.0847557418746691	38.1325755421949	0	0	SLC6A13
SLC6A14	218.650252445432	-7.4836131160225	0.190287582648545	-39.327911006387	0	0	SLC6A14
SLC6A15	66.5078442537214	-4.12878433071701	0.115567732115186	-35.726099795762	1.55532234982846e-279	1.81683047496835e-278	SLC6A15
SLC6A16	191.830253144816	-0.268288334915892	0.0488698657415395	-5.48985209688936	4.02270451112978e-08	5.36827814551465e-08	SLC6A16
SLC6A17	240.807297307882	-2.72442375538073	0.107382676523853	-25.3711664076054	5.249267392658e-142	2.63870601327106e-141	SLC6A17
SLC6A19	1.41216853848073	-0.0336682428944551	0.17854235793755	-0.188572859031197	0.850427606491673	0.859499598251452	SLC6A19
SLC6A2	52.4392932985855	-4.61210546478158	0.12580204048945	-36.6616109471481	2.98886750630745e-294	3.75716508247489e-293	SLC6A2
SLC6A20	72.833476216291	-4.58048916013213	0.0857992903054216	-53.386096130013	0	0	SLC6A20
SLC6A3	10.1939837915377	-0.00105104596190424	0.104575127042575	-0.010050630504865	0.991980892102657	0.992532268286362	SLC6A3
SLC6A4	52.6427139232943	-1.24751082539165	0.068234747288005	-18.2826327490619	1.13797930838341e-74	3.38255705584705e-74	SLC6A4
SLC6A6	6081.26948546606	-0.295945574054021	0.0537282169761928	-5.50819645076173	3.62528708382608e-08	4.84079762598868e-08	SLC6A6
SLC6A7	8.73630085966545	-0.125273199061742	0.0820090738887464	-1.52755290508081	0.126623582246969	0.138075545434195	SLC6A7
SLC6A8	10629.6233444614	0.632308668637827	0.0592956633835539	10.6636578892412	1.50556943613182e-26	2.70719762459384e-26	SLC6A8
SLC6A9	1729.35343805989	-3.30996527917737	0.107260464747507	-30.8591360942645	4.22438051752412e-209	3.35286921057988e-208	SLC6A9
SLC7A1	2385.70276520358	-0.274378708085125	0.071768616305253	-3.82310154787034	0.000131783473526683	0.000161673434672788	SLC7A1
SLC7A10	268.748991597945	-4.92177942219119	0.146506064435556	-33.5943733193115	2.02693449879747e-247	1.98298086482898e-246	SLC7A10
SLC7A11	101.201906671682	-1.34487077900107	0.0815084697756196	-16.4997672352737	3.68309552578747e-61	9.65759687686821e-61	SLC7A11
SLC7A14	6.67164818536352	-0.926640614634581	0.0998096747074972	-9.28407609132281	1.63116151848416e-20	2.69851470400086e-20	SLC7A14
SLC7A2	12275.2452735279	-2.07522592226451	0.0768955280617954	-26.9876021996598	2.06626241499461e-160	1.18153715795165e-159	SLC7A2
SLC7A3	12.459861676193	-3.59372724987074	0.177027507641694	-20.3003888929199	1.27571327128277e-91	4.39252383250978e-91	SLC7A3
SLC7A4	53.6888515719169	-2.89024968415179	0.075389641405275	-38.3374908047986	0	0	SLC7A4
SLC7A5	2631.19958905787	-1.40339217632621	0.0702055449302909	-19.9897625995167	6.76167178279247e-89	2.27253274387691e-88	SLC7A5
SLC7A5P1	12.5132154871615	-1.92506008925411	0.0692723143176017	-27.7897470038035	5.77014569256968e-170	3.55227060916371e-169	SLC7A5P1
SLC7A6	3212.75094059757	-0.868745053496643	0.0694362153873669	-12.5114113528529	6.46649647327701e-36	1.2988551999047e-35	SLC7A6
SLC7A6OS	240.289234253044	0.0876415087014812	0.022217004528232	3.94479411435109	7.98685707850032e-05	9.86966528935843e-05	SLC7A6OS
SLC7A7	279.844692763224	-0.0716267779883368	0.054190941305977	-1.32174817897907	0.186252019550874	0.200930277114664	SLC7A7
SLC7A8	4525.6452105532	-2.26474040726427	0.0561364418413776	-40.343497610049	0	0	SLC7A8
SLC7A9	18.082798602222	-0.140960309905771	0.0621041279513579	-2.26974139329636	0.0232232783320905	0.0263118223348414	SLC7A9
SLC8A1	2521.71814083134	5.12991115524506	0.0619435914849123	82.8158495862249	0	0	SLC8A1
SLC8A2	30.6848132882541	-0.286066308072318	0.0678102967324881	-4.2186264012507	2.45795161747262e-05	3.08009655872779e-05	SLC8A2
SLC8A3	1235.34963306213	-7.26536973712168	0.12668428438242	-57.3502054539758	0	0	SLC8A3
SLC8B1	2015.02294476181	-0.168397498116512	0.0298496899712656	-5.64151581737088	1.68559551720866e-08	2.26655747406238e-08	SLC8B1
SLC9A1	1671.13703845504	0.482986084143003	0.0404537273268973	11.9392233066709	7.39101246674307e-33	1.43600232502798e-32	SLC9A1
SLC9A2	276.232228503365	-5.20353888668209	0.0956477036020757	-54.4031763515247	0	0	SLC9A2
SLC9A3	99.310169974313	-0.961613189302823	0.047927871209378	-20.0637575806761	1.53068265975235e-89	5.18416153493922e-89	SLC9A3
SLC9A3R1	1641.77465040819	-0.407221881562514	0.0706150637479087	-5.76678487491381	8.07980802719764e-09	1.09365083312719e-08	SLC9A3R1
SLC9A3R2	8773.82124810798	2.67439836179015	0.0519406110035988	51.489543733031	0	0	SLC9A3R2
SLC9A4	8.49450196110129	-4.61254814199815	0.20221577285308	-22.8100314674731	3.64593673306527e-115	1.52204330083274e-114	SLC9A4
SLC9A5	254.612083935778	-0.54471479522278	0.0372619846806954	-14.618512671575	2.14024886072652e-48	4.9386770595998e-48	SLC9A5
SLC9A6	1182.01403860675	0.0467465030375226	0.0254286285328232	1.83834149675758	0.0660120999819904	0.0730756910261245	SLC9A6
SLC9A7	1012.75047210339	-1.71499670005141	0.0600825075849454	-28.544026689078	3.33188822814277e-179	2.18895328448168e-178	SLC9A7
SLC9A7P1	12.4342963871812	2.1250183413087	0.0832609027897816	25.5224033142419	1.11210601292759e-143	5.6630892047269e-143	SLC9A7P1
SLC9A8	2144.2690192838	-0.608246659212778	0.0320408361461926	-18.9834827167909	2.33586640419785e-80	7.30379210386755e-80	SLC9A8
SLC9A9	604.764831983126	-0.729634860321968	0.0504907802312429	-14.4508533435275	2.47599105276257e-47	5.64824672928388e-47	SLC9A9
SLC9B1	19.5317528243527	-0.675700301529383	0.0586367339767102	-11.5234982527806	1.00448333377241e-30	1.90253624697361e-30	SLC9B1
SLC9B2	506.642972668263	-0.201601134305976	0.0424775427089582	-4.74606395401164	2.07413156014985e-06	2.66879501174106e-06	SLC9B2
SLC9C1	47.5511930141937	2.30376555230424	0.0977408802489262	23.5701330542248	7.80540655456927e-123	3.44038010256615e-122	SLC9C1
SLC9C2	3.19791268796801	1.44230602899703	0.10100485824087	14.2795708455676	2.93402664167457e-46	6.61930236580825e-46	SLC9C2
SLCO1A2	12.7408639266987	-1.39285503831075	0.131199973421149	-10.61627530853	2.50352096724046e-26	4.48908067848347e-26	SLCO1A2
SLCO1B3	1.56011111536562	-0.802708751629462	0.178345135292111	-4.50087270569341	6.76750275819117e-06	8.598377833865e-06	SLCO1B3
SLCO1C1	41.8008267267732	1.49764724791418	0.0797571379517528	18.7775951642115	1.15179910062775e-78	3.54358837983252e-78	SLCO1C1
SLCO2A1	1761.03641391481	1.04569789725446	0.0712884549903727	14.6685448211169	1.0252016907215e-48	2.37389447320269e-48	SLCO2A1
SLCO2B1	1361.95510206684	1.0721911348971	0.0562723846903042	19.0535933530793	6.13432366623954e-81	1.92947685332829e-80	SLCO2B1
SLCO3A1	1926.5425707527	1.02347284945984	0.0418782847125682	24.4392256388831	6.55159964873617e-132	3.06484785023128e-131	SLCO3A1
SLCO4A1	3210.37225255891	0.504783743665696	0.0548345938707628	9.20557093675935	3.39859629124914e-20	5.5952196669815e-20	SLCO4A1
SLCO4C1	15.4907039108098	0.846845814099909	0.0964781936165148	8.77758778803409	1.67018129151774e-18	2.68125688295825e-18	SLCO4C1
SLCO5A1	920.356374097409	0.379883748675236	0.131423606409561	2.89052902331251	0.00384594016760274	0.00449784101851721	SLCO5A1
SLCO6A1	0.898934937251723	0.335911909150781	0.228396942562668	1.47073732853763	0.141362166981859	0.153672345421851	SLCO6A1
SLFN11	1668.31642021568	1.34501220829935	0.0493772871394383	27.2394918032075	2.21357956049712e-163	1.29835925931928e-162	SLFN11
SLFN12	163.013606790449	0.647183330704879	0.0532116701848681	12.1624321968552	4.92695862092508e-34	9.7035210213646e-34	SLFN12
SLFN12L	113.321747227627	0.277009175571595	0.0671581054941808	4.1247318329371	3.71166961835654e-05	4.62859472116634e-05	SLFN12L
SLFN13	358.376320317412	-0.183429477253935	0.0675827731535626	-2.71414546480866	0.00664469818615545	0.00770293740655489	SLFN13
SLFN14	6.78511613104318	0.363476853673626	0.0779191291197819	4.66479615185211	3.0892312674042e-06	3.96105506407458e-06	SLFN14
SLFN5	3201.41140135926	-1.00802820623789	0.0582587580232944	-17.3026037704894	4.49601509532818e-67	1.24607802511166e-66	SLFN5
SLFNL1	31.0269283193369	-0.181359305428633	0.0463879195532849	-3.90962360836874	9.24400443395404e-05	0.00011395009505965	SLFNL1
SLIRP	1876.54665178637	0.816769635812926	0.0470465340452159	17.3608885837995	1.63178255595547e-67	4.54771911902066e-67	SLIRP
SLIT1	43.8562585698143	0.279329884305341	0.0573403630352885	4.87143557381098	1.10790290623086e-06	1.43498058821857e-06	SLIT1
SLIT2	895.612779105003	0.271887586333544	0.0526899092326973	5.16014527815549	2.46758283708467e-07	3.23989486873531e-07	SLIT2
SLIT3	5155.93159076584	-1.65641093116986	0.069062699271814	-23.9841614740632	4.06897067885611e-127	1.84870119106736e-126	SLIT3
SLITRK1	3.33342498541961	-1.56862868372118	0.195663363674159	-8.01697698672624	1.08379417501457e-15	1.6659020531498e-15	SLITRK1
SLITRK2	209.575671376158	-1.30048314448655	0.101415235877192	-12.8233507839134	1.21341066336245e-37	2.4818322180647e-37	SLITRK2
SLITRK3	7.96887454788376	-2.61609698165866	0.116293597632482	-22.495623447184	4.58098819590713e-112	1.86862380499715e-111	SLITRK3
SLITRK4	853.925997610464	-3.32225279026424	0.0794710161022843	-41.8045842774715	0	0	SLITRK4
SLITRK5	47.2446243032309	-0.703351834211885	0.0792239301323003	-8.87802249948115	6.80594742984406e-19	1.09927195769065e-18	SLITRK5
SLITRK6	149.957354925079	-1.40080605323057	0.120996833563269	-11.5772124937311	5.37660226516234e-31	1.02157713083373e-30	SLITRK6
SLK	5593.71603784883	-0.248190912597066	0.0189255105717626	-13.1140933638733	2.73432597919446e-39	5.6836722807713e-39	SLK
SLMAP	5616.63333189611	1.08693938904961	0.0407245154970921	26.6900508399472	6.14090156158716e-157	3.43726271797669e-156	SLMAP
SLN	26240.2137927334	-6.92922239171086	0.168583235713814	-41.1026776320384	0	0	SLN
SLPI	4591.46758311991	-5.5001808321317	0.0872751594340053	-63.0211490623601	0	0	SLPI
SLTM	5773.52870692742	-0.385055729462948	0.0145684845588301	-26.4307332659088	6.07710620082572e-154	3.31899237624587e-153	SLTM
SLU7	2851.21351032935	-0.395420670810416	0.0292015030175871	-13.541106790711	8.94312171706332e-42	1.9158054745788e-41	SLU7
SLURP1	3354.58061705598	-9.50535700732953	0.190442272828883	-49.9120120030826	0	0	SLURP1
SLX1A	15.9243083585481	0.0449090702013456	0.043067917777275	1.04274997536663	0.297064105429992	0.315632803792073	SLX1A
SLX4	482.229012972106	0.0536316845594834	0.0204128264189531	2.62735220781022	0.00860522136618375	0.00993474793565121	SLX4
SLX4IP	346.65132396049	-0.313317993340399	0.0468189810025356	-6.6921147498582	2.19968263168575e-11	3.13734942183465e-11	SLX4IP
SMAD1	1445.09567949457	-0.882761584200321	0.0230545620214437	-38.2901042916903	0	0	SMAD1
SMAD2	3742.99199431509	-0.337610192123757	0.0120049423129804	-28.1226001193453	5.18547850105753e-174	3.28444048196821e-173	SMAD2
SMAD3	6649.63074681041	-0.778056384280318	0.0405170305572714	-19.2031936590349	3.48021018386632e-82	1.10723336019402e-81	SMAD3
SMAD4	5122.21055222477	-0.475515353003633	0.02528725891031	-18.8045432164164	6.93167478879715e-79	2.13805822263772e-78	SMAD4
SMAD5	3232.40030370259	-0.371848382641609	0.018401568325234	-20.207428848969	8.42225276562105e-91	2.87846918613907e-90	SMAD5
SMAD6	1004.71096018014	2.04866289903743	0.0615008722131203	33.3111194250734	2.66514144678776e-243	2.54375456965145e-242	SMAD6
SMAD7	1935.23540564019	0.674865460791909	0.0421392449167064	16.0151294150113	1.0019803713892e-57	2.53466113903554e-57	SMAD7
SMAD9	843.148882896954	-0.524634953055853	0.0545247216962507	-9.62196480302123	6.45855028690776e-22	1.09052024870675e-21	SMAD9
SMAGP	533.585700497876	-0.735134134692302	0.0668165309081975	-11.0022792967558	3.72593166204639e-28	6.83695166651346e-28	SMAGP
SMAP1	509.758458314508	-0.701840331669241	0.0397839992164805	-17.6412715034064	1.18758401086735e-69	3.3793392000669e-69	SMAP1
SMAP2	2649.93127994357	-0.853026698777307	0.0416828106796413	-20.4647115889894	4.44302925067512e-93	1.54998002987215e-92	SMAP2
SMARCA1	1949.27570397721	0.504836390786759	0.0302318147203082	16.6988450894295	1.33626264869863e-62	3.5551380341744e-62	SMARCA1
SMARCA2	7805.14093360698	-0.524700296764037	0.0203397169537823	-25.7968337492752	9.62296792751775e-147	5.01224090460784e-146	SMARCA2
SMARCA4	5749.2936698727	-0.523333655405297	0.023846083915242	-21.9463144248516	9.391362600019e-107	3.65838385983428e-106	SMARCA4
SMARCA5	3572.27668875797	0.109685694657131	0.019581349301909	5.60153914656114	2.12456792597361e-08	2.85086449761096e-08	SMARCA5
SMARCAD1	1515.08298687842	-0.460155067658255	0.019415292317361	-23.7006510196494	3.55038445517295e-124	1.57959640577282e-123	SMARCAD1
SMARCAL1	931.537165039683	-0.402187437739414	0.0184549384133543	-21.7929439118791	2.70678180178544e-105	1.04402783831026e-104	SMARCAL1
SMARCB1	2635.68312952454	-0.088262047196602	0.0187926177305013	-4.69663399013054	2.64483761080339e-06	3.394874631494e-06	SMARCB1
SMARCC1	4365.99421412189	-1.1443561521695	0.0241664675462699	-47.3530585294881	0	0	SMARCC1
SMARCC2	5712.44030509857	-0.512504277315586	0.0158141891266168	-32.4078758140682	2.12595538037067e-230	1.88984310133592e-229	SMARCC2
SMARCD1	2458.30371903342	-0.139257188253242	0.0198585714511248	-7.01244742583706	2.34184872772391e-12	3.40321457558393e-12	SMARCD1
SMARCD2	4427.66422975793	-0.965035243715705	0.043680709832423	-22.0929386774614	3.69556172932619e-108	1.45885540985967e-107	SMARCD2
SMARCD3	2715.01703584897	0.037679123019707	0.0611487317505698	0.616188135731138	0.537770357892853	0.55798052985355	SMARCD3
SMARCE1	4728.03552798421	-0.297873942438934	0.0121317410138303	-24.5532724527629	3.99057318034833e-133	1.88343754114972e-132	SMARCE1
SMARCE1P1	1.49520386035106	0.329140877479465	0.130447121735411	2.5231747017544	0.0116300606777532	0.0133439175384177	SMARCE1P1
SMARCE1P5	3.9844917032619	-0.256726009218566	0.0966631976185908	-2.65588161309896	0.00791013784086898	0.00914282722958023	SMARCE1P5
SMARCE1P6	3.93660392009322	0.147950381153838	0.0749363749576903	1.97434665390969	0.0483423394149168	0.0538963490528872	SMARCE1P6
SMC1A	4332.0046189932	-0.305620686764948	0.0279191702593691	-10.9466249865498	6.89697458450935e-28	1.26081486235151e-27	SMC1A
SMC1B	5.57601580172241	-0.664258842065414	0.0774703253023761	-8.57436495164736	9.96350196353275e-18	1.58034187016964e-17	SMC1B
SMC2	672.358379191061	0.44853821034987	0.0296289234908874	15.1385253834086	9.02138954519789e-52	2.15519619380368e-51	SMC2
SMC3	2869.11021654249	-0.637402132415433	0.0156281255290487	-40.7855779780284	0	0	SMC3
SMC4	808.187642543091	0.0503387976105871	0.0239990737291408	2.09753085384555	0.035946608855847	0.0403413283051186	SMC4
SMC5	2415.1806967154	-0.42595183478696	0.0254265563844833	-16.7522423542537	5.45314944530921e-63	1.45511626393435e-62	SMC5
SMC6	1509.10475505501	-0.0225762042923194	0.0168640827083062	-1.33871522589246	0.18066339762189	0.195076589322275	SMC6
SMCHD1	3234.75829089863	-0.203002741763494	0.0182269905891455	-11.137479924107	8.24185546037365e-29	1.52635432245047e-28	SMCHD1
SMCO2	11.2884901405182	-0.654406174445446	0.0928235663775104	-7.05000033918108	1.78917355050965e-12	2.60594814165581e-12	SMCO2
SMCO3	2.01138712708798	1.6903350557598	0.0922623181211764	18.3209688438538	5.63015705086762e-75	1.67878842260507e-74	SMCO3
SMCO4	507.31312060357	1.58110567725176	0.0327480378757039	48.2809285628925	0	0	SMCO4
SMCR8	1679.50937116341	-0.408760893454697	0.022563220173755	-18.1162480491219	2.37231307552915e-73	6.96980702996578e-73	SMCR8
SMDT1	3069.37634299326	0.000226581121723065	0.0381881687556393	0.005933280623455	0.995265954771729	0.995431850863757	SMDT1
SMG1	15305.8210509916	-1.19853231884715	0.0463550896602844	-25.8554632863545	2.11216649424285e-147	1.10590776797166e-146	SMG1
SMG1P1	44.0057046970099	-1.18378663374482	0.0458748025103634	-25.8047243577211	7.84804120063392e-147	4.09248521589256e-146	SMG1P1
SMG5	7943.93682766089	0.404130870935157	0.0297801603085709	13.5704733200797	5.99337577161498e-42	1.28651034181781e-41	SMG5
SMG6	1375.48767200209	-0.481840341643686	0.019240609127177	-25.0428839575093	2.08705732247704e-138	1.02312415201278e-137	SMG6
SMG7	4588.446483688	-0.0903391279871179	0.0171093698371381	-5.28009674506101	1.29115693439933e-07	1.70371763495986e-07	SMG7
SMG8	668.290534630787	-0.0820633786352547	0.0244597508690163	-3.35503738671379	0.00079354259069012	0.000950972649957582	SMG8
SMG9	1293.28335624697	-0.191413939952179	0.0280819494623997	-6.81626253221743	9.34394756036762e-12	1.34291736554234e-11	SMG9
SMIM1	62.8371137964917	2.54132240427231	0.0521432252297452	48.7373458982474	0	0	SMIM1
SMIM10	365.753235491527	1.02335742697743	0.04603844215639	22.2283243968409	1.82832443825613e-109	7.2894060272533e-109	SMIM10
SMIM12	1990.00505523073	0.399426102329754	0.0248415648989582	16.0789428505973	3.58443423721699e-58	9.10704314807947e-58	SMIM12
SMIM13	982.141128609255	-0.110923110098236	0.0363747391186756	-3.04945445069282	0.00229257394822859	0.00270348009446858	SMIM13
SMIM14	1803.35733318809	-0.643713512209013	0.0401701241628585	-16.0246831600335	8.59277383653616e-58	2.17520070076624e-57	SMIM14
SMIM15	792.738668788212	0.0444402587472649	0.0287047583139051	1.54818439024227	0.121577908548769	0.132678019508117	SMIM15
SMIM17	32.5702608178521	0.894678060362475	0.04994437632629	17.9134894891365	9.25474213226311e-72	2.68787694615793e-71	SMIM17
SMIM18	0.7451766760516	0.158357865644672	0.17752285269784	0.892042141268491	0.372370345149951	0.392679471765921	SMIM18
SMIM19	1535.18859565613	-0.0554784611689611	0.0292684919348333	-1.89550118579682	0.0580260347894891	0.0644252545639667	SMIM19
SMIM20	1231.34012245455	0.151356348648417	0.0544689161065822	2.7787655688292	0.0054565889469474	0.00634399390518634	SMIM20
SMIM22	40.4307971102176	-2.35202521253462	0.132098566270053	-17.805077518603	6.45428329339277e-71	1.85893685702981e-70	SMIM22
SMIM4	620.153059822382	1.27157581953438	0.047194886158581	26.9430847923167	6.8744728309053e-160	3.9222626126506e-159	SMIM4
SMIM5	389.611252029715	1.23998350185818	0.0912395826886102	13.5904118072317	4.56504636722946e-42	9.8213696254927e-42	SMIM5
SMIM6	3.56783103857652	-0.711857244476486	0.09028359178336	-7.8846801552227	3.15342162316918e-15	4.80527746031223e-15	SMIM6
SMIM7	2013.32914997881	-0.0858114615286499	0.0178884786043637	-4.79702401900836	1.6104029739547e-06	2.07716135956997e-06	SMIM7
SMIM8	365.070180036807	0.350723922386164	0.0286398123343879	12.246027253644	1.7642892851205e-34	3.49038041778813e-34	SMIM8
SMKR1	10.7219115938352	-1.20064126564023	0.084890062769849	-14.1434842485081	2.04883715112842e-45	4.57071725832974e-45	SMKR1
SMLR1	1.71396030673625	1.08131820624525	0.110419069858489	9.79285740797355	1.20831953789027e-22	2.05994507070393e-22	SMLR1
SMN1	262.76331267199	-0.380351286848313	0.0224273444237027	-16.9592654245026	1.64386681074437e-64	4.44313009913054e-64	SMN1
SMN2	154.246480760948	-0.124876978715161	0.060558616919025	-2.06208439142754	0.0391997021115708	0.0439072763182369	SMN2
SMNDC1	1759.08557735376	-0.478007301233114	0.0216077750226236	-22.1220047289753	1.94108330137722e-108	7.67606338051216e-108	SMNDC1
SMO	921.866239220132	-0.1096026463383	0.0539458265953667	-2.03171687701442	0.0421823263595383	0.0471688443780625	SMO
SMOC1	686.488631411532	-3.02865913575402	0.0708992371949211	-42.7177957842821	0	0	SMOC1
SMOC2	3839.50087293377	0.627300950601142	0.0542648085209748	11.5599956527751	6.57121159140496e-31	1.24750453339887e-30	SMOC2
SMOX	563.292504747533	-0.283158268827309	0.0485621458702646	-5.83084342244214	5.51479143752208e-09	7.49843346679017e-09	SMOX
SMPD1	2922.74168858763	0.521818500670542	0.0276045136011931	18.9033760278967	1.0698288428155e-79	3.32148827173539e-79	SMPD1
SMPD2	452.892962644623	-0.662152802252773	0.0537301415858616	-12.323674993386	6.75445707984616e-35	1.34113150115057e-34	SMPD2
SMPD3	444.747951927504	-3.78296887724159	0.0911840790692993	-41.4871643805994	0	0	SMPD3
SMPD4	3198.34061943837	0.0656294013435376	0.0127747873299427	5.13741635367262	2.78541380813153e-07	3.65347085107663e-07	SMPD4
SMPDL3A	2066.13676869215	-2.75957777359658	0.0473760508861241	-58.2483706847932	0	0	SMPDL3A
SMPDL3B	34.1721497601061	-3.64983310015736	0.125707756183202	-29.0342713208421	2.43108005467547e-185	1.65764666909899e-184	SMPDL3B
SMPX	7484.86382296118	1.31676288614906	0.179154880251361	7.34985775604654	1.98417894659342e-13	2.93775334903999e-13	SMPX
SMR3B	2.49578753311063	-0.932057473016455	0.369412794025311	-2.52307848588643	0.0116332433432017	0.0133467185099409	SMR3B
SMS	1821.17711230588	0.626905015448687	0.0269610536406021	23.2522446565143	1.35006287608037e-119	5.81399086897674e-119	SMS
SMTN	7969.36747623523	1.2388243637709	0.030651637889948	40.4162533897468	0	0	SMTN
SMTNL1	6281.20342279066	-8.29325129927204	0.154445859749476	-53.6968185014761	0	0	SMTNL1
SMTNL2	9739.22428401727	-3.39592023477954	0.137246060812325	-24.7432983845215	3.66052761648312e-135	1.75108045772821e-134	SMTNL2
SMU1	3270.73875944622	-0.317728947397593	0.0126118338920837	-25.1929219902768	4.78903988772484e-140	2.37224840448362e-139	SMU1
SMUG1	1095.50793983689	-0.427409777986252	0.0197042216478061	-21.6912794438567	2.47993383943319e-104	9.47596880569665e-104	SMUG1
SMURF1	2690.76776877642	-0.803365010010922	0.0268092710824881	-29.9659400488394	2.72786295446935e-197	2.01577426286547e-196	SMURF1
SMURF2	1362.3815409821	-0.235237936263613	0.0202528581783965	-11.6150488089893	3.45590977957388e-31	6.58583865573888e-31	SMURF2
SMURF2P1	31.7278062713156	-0.370418846998194	0.0270151486091351	-13.71152357359	8.66196526933141e-43	1.87837654274467e-42	SMURF2P1
SMYD1	16851.7433746571	0.761828900559182	0.168668361284791	4.51672675750291	6.28028594693328e-06	7.98554971609423e-06	SMYD1
SMYD2	4706.07502043158	2.30082658051618	0.057488571267341	40.0223301744022	0	0	SMYD2
SMYD3	459.864016823628	-0.4068943784147	0.0256970268049991	-15.8342979326909	1.80462096165537e-56	4.51180304593866e-56	SMYD3
SMYD4	1291.55602977008	-0.684956036006673	0.0330265977045011	-20.7395276417868	1.52414885026519e-95	5.40934610678699e-95	SMYD4
SMYD5	1510.89280985138	0.184312564538281	0.0188498387628795	9.77793852015555	1.40033591352232e-22	2.38481048054071e-22	SMYD5
SNAI1	398.776836620729	0.462383435247573	0.0784230189088395	5.89601677774044	3.72381126829001e-09	5.08128613102551e-09	SNAI1
SNAI2	1409.71176166161	-1.13241385645715	0.0689698581867258	-16.4189674479438	1.39927651385942e-60	3.64520644370237e-60	SNAI2
SNAI3	267.945926009745	-0.997727005098672	0.104350665762095	-9.56129026884551	1.1629763387448e-21	1.95542098577854e-21	SNAI3
SNAP23	793.12813918311	-0.14755591263885	0.0258279760280664	-5.71302654449213	1.10984359126333e-08	1.49706215708739e-08	SNAP23
SNAP25	68.2367668679497	-0.0187491270906548	0.0723186205457432	-0.259257255588767	0.795436757201412	0.807003159915607	SNAP25
SNAP29	1978.19089734873	-0.335834481131005	0.0270011407117025	-12.4377886370353	1.62952994879728e-35	3.25779304845622e-35	SNAP29
SNAP47	1766.68862557973	0.41566808764914	0.0314668855498327	13.2096990339532	7.71322074698389e-40	1.61467248129384e-39	SNAP47
SNAP91	33.3717640315087	2.59651315541019	0.0847127661608128	30.6507894038208	2.57943978250092e-206	2.01180656519926e-205	SNAP91
SNAPC1	436.667469906214	0.353514621196418	0.0298168408665718	11.8562064565582	1.99825190349947e-32	3.86447491565256e-32	SNAPC1
SNAPC2	795.17928099612	0.0638700175760303	0.0331953098005805	1.92406752519337	0.0543461200217744	0.0604140373316841	SNAPC2
SNAPC3	1619.34556674368	0.370568068066822	0.0218140154601426	16.9876137084391	1.01432628758002e-64	2.74569736883126e-64	SNAPC3
SNAPC4	1299.11167224366	-0.251389388552831	0.0203581096541635	-12.348365974216	4.97108484240696e-35	9.88560519754394e-35	SNAPC4
SNAPC5	1157.04013569309	0.294040520867051	0.0456686050217731	6.43857023280794	1.20604152605687e-10	1.69701817482605e-10	SNAPC5
SNAPIN	1935.64752525368	0.477953822708541	0.0333416255494891	14.335048601608	1.32154000624473e-46	2.99270872467119e-46	SNAPIN
SNCA	215.619497008313	-0.0666700872982375	0.0778433435035019	-0.856464847186815	0.39174070894073	0.412212807718599	SNCA
SNCAIP	178.447278775895	-0.393482701277032	0.0632777835206951	-6.21833887636634	5.02445519542921e-10	6.97987482427235e-10	SNCAIP
SNCB	21.1773823624822	-0.745250695062868	0.0996733350837387	-7.47693146252967	7.60780652966722e-14	1.13499192226537e-13	SNCB
SNCG	1176.23087786893	-0.156291506662468	0.0637925522957773	-2.44999613650532	0.0142857747542945	0.0163337291255116	SNCG
SND1	5645.14366310501	-0.115665274405137	0.021444839633654	-5.39361806294978	6.90529173748389e-08	9.16412242453903e-08	SND1
SNED1	3064.85404690572	-1.26328598974199	0.0426377160694898	-29.6283691106513	6.44390849489871e-193	4.61586935203628e-192	SNED1
SNF8	1409.02020519767	0.3944921007934	0.0215897409105468	18.2722017104284	1.37778059223951e-74	4.0906198978894e-74	SNF8
SNHG1	2695.70536721226	-0.639881983658772	0.0427979324662109	-14.9512358842091	1.52885268786871e-50	3.60409602335315e-50	SNHG1
SNHG11	668.76425933895	-0.456715014582337	0.0423744086405672	-10.7780858597069	4.36882163809434e-27	7.90383500576243e-27	SNHG11
SNHG12	785.554068717511	-0.859239146931498	0.0437914097424981	-19.6211803178749	1.01958185478032e-85	3.34185960813921e-85	SNHG12
SNHG14	10639.9501083368	0.302473418233866	0.0773657465824056	3.9096555206339	9.2427833627672e-05	0.000113942845715089	SNHG14
SNHG15	986.937547638756	-0.276036103640032	0.051090962003214	-5.40283629074487	6.55953221713735e-08	8.70975432917971e-08	SNHG15
SNHG16	1835.46838873509	-0.77066358650266	0.0401466270175449	-19.1962225410833	3.98006145561783e-82	1.26603792653431e-81	SNHG16
SNHG3	1182.80521787055	-0.784510211004516	0.0445995527883792	-17.5900914237177	2.93403885646406e-69	8.31218656833641e-69	SNHG3
SNHG5	7297.69322328156	-1.61354334918674	0.0391272913492201	-41.2383094650099	0	0	SNHG5
SNHG7	1871.2068291506	-0.186277359300513	0.032708200698814	-5.69512707274255	1.23280068110004e-08	1.66129997458316e-08	SNHG7
SNHG8	2335.77601183087	-1.11053293230824	0.0348110299256448	-31.9017545496443	2.52457193518169e-223	2.1723145031169e-222	SNHG8
SNHG9	142.778704421146	0.13913576462069	0.0334038254000803	4.1652643957466	3.10991941760475e-05	3.88599607360149e-05	SNHG9
SNIP1	801.407164945083	-0.224999149769737	0.018479732770219	-12.175454730186	4.20046509645888e-34	8.27905093631407e-34	SNIP1
SNN	6011.71640805545	-0.940869883687445	0.063463809192694	-14.8252980030036	1.00532767883971e-49	2.35116325149976e-49	SNN
SNORA1	8.45115544836222	-0.884701892427541	0.0657722545606339	-13.4509893014532	3.03780601252561e-41	6.46989422994244e-41	SNORA1
SNORA11	2.8561570689389	-0.135608072153714	0.0858347744371299	-1.57987334437561	0.114135874731786	0.12475316540451	SNORA11
SNORA12	1.67264607816735	-0.727715211604727	0.0969675171492364	-7.504731821531	6.15544870259971e-14	9.19995284751722e-14	SNORA12
SNORA14A	0.37527795473704	0.466708935467514	0.16849835874733	2.76981294617452	0.00560884937106706	0.00651806956285204	SNORA14A
SNORA14B	0.907426771816456	-0.0011574003043617	0.0844262331026948	-0.0137090127301292	0.989062133004893	0.99010718808926	SNORA14B
SNORA15	0.519220061021051	0.545361993838441	0.125108198212068	4.35912275640012	1.30584850827998e-05	1.64761891060124e-05	SNORA15
SNORA16B	2.95291638454376	-1.17743940375473	0.0857457879591217	-13.7317462674209	6.55347002548114e-43	1.42199872141618e-42	SNORA16B
SNORA18	9.22138486122779	-0.435696608038095	0.0561669433761982	-7.75717142234109	8.68445096966471e-15	1.31390823587943e-14	SNORA18
SNORA19	0.990869278036187	-0.831092930475026	0.0933530640015968	-8.90268508445325	5.4511674025683e-19	8.81877095476157e-19	SNORA19
SNORA20	1.83313059052855	0.229789472291028	0.0893635512304929	2.57140041020011	0.0101288142637671	0.0116533801330738	SNORA20
SNORA21	12.174484483916	-1.53232620524016	0.0582004118940809	-26.3284426238915	9.06295391451064e-153	4.90800942885397e-152	SNORA21
SNORA22	1.53686553081962	-0.573664815030898	0.0942425346432956	-6.08711148529905	1.14965919933182e-09	1.5860679987103e-09	SNORA22
SNORA23	1.9353288134879	-0.891397438974779	0.0987932158452792	-9.02286084472444	1.83240259059122e-19	2.98777889793774e-19	SNORA23
SNORA27	14.4006970204394	-0.6883058429114	0.061510818243294	-11.1899965334381	4.56451481654531e-29	8.4768215426217e-29	SNORA27
SNORA28	1.0445677926906	0.133047209194787	0.111371152352379	1.19462900746349	0.232232010687803	0.248552733479466	SNORA28
SNORA29	3.55680851525492	-0.261981635870305	0.0774131431908652	-3.38420099057829	0.000713857255229305	0.000856961950742429	SNORA29
SNORA2A	3.12057251316419	-0.228109165944454	0.0677399680490318	-3.36742358336134	0.000758740507548564	0.000909932570045416	SNORA2A
SNORA2B	0.272754455791654	0.438519869216846	0.16037339221017	2.73436798444822	0.00625001522650942	0.00725100052155169	SNORA2B
SNORA30	0.170982973842275	0.371251124300244	0.212220137594201	1.74936803127578	0.0802274231780077	0.0885181639367034	SNORA30
SNORA33	16.0268194193968	-0.0430542217091299	0.0591877451690184	-0.727417839388591	0.466970029484944	0.487554521243459	SNORA33
SNORA36B	0.000282845296585621	0.58686801373951	3.77224799904793	0.155575140841119	0.876367921053772	0.883880487835553	SNORA36B
SNORA36C	0.0473468884888216	0.497729175987018	0.613936145764915	0.81071814946958	0.417527548161364	0.438066876170235	SNORA36C
SNORA37	0.2140888457883	0.072795762083131	0.220954382947381	0.329460593232346	0.741807574859738	0.755404093174755	SNORA37
SNORA38	0.266084010589186	0.333431127526997	0.158135565431277	2.10851446742953	0.0349865126793556	0.039283446528261	SNORA38
SNORA4	25.307528542936	-0.0881394208983463	0.0533412415684434	-1.65236912952715	0.0984593246651091	0.108031592301391	SNORA4
SNORA41	5.23533307569481	0.160692275864221	0.0670613195781473	2.3961991334955	0.0165660875018467	0.0188869555463134	SNORA41
SNORA44	0.00497500286353937	0.566030927419393	2.53598626100514	0.223199524430802	0.823380222055411	0.834036766485817	SNORA44
SNORA46	0.525280717245506	-0.570459927409686	0.137618705351833	-4.14522085461609	3.39486342648624e-05	4.23734132160441e-05	SNORA46
SNORA47	0.887985050136878	0.4457483207769	0.123797809109259	3.60061558426693	0.000317464660099725	0.000385346011224218	SNORA47
SNORA48	26.4360749290897	-0.400761055673979	0.0595549931629196	-6.72926037582863	1.70527665256763e-11	2.43837358192628e-11	SNORA48
SNORA49	0.27474361497027	0.0739445105759201	0.179910617034745	0.411006931078669	0.681067452410763	0.696901728674746	SNORA49
SNORA52	18.7375432387586	-0.767971280014607	0.0532464890643251	-14.4229468178991	3.71151201529547e-47	8.45279956823554e-47	SNORA52
SNORA53	14.6159631809868	0.810419331825191	0.0430568400674854	18.8220810109375	4.97900686984192e-79	1.53760683932106e-78	SNORA53
SNORA54	0.681325585175374	-0.928237681274526	0.130808645435155	-7.09614932703111	1.28280869663829e-12	1.87312129690021e-12	SNORA54
SNORA58	0.194053369180628	0.332237881157772	0.188925911718659	1.75856174590031	0.0786519752943387	0.0868065117886812	SNORA58
SNORA59B	1.18524367244555	-0.911558182785989	0.150898436775011	-6.04087227321725	1.53283286621049e-09	2.10968150658727e-09	SNORA59B
SNORA5A	4.57672507750673	0.667554129843473	0.0328531207812908	20.3193521336223	8.67131418552564e-92	2.98912919673778e-91	SNORA5A
SNORA5C	4.23864526304031	0.312811655664299	0.0526353210379058	5.94299891206183	2.79854292931907e-09	3.82684376106598e-09	SNORA5C
SNORA62	14.2827791730473	-0.404620124692123	0.0473903486334619	-8.53802802384164	1.36531813440857e-17	2.16119343453119e-17	SNORA62
SNORA63	27.0572228003706	0.0343329259067826	0.0457874059087284	0.749833392510183	0.453355054526098	0.473971677112573	SNORA63
SNORA64	18.9184658975113	-0.24756889165242	0.053582516108504	-4.62032972007316	3.83130679519755e-06	4.89755387163408e-06	SNORA64
SNORA65	6.50683815587961	0.0978139392598856	0.0507648389151203	1.92680487814474	0.0540039513302435	0.0600484976154001	SNORA65
SNORA66	6.92003242049478	-0.447407388724137	0.0615882107509274	-7.26449726772424	3.74428191744927e-13	5.51832477452139e-13	SNORA66
SNORA68	4.86131946411261	-1.09644140106482	0.0763663075472098	-14.3576589765977	9.53954033134514e-47	2.16355380502134e-46	SNORA68
SNORA70	161.567682680092	-0.168407702356667	0.0396055431182727	-4.25212455372109	2.11752027418829e-05	2.65793755356414e-05	SNORA70
SNORA70G	0.604132457902707	-0.967487959193891	0.151683548448182	-6.3783315269975	1.79027638546092e-10	2.51182893333454e-10	SNORA70G
SNORA71B	10.3321193725284	-0.247975760032365	0.0631946237952642	-3.92400089026163	8.70904129604886e-05	0.000107495510401931	SNORA71B
SNORA73	0.761848355908051	-1.03710750845367	0.129913197785098	-7.98308044244475	1.42725823846169e-15	2.18860853143784e-15	SNORA73
SNORA73B	14.3679841150863	-0.962235390246933	0.0809342089217098	-11.8891060166874	1.34842134644601e-32	2.61364624285286e-32	SNORA73B
SNORA74	1.03627597260311	-0.74225636160944	0.126771043067234	-5.85509390512611	4.76740564887464e-09	6.48907894785576e-09	SNORA74
SNORA74A	0.988019157204706	-0.804382899572302	0.129185303895268	-6.22658209036244	4.76720491882709e-10	6.6260872321679e-10	SNORA74A
SNORA74B	0.542274224589817	0.358276180657763	0.146252129523335	2.44971599268644	0.0142968932989644	0.0163454033835922	SNORA74B
SNORA75	0.956532446888323	-0.818743868800363	0.119255223860055	-6.86547592884614	6.62699391999364e-12	9.55410199854281e-12	SNORA75
SNORA77	1.93736171451163	1.62954508790151	0.0754562508166727	21.5958925902723	1.96314722622103e-103	7.4554036327436e-103	SNORA77
SNORA79	0.0812686757372329	0.380182106015654	0.392121728820932	0.969551233895709	0.33227023065843	0.351710950375303	SNORA79
SNORA7B	0.997095713078894	-0.289027073328104	0.0830725845226762	-3.47921128238412	0.000502891930012403	0.000607106004436542	SNORA7B
SNORA8	75.0592247403955	-0.577540000548794	0.0344452260881386	-16.766909849016	4.26099746407464e-63	1.13784624463444e-62	SNORA8
SNORA80B	0.40134646603454	-0.206195802617881	0.157909629305682	-1.30578358979443	0.191626162182155	0.206406327515616	SNORA80B
SNORA81	0.0777709774257103	0.420716907894159	0.406219377934744	1.03568891772993	0.300347294185339	0.318951781171039	SNORA81
SNORD10	63.7442197497321	-0.538035818424061	0.0506277480663772	-10.6272911392119	2.22480858668662e-26	3.99250118322659e-26	SNORD10
SNORD100	0.29931624567003	-0.0933841285395509	0.156943337450148	-0.595018113267879	0.551831363359149	0.571746078728448	SNORD100
SNORD104	0.162634321667596	0.386893067751763	0.264265188119531	1.46403342227871	0.143184816582821	0.155569162440087	SNORD104
SNORD105	0.0726808854492278	0.482861404038688	0.414879430418722	1.1638595906077	0.244480917997792	0.261367205420968	SNORD105
SNORD11	0.183598304003655	0.283760094685988	0.207671122492485	1.36639168354404	0.171816057696493	0.185780572368704	SNORD11
SNORD111	0.0547578522315207	0.521941428276858	0.534530458618186	0.976448432192484	0.328842290686731	0.348184817049105	SNORD111
SNORD114-2	0.0237262260399776	0.520854764561916	0.932560131226574	0.558521372639905	0.576488414273152	0.595647339302664	SNORD114-2
SNORD116-17	0.051197305354901	0.550697220121257	0.604033478080511	0.911699831392217	0.361926752769597	0.382001962861655	SNORD116-17
SNORD116-5	0.00479665132917793	0.583571574563098	3.41005943489367	0.171132376342671	0.864119678732019	0.872358159208966	SNORD116-5
SNORD117	0.222971167630722	-0.118173664218618	0.177463266693528	-0.665904930188732	0.505471869036435	0.526044927705663	SNORD117
SNORD12B	0	NA	NA	NA	NA	NA	SNORD12B
SNORD12C	0.715218769428876	-1.30235555909469	0.13200815902321	-9.86572018526304	5.86123074367231e-23	1.00435996779482e-22	SNORD12C
SNORD14A	3.97734184198626	-0.29542665752067	0.0733526960238646	-4.02748192683409	5.63773995447247e-05	6.99847989245286e-05	SNORD14A
SNORD14B	3.62532276993535	-0.705206416706259	0.0748273917796004	-9.42444203833006	4.32398344797151e-21	7.21505617787681e-21	SNORD14B
SNORD15B	2.53558801253097	-1.03562702078218	0.0932205460859775	-11.1094288144055	1.12879222576419e-28	2.08767993999601e-28	SNORD15B
SNORD16	1.77564398583789	-0.717724118843602	0.0916793629683613	-7.82863335439285	4.93201635042052e-15	7.49145441936712e-15	SNORD16
SNORD17	4.51017513523112	-0.157674713160976	0.071188773466273	-2.21488172198497	0.0267681839931961	0.0302425205586847	SNORD17
SNORD21	10.9041787419266	-1.37571877588749	0.0704368720104522	-19.5312303999437	5.95863755720692e-85	1.93717599182376e-84	SNORD21
SNORD33	3.43760692212992	-0.801804367805994	0.0835273312975002	-9.59930546506027	8.04849208065602e-22	1.35643578264104e-21	SNORD33
SNORD34	0.0802615865101742	0.384234097677007	0.35578239849371	1.07996938382493	0.280155813999935	0.298248554486535	SNORD34
SNORD35A	4.76046053855567	-0.508412691062971	0.0760316932575375	-6.68685214389288	2.28022046847383e-11	3.2511880121186e-11	SNORD35A
SNORD35B	10.0132040348344	-0.713171178170587	0.0618061434518304	-11.5388396418296	8.40513751108974e-31	1.59364735977593e-30	SNORD35B
SNORD38A	0.0880280410081008	0.303975891036142	0.352294445447436	0.862846107749653	0.388222084628665	0.408677528970795	SNORD38A
SNORD3A	92.6999605970868	0.499077081525657	0.100945491547161	4.94402547232624	7.65256980307023e-07	9.94541253520087e-07	SNORD3A
SNORD3B-1	5.74232227321275	-3.10665127661051	0.156059713346817	-19.9068113735829	3.55216618314285e-88	1.18830223866855e-87	SNORD3B-1
SNORD3B-2	6.17301686898153	-3.05604697682069	0.14918032062034	-20.4855906202149	2.89452253645206e-93	1.01212704309778e-92	SNORD3B-2
SNORD3C	0.524723454241587	-0.365352424444913	0.216533975289153	-1.68727528304522	0.0915504314059331	0.100622744885713	SNORD3C
SNORD41	0.013314467975939	0.558927467814487	1.26918647457473	0.440382464682165	0.659660123029264	0.67626526992709	SNORD41
SNORD46	4.47701761664324	-0.62856339938923	0.0752835576794003	-8.34927863087988	6.8681141169568e-17	1.07591090609468e-16	SNORD46
SNORD53	0.0218569769309007	0.497619369664535	0.955777687964801	0.520643425694679	0.602615192065133	0.621193403900777	SNORD53
SNORD62A	0.0773871447460057	0.380880235828815	0.39117644365825	0.973678865390906	0.330216014261431	0.349618778538997	SNORD62A
SNORD62B	2.33056479518476	-1.25935056625164	0.0939000313934226	-13.4116096402057	5.17043005064126e-41	1.09794634117722e-40	SNORD62B
SNORD66	0.0116528952807649	0.560776977807786	1.5273288385418	0.367161912783092	0.713498247480643	0.72789356491352	SNORD66
SNORD67	0.256494190330387	0.414870956406393	0.16382153490812	2.53245677767013	0.0113266333035377	0.0130048938701991	SNORD67
SNORD68	4.83992373948007	-1.10501260361458	0.066866550615048	-16.5256408989326	2.39876450688678e-61	6.30827755857837e-61	SNORD68
SNORD69	0.0703698381084204	0.457900139240186	0.440685680392902	1.03906289587612	0.29877548578405	0.317338772692865	SNORD69
SNORD7	0.000763521860439982	0.585479495271664	3.77224799824086	0.155207053074107	0.876658088121405	0.884074075309435	SNORD7
SNORD71	0.0489835711673862	0.437017929633278	0.537745508356979	0.812685411298995	0.416398447609699	0.436907697331673	SNORD71
SNORD8	0.303116943953558	-0.27628352467667	0.158913212946488	-1.73858120136117	0.0821084555327229	0.0905060939978965	SNORD8
SNORD83A	3.40265596110436	-1.26057638870375	0.0955835308073712	-13.1882174476708	1.02582242421679e-39	2.14469563975918e-39	SNORD83A
SNORD83B	5.67232870184611	-0.699466210749687	0.0804759760136329	-8.69161513034891	3.57322782678114e-18	5.70531081336591e-18	SNORD83B
SNORD89	12.5004737133558	-0.339972316556066	0.0430169450486372	-7.90321851474288	2.71792506486174e-15	4.14762369384336e-15	SNORD89
SNORD9	0.646836335504839	-1.06126271109515	0.129269028158224	-8.20972143301158	2.21702246406072e-16	3.44723342623797e-16	SNORD9
SNORD91B	0.638004782462224	0.0205827014324211	0.12577975740655	0.163640810388058	0.870013915691198	0.877767094291966	SNORD91B
SNORD92	0.029341473326709	0.563687272493939	0.817493913903241	0.689530848985204	0.490489266957905	0.511191367213366	SNORD92
SNORD93	0.0247474275847196	0.587135366469151	0.900448880891271	0.652047416492983	0.514370584289706	0.534934709561442	SNORD93
SNORD94	7.07032270757119	-0.607204842216458	0.0588416533987238	-10.3193028602019	5.7640143122504e-25	1.0160401648533e-24	SNORD94
SNORD96A	1.22935492652812	-0.844833440932616	0.0855019531605929	-9.88086715803812	5.03949023073479e-23	8.64619363738629e-23	SNORD96A
SNORD99	0.0661553994428123	0.500561768518667	0.481017114888614	1.04063192976944	0.298046406350017	0.316620440289564	SNORD99
SNPH	772.867180117482	0.990434512661477	0.0632674953898321	15.6547134758341	3.08499504081136e-55	7.60413470212863e-55	SNPH
SNRK	2946.99336027808	-0.510141666464491	0.0346137203486457	-14.738134512156	3.66776862485111e-49	8.53237309588329e-49	SNRK
SNRNP200	12131.5722367778	-0.528461099323182	0.0142112025796661	-37.1862336322841	1.13912493383384e-302	1.4913009406504e-301	SNRNP200
SNRNP25	2056.51502868406	0.698948818287373	0.0681001169241577	10.2635479916398	1.02856638469493e-24	1.80636326740424e-24	SNRNP25
SNRNP27	1417.40653309098	-0.472220186637294	0.0407431275512538	-11.5901801118054	4.62159692630274e-31	8.78957910938992e-31	SNRNP27
SNRNP35	1477.65824142802	0.195527127899767	0.037608174726905	5.19905922900019	2.00299698821899e-07	2.63489833271924e-07	SNRNP35
SNRNP40	1196.26903911321	-0.38072869384451	0.0139358084536384	-27.3201727127003	2.44314146106817e-164	1.44051717788039e-163	SNRNP40
SNRNP48	1114.33263963874	0.161349752390705	0.0251297685584661	6.42066209305962	1.3568290769465e-10	1.90740181289449e-10	SNRNP48
SNRNP70	18575.7228362753	-0.284316066580373	0.0204481206796805	-13.9042639191239	5.96776402881677e-44	1.31022954363618e-43	SNRNP70
SNRPA	2016.58421713437	-0.18859959338201	0.0206405119492718	-9.13735055823861	6.40010373281942e-20	1.0494467780514e-19	SNRPA
SNRPA1	1200.18562958042	-0.0487092566854644	0.0226876068655426	-2.14695436914692	0.0317969145371624	0.0357869362625648	SNRPA1
SNRPB	4422.6227815285	-0.447638221913298	0.023885966732999	-18.740636580343	2.30849232528841e-78	7.08407268113137e-78	SNRPB
SNRPB2	1447.68941752689	0.0337332973835261	0.0221909500787624	1.52013759049506	0.128476398734596	0.140045031707731	SNRPB2
SNRPC	2987.21909227332	0.904824551054991	0.0333197464857954	27.1558053852759	2.16229102885039e-162	1.25721578844754e-161	SNRPC
SNRPD1	1255.2530624229	-0.243170079237829	0.0235674342547956	-10.3180548467361	5.83941596816386e-25	1.02923065546771e-24	SNRPD1
SNRPD2	4332.46600591017	0.112806358407606	0.0192998179274574	5.84494417675928	5.06738169865343e-09	6.89373775373794e-09	SNRPD2
SNRPD3	4318.82372136203	-0.203971120204134	0.0285195475203371	-7.15197602832523	8.55375091475246e-13	1.25255080302985e-12	SNRPD3
SNRPE	1391.9855514407	-0.237763839247598	0.0185711171445559	-12.8028829605061	1.57975576760704e-37	3.22636527940711e-37	SNRPE
SNRPEP2	5.23612841433415	-0.258470823294506	0.0557633465499943	-4.63513829936257	3.5669891969249e-06	4.56583748374067e-06	SNRPEP2
SNRPEP4	14.3724915769275	-0.142341912478792	0.0419135534406366	-3.39608314719472	0.000683575909808304	0.000821048238637438	SNRPEP4
SNRPF	945.080243645033	0.145723495051111	0.021549539134367	6.76225575602742	1.35859593958656e-11	1.94760575842141e-11	SNRPF
SNRPG	1026.77020465765	0.58408650222336	0.0308567674535838	18.9289595257173	6.58501767995675e-80	2.04868481259767e-79	SNRPG
SNRPGP10	54.1762465967833	0.596412132918717	0.0381507864954035	15.633023266521	4.33726611636824e-55	1.06791310847688e-54	SNRPGP10
SNRPGP2	37.712358173275	0.52764579144564	0.0359261505437196	14.6869559766369	7.81462624619258e-49	1.81207119744574e-48	SNRPGP2
SNRPGP4	25.0385806394121	-2.49530968243655	0.0652723594994429	-38.2291938206685	0	0	SNRPGP4
SNRPGP5	0.570231030686887	-0.555104863197687	0.136371100027238	-4.07054620140786	4.69030375934492e-05	5.83500165385914e-05	SNRPGP5
SNRPGP9	0.131231911054165	0.377908921789221	0.343882548106562	1.09894766067662	0.271790896114421	0.289703216541668	SNRPGP9
SNRPN	2316.5917805313	2.0502741926357	0.0556196771513809	36.8623893133259	1.85184414273043e-297	2.37260116820573e-296	SNRPN
SNTA1	9681.57179140081	0.956808768658145	0.079396656322693	12.0509957594357	1.91620932919036e-33	3.74686988211554e-33	SNTA1
SNTB1	1349.62300744486	-1.21276915604404	0.0434139685711653	-27.9349987102893	1.00302994827164e-171	6.24759242174319e-171	SNTB1
SNTB2	2462.12320739903	-1.04987565194811	0.0273783502067617	-38.3469290157891	0	0	SNTB2
SNTG2	95.3257961407741	-1.26606596452736	0.0618949278210034	-20.4550842710206	5.41286579518413e-93	1.88648590859844e-92	SNTG2
SNTN	0.90499119448596	-1.40219034316732	0.202766486021203	-6.9152963622435	4.66886272058373e-12	6.74945372897749e-12	SNTN
SNUPN	955.822270944326	-0.303568221641931	0.0254066617875648	-11.9483710288343	6.62102819861196e-33	1.28709642120101e-32	SNUPN
SNURF	11.1047544328326	1.47378052446408	0.0519145355105567	28.3885911714339	2.79684335624941e-177	1.80905415939079e-176	SNURF
SNW1	3220.29976613531	-0.519725741749512	0.0160585831606192	-32.3643584587243	8.71391012565883e-230	7.72704907251156e-229	SNW1
SNX1	6872.25389096519	-0.121220251509248	0.0152269687640788	-7.96089184836403	1.70803634586809e-15	2.61515371795283e-15	SNX1
SNX10	159.070035565728	-1.68084171020996	0.0847926930921713	-19.8229546546287	1.88697810061463e-87	6.27748896491665e-87	SNX10
SNX11	974.210730629023	0.132609183998347	0.017930621393883	7.39568256366097	1.40683724175766e-13	2.08878894662485e-13	SNX11
SNX12	2562.5549617102	-0.0880329452403361	0.0162635331340113	-5.41290410361303	6.20107040515594e-08	8.23986627025999e-08	SNX12
SNX13	2704.39239579719	-0.265898989407071	0.0262683522195385	-10.1224084093594	4.39466385485521e-24	7.65219037059863e-24	SNX13
SNX14	1863.0827674363	-0.0265014686423722	0.0187968153925346	-1.4098914145264	0.158571748155114	0.171799581013554	SNX14
SNX15	1340.34225455165	-0.41130397713768	0.0267447078829478	-15.3788921134534	2.26795143579796e-53	5.48802174967053e-53	SNX15
SNX16	485.982503202906	-0.266651610851865	0.0285424345328106	-9.34228685171681	9.42754895580698e-21	1.56612503463899e-20	SNX16
SNX17	4380.94643518543	0.217710009715613	0.0159625659309974	13.6387853091242	2.35449705485964e-42	5.0843691800058e-42	SNX17
SNX18	1385.61681477504	0.0277129422777436	0.0239013987376882	1.15946947632171	0.246264871453271	0.263211848416479	SNX18
SNX19	4889.83112129096	0.151661836619288	0.0218218622691298	6.94999513555886	3.65298808195203e-12	5.29192326277309e-12	SNX19
SNX19P3	1.57424110205302	0.175712067602034	0.12372064301008	1.42023241495535	0.155540029656219	0.16863675684163	SNX19P3
SNX2	2525.78893170566	-0.545221837369706	0.0143082661722232	-38.1053742505958	0	0	SNX2
SNX20	47.8860934084515	0.159475610116151	0.0570700630462494	2.79438293220234	0.00519988640774265	0.00605023303120519	SNX20
SNX21	3217.84139769785	-1.18558238718686	0.0353546139270164	-33.5340216027897	1.5393978144916e-246	1.49949675642117e-245	SNX21
SNX22	84.664390162485	2.07916020452784	0.0585276920850093	35.5243839362046	2.06629493569541e-276	2.36913217436006e-275	SNX22
SNX24	594.992388958538	-0.139473876295857	0.0264469952921376	-5.27371350715677	1.33690554843559e-07	1.76330867360705e-07	SNX24
SNX25	953.126237082525	-0.386440220558145	0.0233808935039998	-16.5280347601787	2.30538353266031e-61	6.06358985555498e-61	SNX25
SNX25P1	4.55705860005265	0.146062455888018	0.0769984523887892	1.89695313810339	0.0578341232567935	0.0642240624765909	SNX25P1
SNX27	3107.72229940991	-0.396162279895648	0.0269019078045262	-14.7261778894727	4.37774868825707e-49	1.01787463365171e-48	SNX27
SNX29	1733.58788060406	-0.864429123613515	0.0209267591079133	-41.3073576828548	0	0	SNX29
SNX29P1	8.75541661821867	-1.6291032743489	0.0920589827298956	-17.6962988949025	4.47785521858424e-70	1.2788493065165e-69	SNX29P1
SNX29P2	40.8924421239536	1.85853400889557	0.0611509659421923	30.3925535804699	6.88984538564999e-203	5.26194767870536e-202	SNX29P2
SNX3	8360.24128486424	0.222859715261603	0.0286251067183168	7.78546321083228	6.94582536877993e-15	1.05245624969198e-14	SNX3
SNX30	886.855009709479	-0.677422496935481	0.0357577943294716	-18.9447506379651	4.87896799208852e-80	1.52001216382114e-79	SNX30
SNX31	27.6346005615948	1.22959972278204	0.0771186713479909	15.9442545013981	3.12345243876597e-57	7.86147474136272e-57	SNX31
SNX32	25.0966456033199	-0.442850178887688	0.0695814515824251	-6.36448606369033	1.95944711080336e-10	2.74597177435354e-10	SNX32
SNX33	2945.53374051035	-0.124047928597831	0.0470894080973275	-2.63430638884737	0.00843093712680074	0.00973728340944053	SNX33
SNX4	1274.18862294651	-0.384558161651866	0.0269741909716156	-14.2565225424751	4.08299141771419e-46	9.20104262772574e-46	SNX4
SNX5	3402.09056171349	-0.504224766520032	0.0236190301087207	-21.348241828688	4.0488657312438e-101	1.50960298318392e-100	SNX5
SNX5P1	1.17677389190556	-0.974708037276486	0.130372596653883	-7.47632602474102	7.6429208360841e-14	1.13994712047684e-13	SNX5P1
SNX6	2405.19612087852	-0.0524729601696112	0.0189177780303804	-2.77373801962069	0.00554162851108153	0.00644161531886727	SNX6
SNX6P1	0.34569276055267	0.0469898904327456	0.227606395792759	0.206452416546023	0.836437530115395	0.846453338183451	SNX6P1
SNX7	665.354426461541	0.448583653969522	0.0452917482572361	9.90431306430864	3.98700481252199e-23	6.85352116407642e-23	SNX7
SNX8	1298.03795924124	-0.206854643375106	0.0264896836423674	-7.80887556710054	5.77004305530512e-15	8.75476610237251e-15	SNX8
SNX9	4559.90605950461	-0.394018525077773	0.0220657657848353	-17.8565534013128	2.57028810331142e-71	7.43257126870827e-71	SNX9
SOAT1	994.156751392287	-0.201562238178484	0.0425358695673586	-4.73864153310174	2.15155728091843e-06	2.76644161527233e-06	SOAT1
SOAT2	23.8340647208045	-1.72431657289126	0.0818904925105592	-21.056370770623	1.99915923891687e-98	7.30401166221688e-98	SOAT2
SOBP	1621.56181714826	0.516145417355215	0.0721531166536969	7.1534736307024	8.46090431051396e-13	1.23915660640763e-12	SOBP
SOCS1	210.21544364725	-0.0871297934055333	0.0692699240111324	-1.25783007054448	0.208453218114129	0.22406200389756	SOCS1
SOCS2	1472.13312519415	-0.0389041141176172	0.0786665132675383	-0.494544787885889	0.620921483814199	0.639099298424118	SOCS2
SOCS3	5013.92838686478	0.16470708241727	0.0974034183272369	1.6909784609809	0.0908409164734385	0.099855113424424	SOCS3
SOCS4	1138.23206770856	0.244621390286629	0.0239104313455609	10.2307393267518	1.44412636696712e-24	2.53196831905865e-24	SOCS4
SOCS5	1491.46419671276	0.228433998983515	0.023166801670283	9.86040292633647	6.18008863147703e-23	1.05879675887711e-22	SOCS5
SOCS5P4	8.72350171290885	-1.26008294677056	0.0924130219718728	-13.6353396943786	2.46838779256152e-42	5.32839053290561e-42	SOCS5P4
SOCS6	1493.12913631445	-0.18603322115688	0.0350265383891866	-5.31120772169461	1.08901116397618e-07	1.4393017593785e-07	SOCS6
SOCS7	1985.88257926737	-0.596636528596123	0.0381374514729838	-15.6443733273256	3.62924303261506e-55	8.94074227865113e-55	SOCS7
SOD1	9262.97450374782	0.777955386131122	0.0355011084967982	21.9135519726457	1.92932750893649e-106	7.49942226049788e-106	SOD1
SOD2	179890.568312361	-2.59731470845077	0.103983026811083	-24.978256433808	1.05349902894823e-137	5.13791276621433e-137	SOD2
SOD3	4048.31213844608	0.248793584058666	0.0631612268594042	3.93902393017913	8.18137706391511e-05	0.000101079594047725	SOD3
SOGA1	2959.4208053525	0.983248929555005	0.0389949003952532	25.214808079743	2.75619265771452e-140	1.36791353822771e-139	SOGA1
SOGA3	33.8522468338453	-0.538674853700716	0.0485164384524672	-11.1029348172057	1.21391096430075e-28	2.24418314351214e-28	SOGA3
SOHLH2	27.7323545866435	0.257915080014173	0.100104053097359	2.57646990340471	0.00998148945876916	0.0114882859173468	SOHLH2
SON	14019.7339378019	-0.154967298600519	0.0169472561374224	-9.14409373080312	6.01319193058539e-20	9.86273056423395e-20	SON
SORBS1	27412.3177314933	1.11711577929306	0.0679320741271289	16.4445998984585	9.16878658905473e-61	2.39372483523676e-60	SORBS1
SORBS2	8199.24148908228	4.49048317570509	0.0551925263297653	81.3603484804314	0	0	SORBS2
SORBS3	7780.07464973308	0.0137912372649228	0.0312161756954371	0.441797784567785	0.658635541869735	0.67533027963073	SORBS3
SORCS1	253.332784857621	0.614028518905779	0.0744546359292512	8.2470152629481	1.623996821928e-16	2.53148309590629e-16	SORCS1
SORCS2	284.193227306555	0.0796275549605581	0.0527094178488959	1.51068932669356	0.130867623034924	0.142565243418764	SORCS2
SORCS3	13.1781865657879	0.00890321305489467	0.107666777161744	0.0826922964501824	0.934096210436359	0.938213697358827	SORCS3
SORD	680.960332217415	-1.04631043889774	0.0661799135577751	-15.8100907458018	2.65084738662284e-56	6.61462486922618e-56	SORD
SORL1	985.861631444564	-0.509160235042091	0.0686179512171996	-7.42021914105862	1.16926707353647e-13	1.73849645582968e-13	SORL1
SORT1	11727.8206991606	-0.0322219654556067	0.0560081420936782	-0.575308593556144	0.565082610631073	0.584802349889039	SORT1
SOS1	3697.11752453564	-0.349871634367359	0.0256608069537915	-13.6344751354619	2.49781449122948e-42	5.39126602597385e-42	SOS1
SOS2	3712.29886305829	-0.555884714232811	0.0416914642756442	-13.333297927786	1.48198588567408e-40	3.12745931160834e-40	SOS2
SOST	5.49466885743301	-1.23528144435098	0.13896610234268	-8.88908462946504	6.16143876917126e-19	9.96066989527183e-19	SOST
SOSTDC1	289.715254025866	-4.48237286258883	0.131397075383608	-34.1131859252021	4.70270982387248e-255	4.80985679201866e-254	SOSTDC1
SOWAHB	81.9059812198669	-4.77887423279225	0.124744552033647	-38.3092820879525	0	0	SOWAHB
SOWAHC	1093.16696441715	-2.07586212154318	0.0804624675687467	-25.7991357246106	9.06732637773948e-147	4.72556288725213e-146	SOWAHC
SOX10	1028.12259466345	-1.78604331092563	0.100026321037717	-17.8557332949611	2.60832323583037e-71	7.54013595120966e-71	SOX10
SOX11	37.4715461591449	3.53578529795594	0.0968198858258687	36.5192054069871	5.49746625307904e-292	6.82953002219985e-291	SOX11
SOX12	634.0071456115	1.11857014157089	0.0540631474928761	20.6900669576866	4.25621754958237e-95	1.50641313625703e-94	SOX12
SOX13	3029.03661769317	-0.300009034933075	0.0356903994730528	-8.40587495131819	4.2468345815916e-17	6.67312057465349e-17	SOX13
SOX15	582.520324744435	-2.35134143983969	0.0918159463953984	-25.6092926354407	1.20207966724027e-144	6.16134285022556e-144	SOX15
SOX17	1231.91969687504	0.432727486859659	0.0692902898428122	6.24513893420447	4.234235737995e-10	5.89075488984063e-10	SOX17
SOX18	1989.06326126111	1.97060491606248	0.0566290618419456	34.7984736452554	2.56504657143021e-265	2.78320695191773e-264	SOX18
SOX2	27.5351284194268	-0.142790359623837	0.077007252164435	-1.85424561467191	0.0637040288896175	0.0705857579737785	SOX2
SOX21	508.934115130108	-8.50300698318433	0.205737412498068	-41.3294153938297	0	0	SOX21
SOX30	5.9904228842286	0.491701084784873	0.0993094235533191	4.95120268743559	7.37562351266926e-07	9.58825730133309e-07	SOX30
SOX4	1412.15857231597	-0.825899300086854	0.0648955235636252	-12.7265989198334	4.20772130576773e-37	8.54985791004909e-37	SOX4
SOX5	398.491806848766	-1.6814617347478	0.0617334218126302	-27.2374620647349	2.33958185324243e-163	1.37181801108199e-162	SOX5
SOX6	1210.11040545419	-0.798784118282963	0.0668965487201717	-11.9405878713456	7.27074833520743e-33	1.41294117221277e-32	SOX6
SOX7	1550.08610980027	0.691141062052892	0.0494626422659404	13.9729911381788	2.27852431304398e-44	5.02643580381186e-44	SOX7
SOX8	413.916363955414	0.0213795627800579	0.0760827808074216	0.281003961121942	0.778707361663093	0.791011298306943	SOX8
SOX9	1694.16416295457	-0.00654789469828233	0.0817158110841873	-0.0801300826780805	0.936133797150408	0.940102900000251	SOX9
SP1	6082.43205772974	-0.926301948559677	0.0197981535752023	-46.7872897864523	0	0	SP1
SP100	3197.1128594446	0.448797929767246	0.0312333236622781	14.3692017737222	8.07566422212685e-47	1.83270337446426e-46	SP100
SP110	871.483690028858	0.158411739315611	0.0344739913300318	4.59510875311995	4.32523626073566e-06	5.52227661036262e-06	SP110
SP140	43.0819615344587	0.585550121218981	0.0644114648501037	9.09077479578603	9.83357662475976e-20	1.6081967186545e-19	SP140
SP140L	545.502786063738	0.149508015693854	0.0409687506652309	3.64931840161623	0.00026293703930557	0.000319849279939152	SP140L
SP2	1710.84955681418	-0.198882553625083	0.0184330572373028	-10.7894502287231	3.86092254386999e-27	6.99129531357044e-27	SP2
SP3	3820.09909060596	-0.69725199360993	0.0165586686577543	-42.1079742593565	0	0	SP3
SP4	556.647109965109	-0.667119730176778	0.0360424733809217	-18.5092660852156	1.73853154237413e-76	5.25353471450005e-76	SP4
SP5	132.366699897161	-3.21886103834247	0.103715279062396	-31.0355529816004	1.78732465466174e-211	1.43696431927495e-210	SP5
SP6	658.049119425476	-3.93734964716786	0.119733914587008	-32.8841636953802	3.7019173690516e-237	3.4261292833058e-236	SP6
SP7	4.13105696363634	-1.86309682938658	0.109876265841915	-16.9563173184928	1.72843660894703e-64	4.67100846684514e-64	SP7
SPA17	46.1755511872531	0.136648942638715	0.0523905240808431	2.60827592462815	0.0090999568640981	0.0104938067591691	SPA17
SPAG1	386.405865039676	-1.1797570404748	0.0752935932557555	-15.6687573199944	2.47368649825079e-55	6.10151146273123e-55	SPAG1
SPAG16	637.958813350047	0.219001783882833	0.0329163988238279	6.65327288853664	2.86645998799274e-11	4.08156511974824e-11	SPAG16
SPAG17	54.3334366657099	-3.1543484656316	0.0925634597905141	-34.0776854362445	1.57932552278038e-254	1.6089099454199e-253	SPAG17
SPAG4	66.1674575413254	1.47320213916846	0.0560715244097615	26.273623816655	3.84002771629808e-152	2.07021080925671e-151	SPAG4
SPAG5	276.741486411198	-1.1101269547177	0.0555225655774834	-19.9941581079946	6.19149487722696e-89	2.08245701205087e-88	SPAG5
SPAG5-AS1	56.6278059664795	-0.616499991516059	0.0373845251307127	-16.4907803258301	4.27393945140051e-61	1.12003470759442e-60	SPAG5-AS1
SPAG6	19.6345660853433	-2.9057309271098	0.116836584774912	-24.8700433405149	1.56984852330909e-136	7.58423061408667e-136	SPAG6
SPAG7	4362.76637467133	0.429717092099933	0.0526085783683244	8.16819434069075	3.13039355107154e-16	4.85777709593437e-16	SPAG7
SPAG8	109.513908404885	1.28769467419885	0.0407169713900519	31.6255023455273	1.64737570095192e-219	1.38961621334749e-218	SPAG8
SPAG9	9209.95706992226	-0.922248817262732	0.0341189103107622	-27.0304300126439	6.48834838828565e-161	3.72795273978711e-160	SPAG9
SPANXD	0.125740142170167	0.309768598000204	0.669773860566115	0.462497293845384	0.64372474251519	0.660718958262968	SPANXD
SPARC	42560.256041292	0.315909514164757	0.0546893585283383	5.77643480680181	7.63000461287702e-09	1.03377775881679e-08	SPARC
SPARCL1	33865.2661985907	1.10875826511748	0.0489189816206875	22.6651951529708	9.88092229340564e-114	4.08044235383333e-113	SPARCL1
SPAST	967.600123154663	-0.823465960418518	0.0287525305678679	-28.6397734096759	2.14943068723166e-180	1.42145120502781e-179	SPAST
SPATA1	22.8230367737994	0.910565933095736	0.0344209062263615	26.4538628677467	3.29384826753777e-154	1.80275350148821e-153	SPATA1
SPATA12	4.17912708190996	-1.76425478716938	0.122313620861861	-14.4240255070357	3.65394279484609e-47	8.3227412691414e-47	SPATA12
SPATA13	1695.75412950222	0.423709675242802	0.049380277557781	8.58054462628342	9.44249881309585e-18	1.4986282942562e-17	SPATA13
SPATA17	20.9756035499552	0.9257743827615	0.060054785388668	15.4154973124954	1.28775687272086e-53	3.12706211599193e-53	SPATA17
SPATA18	448.769171490885	-0.978095815666022	0.0698752722509224	-13.9977388875664	1.60909159939255e-44	3.55532808158406e-44	SPATA18
SPATA2	1102.00916602248	-0.17748103845571	0.0385122326404761	-4.60843286112627	4.05715337908256e-06	5.18330858600888e-06	SPATA2
SPATA20	3011.09455872637	1.02079425164099	0.0342885433973438	29.7707091202966	9.35668346017813e-195	6.78331288629346e-194	SPATA20
SPATA21	4.80902044426783	-0.867209521023778	0.0757107331435639	-11.4542480968895	2.23897712490192e-30	4.2233917243382e-30	SPATA21
SPATA22	14.5554466351372	-0.181195995489911	0.0884702166966783	-2.04810163527851	0.0405500417254416	0.0453858920039591	SPATA22
SPATA24	199.592497420819	0.997284587404654	0.0684505001645946	14.5694273234908	4.39560309658013e-48	1.01209070531516e-47	SPATA24
SPATA25	60.0684425686647	-0.0140907434162898	0.0449096383377112	-0.313757668461508	0.753705097601119	0.766912297886933	SPATA25
SPATA2L	345.139643092446	0.15543091040102	0.0590269396690635	2.63321986998561	0.00845795744173586	0.00976786372673941	SPATA2L
SPATA31C1	0.579120479337617	-0.229926603405411	0.294049451147531	-0.781931755043652	0.434254681632579	0.454768661589857	SPATA31C1
SPATA31C2	0.691558171618481	-0.483800390244072	0.249313792404454	-1.94052798113639	0.0523155570086963	0.0582070796534732	SPATA31C2
SPATA31E1	0.559523967183187	-0.455920455593975	0.295414925031959	-1.54332234752409	0.122752584048623	0.133919349421774	SPATA31E1
SPATA32	4.08530059293208	-1.47927117496556	0.102817090983048	-14.3874054480832	6.20815081175407e-47	1.41102175205032e-46	SPATA32
SPATA33	232.757381259741	0.315211234990542	0.0303582200710235	10.3830604776268	2.96126919188924e-25	5.23787036682698e-25	SPATA33
SPATA5	374.419593905869	-0.584684022926863	0.020772548347257	-28.1469568948709	2.61098121316188e-174	1.65727337158417e-173	SPATA5
SPATA5L1	800.52231543806	-0.829762746382099	0.02604645190345	-31.857035632258	1.05179525025605e-222	9.01159747732466e-222	SPATA5L1
SPATA6	587.681850217751	-0.24661535261279	0.0443241291685467	-5.56390745264305	2.63799887619679e-08	3.53165385768395e-08	SPATA6
SPATA6L	148.205468527104	-0.897492162712496	0.0645081699439398	-13.9128448922432	5.29314535575984e-44	1.16296728364498e-43	SPATA6L
SPATA7	347.790894733003	-0.143645003665003	0.0207007095672315	-6.93913429384989	3.94509974770717e-12	5.71141551861644e-12	SPATA7
SPATA9	30.979228773053	-0.705625662564667	0.0611958211187804	-11.5306184256447	9.24770148248676e-31	1.75303153313231e-30	SPATA9
SPATC1	12.2606195448371	1.86643087268144	0.0639080215247182	29.2049546856891	1.6777012477579e-187	1.16199692808349e-186	SPATC1
SPATC1L	375.505052134286	0.497450474062883	0.0518799136270968	9.58849850133646	8.93761613981986e-22	1.5051550952652e-21	SPATC1L
SPATS2	1178.20218844837	-0.784206849222182	0.0257828513385403	-30.4158310081844	3.39245315495682e-203	2.59861911669693e-202	SPATS2
SPATS2L	2685.06282914094	0.479236765486834	0.0301321392099446	15.9045052243974	5.89673227722589e-57	1.47940178010235e-56	SPATS2L
SPC24	83.7428339166777	1.5004843462046	0.0623474170039704	24.0665037672538	5.60836163120592e-128	2.55973929318808e-127	SPC24
SPC25	29.3371688297383	-0.402610993525656	0.0786995722644306	-5.11579646421562	3.12419813148843e-07	4.09336127556033e-07	SPC25
SPCS1	3005.52923490399	0.0262811293872808	0.0184630050458659	1.4234480964498	0.154606298254172	0.167685001799924	SPCS1
SPCS2	1518.74064519905	0.24390008496277	0.0143579539660838	16.9871059301979	1.0231438936556e-64	2.76914948574568e-64	SPCS2
SPCS2P4	18.9600424144098	0.263016733483246	0.052379193164577	5.02139719214153	5.12969581919105e-07	6.69370456261385e-07	SPCS2P4
SPCS3	4178.90650768574	0.599070044688491	0.017726559021231	33.7950554290309	2.33125791652188e-250	2.32364195765838e-249	SPCS3
SPDEF	698.484125295633	-4.90380519453941	0.122039139013693	-40.1822336192424	0	0	SPDEF
SPDL1	284.906876743229	-0.158852957170545	0.0241014266058315	-6.59101885413328	4.36818403580406e-11	6.20074764044704e-11	SPDL1
SPDYA	27.7649360883137	-0.514999054993959	0.0492510399139543	-10.4566128125153	1.36653748615503e-25	2.42905512869327e-25	SPDYA
SPDYE1	19.2757027277541	0.0813424735344948	0.0378096019264137	2.15137079974569	0.0314469440693557	0.0354041178430466	SPDYE1
SPDYE2	6.90709449935721	0.0496751314169037	0.0627943179868278	0.791076852324823	0.428899145977727	0.449421591870601	SPDYE2
SPDYE2B	1.73722819187234	0.0766471436389713	0.090074232006699	0.850933079654466	0.394806527903734	0.415244657247743	SPDYE2B
SPDYE3	4.04909654220966	-0.0406367900411139	0.0782984991722422	-0.518998326541617	0.603761908232792	0.622326964618558	SPDYE3
SPDYE6	34.3933051698258	-0.125220424969477	0.0514207781526419	-2.43521061851225	0.0148831238667225	0.0170026726359631	SPDYE6
SPDYE7P	0.348557422800297	0.101800882439876	0.16459708103517	0.618485344938312	0.536255455236316	0.556537010649116	SPDYE7P
SPECC1	962.067902169391	0.0818867958447676	0.0436782502371774	1.87477280797911	0.0608239855743912	0.0674402565029021	SPECC1
SPECC1L	2844.27666138389	0.333838664728106	0.0149451037937975	22.3376611721262	1.59161190575419e-110	6.40809794575736e-110	SPECC1L
SPEF2	270.3140845684	-0.131856833143014	0.0603284780334468	-2.18564826167023	0.0288413488397296	0.0325357598836857	SPEF2
SPEG	20835.6738436945	-0.833729099435447	0.0960347761277905	-8.68153322215308	3.90468967960232e-18	6.23289163097645e-18	SPEG
SPEN	7786.65344777836	-0.762579483533069	0.0204648283725894	-37.2629308025113	6.54272015526036e-304	8.62824216225947e-303	SPEN
SPESP1	74.4979667488261	0.57666483313777	0.0527276541258723	10.9366677258417	7.69774249781561e-28	1.40634388209864e-27	SPESP1
SPG11	3356.18715891153	-0.170412560694549	0.0170681671935887	-9.98423314944799	1.78677295467288e-23	3.08435941283722e-23	SPG11
SPG21	3486.08677570623	-0.445238874414208	0.0198698146465766	-22.4078021025182	3.30344364621173e-111	1.33961002648023e-110	SPG21
SPG7	7595.83993494894	0.200089204727408	0.019657695384954	10.1786705312646	2.46911573739306e-24	4.31603732655005e-24	SPG7
SPHK1	945.054512207526	0.384022885049787	0.0671890269993151	5.71555955191465	1.09343618828058e-08	1.47537252269235e-08	SPHK1
SPHK2	608.896827495305	-0.00514801763889454	0.0290259678797824	-0.177359034510622	0.859226382868124	0.867904950227771	SPHK2
SPHKAP	845.375240273299	8.29960999314343	0.111281398157722	74.5821865158466	0	0	SPHKAP
SPI1	464.091912845095	0.240253437238612	0.0521852296539911	4.60385896223104	4.14733383594578e-06	5.29701691364127e-06	SPI1
SPIB	19.6321180052018	-2.53791843439368	0.0988728458618045	-25.6685079940043	2.62772620959617e-145	1.35341057221575e-144	SPIB
SPIC	0.32928230124607	-0.208289808430682	0.219937144779201	-0.947042431781077	0.343617157574877	0.363337197691809	SPIC
SPICE1	625.293103995263	-0.525729728507801	0.0371708673454099	-14.1435959409411	2.04558710753098e-45	4.56403241480728e-45	SPICE1
SPIDR	2348.84444454617	-0.552150890042832	0.0360107608578637	-15.332941512183	4.60645277843524e-53	1.11228378892841e-52	SPIDR
SPIN1	2696.2406926256	0.149070306350312	0.0499259420352526	2.9858286148122	0.00282811094931709	0.0033236812168608	SPIN1
SPIN2A	9.88534203559315	-1.04994326113396	0.0704311328581069	-14.9073743176787	2.95131976524462e-50	6.93560144832486e-50	SPIN2A
SPIN2B	125.146784019904	0.326652621197414	0.0236301863189457	13.8235313420071	1.83826019635001e-43	4.01097233872685e-43	SPIN2B
SPIN3	661.491244931442	-0.26380339491328	0.0324098039687689	-8.13961710991802	3.96529889896049e-16	6.14385827854947e-16	SPIN3
SPIN4	159.667351916395	-0.732029366615217	0.0564829453168726	-12.9601840433159	2.057532837799e-38	4.24014294370003e-38	SPIN4
SPINK1	37.9680034592393	0.308496175268446	0.109373382798412	2.82057816422339	0.0047937193404099	0.00558703411115044	SPINK1
SPINK13	2.21570470244602	0.78367799071183	0.103651648669144	7.56069006884134	4.00936543742541e-14	6.00887413530054e-14	SPINK13
SPINK4	1.16393114263526	-1.23025799814266	0.167496901064938	-7.344959759379	2.05821012768173e-13	3.04661134021863e-13	SPINK4
SPINK5	8512.8512234695	-5.64734182950395	0.144730890517977	-39.0196025830609	0	0	SPINK5
SPINK6	3.8584424982185	-2.51759344669632	0.161060424358804	-15.6313598248551	4.45199815475545e-55	1.09601229190034e-54	SPINK6
SPINK7	49.4273557610218	-4.66742668864875	0.188472195366535	-24.7645371752141	2.16194611811298e-135	1.03640990871243e-134	SPINK7
SPINK9	1.25180076726839	1.61468547413576	0.110100392161494	14.6655742312648	1.07107185101977e-48	2.47851451217469e-48	SPINK9
SPINT1	4637.88744307701	-6.40854003138202	0.129262054634109	-49.5778908166213	0	0	SPINT1
SPINT2	2028.35762087305	-3.54166505592103	0.116459165428378	-30.4112178967927	3.90401548010186e-203	2.98539433548486e-202	SPINT2
SPIRE1	1491.61780352445	-0.482804662888387	0.0467844041690503	-10.3197779572831	5.73556443840938e-25	1.01122326597265e-24	SPIRE1
SPIRE2	160.002400632423	-0.676802527614528	0.0661913416635188	-10.2249404620778	1.53322141385265e-24	2.68660748279583e-24	SPIRE2
SPN	103.74401910874	0.320712232682982	0.0588093293985485	5.45342441348936	4.9408953362344e-08	6.58042741547466e-08	SPN
SPNS1	2013.73337953568	-0.263360893427728	0.0199171262411093	-13.2228359774186	6.47748001589581e-40	1.35724732587755e-39	SPNS1
SPNS2	2511.24180239613	-0.257667804893028	0.0581754033320973	-4.4291537339607	9.46035713055351e-06	1.19808561071545e-05	SPNS2
SPNS3	20.7371649205712	1.03990901750501	0.0655731279600884	15.8587679108119	1.22269096388437e-56	3.05859644814932e-56	SPNS3
SPOCD1	43.2550000470435	-2.11123672085917	0.111992590730243	-18.8515749755671	2.85222859407041e-79	8.8248482162017e-79	SPOCD1
SPOCK1	2439.8381540456	-0.282168805094469	0.054722366527576	-5.15637065791511	2.51782259216011e-07	3.30465362606446e-07	SPOCK1
SPOCK2	786.624500615623	2.02950994018304	0.0539966772573009	37.585830152329	0	0	SPOCK2
SPOCK3	16.9568752675779	0.946161561501805	0.11420350026963	8.28487357452231	1.18234615701287e-16	1.84655675623709e-16	SPOCK3
SPON1	1430.29261608445	0.111135716081987	0.0921321389134099	1.20626436542885	0.227715572939248	0.243907415713401	SPON1
SPON2	2244.6177175823	0.173325666218502	0.0609753209601122	2.84255438904348	0.00447535943288509	0.00522241314348273	SPON2
SPOP	2647.01953482776	-0.0274715518723424	0.022103585984169	-1.24285497801208	0.21392127881701	0.229692629882791	SPOP
SPOPL	1184.97523165962	-0.560514801310079	0.0259490381316295	-21.6006003176997	1.77296486907874e-103	6.73741621454222e-103	SPOPL
SPP1	521.654506070299	-0.114269979159923	0.119467689925943	-0.956492749050034	0.338823345964237	0.358454572080408	SPP1
SPPL2A	5547.627148756	-0.82754852992167	0.057129446902775	-14.485498718901	1.4963265078291e-47	3.42297286407824e-47	SPPL2A
SPPL2B	3915.0435685306	-0.336743111017297	0.021982351534697	-15.3187938281207	5.72704137954284e-53	1.38119603259848e-52	SPPL2B
SPPL3	3954.53769819133	-0.919878410610345	0.0480125893265447	-19.1591085486775	8.12529375635793e-82	2.57914676262033e-81	SPPL3
SPR	1396.35662686576	0.820990062843922	0.0528622703142419	15.530737858278	2.14892895046257e-54	5.25796792677405e-54	SPR
SPRED1	1374.82463457924	0.419651001905292	0.0405711628231029	10.3435783621742	4.47508647909525e-25	7.9030738457955e-25	SPRED1
SPRED2	1820.02790361713	0.172121037776523	0.0361390541033582	4.76274329937509	1.90978722245467e-06	2.4596179288407e-06	SPRED2
SPRED3	138.976610981853	-0.311988584911256	0.0590343215905348	-5.28486779394579	1.25795571763211e-07	1.66027281128349e-07	SPRED3
SPRN	14.9607546118112	0.0259192065335348	0.04822805544477	0.537430055898004	0.590970586815901	0.609805762870337	SPRN
SPRR1A	383.125399862846	-6.06717438974943	0.17548563197454	-34.5736247548158	6.29535918508566e-262	6.68570859532313e-261	SPRR1A
SPRR1B	2089.54262252202	-7.66943356101012	0.174926848082286	-43.8436617654164	0	0	SPRR1B
SPRR2A	54.7591948058654	-2.62958355369072	0.1607941800842	-16.3537234513944	4.09193714096463e-60	1.05984115790654e-59	SPRR2A
SPRR2B	155.888974680057	-8.03013537994592	0.272567792458935	-29.4610574033825	9.0865164706422e-191	6.41940278602944e-190	SPRR2B
SPRR2D	842.894601150337	-7.32043195269521	0.191949032983844	-38.1373734417894	0	0	SPRR2D
SPRR2E	5908.38330304589	-9.0924272921499	0.184456539444639	-49.2930601404827	0	0	SPRR2E
SPRR2F	10.4691352634048	-3.5587327471052	0.186179093251289	-19.1145669739723	1.90998744456977e-81	6.0414134580391e-81	SPRR2F
SPRR2G	4176.795464504	-10.0377854988962	0.21625668031951	-46.4160713281355	0	0	SPRR2G
SPRR3	74.1852093218708	0.0877852600095112	0.124510487435037	0.70504309972534	0.480783414830114	0.50139518280267	SPRR3
SPRR4	454.445818404669	-9.28345481627433	0.262872456772072	-35.3154336908096	3.4037928645876e-273	3.84148434830354e-272	SPRR4
SPRTN	620.655162800104	-0.535758121125245	0.0322068935446007	-16.6348896823382	3.89472501442034e-62	1.03116553882307e-61	SPRTN
SPRY1	7457.5138408077	-0.466008681841451	0.0522486453488241	-8.91905768523315	4.70272384475856e-19	7.6127456771132e-19	SPRY1
SPRY2	3256.33103848425	0.322051264848785	0.0339745872158576	9.47918109505295	2.56286395620335e-21	4.28755707022459e-21	SPRY2
SPRY3	254.805704143442	0.222465433661054	0.0367310152390355	6.05660998513952	1.39020100007208e-09	1.91542351337907e-09	SPRY3
SPRY4	1763.85575880224	1.5595617985774	0.0562203843984468	27.7401482623176	2.29102765077352e-169	1.39989099598011e-168	SPRY4
SPRYD3	3005.93934307364	0.711833877025731	0.0218181080687936	32.6258296448658	1.76493480387096e-233	1.60053357201417e-232	SPRYD3
SPRYD4	1076.74637180228	0.283621524235679	0.0339648239824902	8.35044881674917	6.80040575786688e-17	1.06548963397477e-16	SPRYD4
SPRYD7	1228.23656466456	-0.353803265247657	0.0490173064677446	-7.21792547863629	5.27866278817276e-13	7.7631706576714e-13	SPRYD7
SPSB1	2897.494203965	-1.28584517349305	0.0455783328510051	-28.2117640787008	4.19457547571098e-175	2.67943765572297e-174	SPSB1
SPSB2	254.323179354228	-0.270387478998602	0.0358616129121222	-7.5397467386974	4.7088505634437e-14	7.05132842463606e-14	SPSB2
SPSB3	0.436529240371056	-0.261728246107133	0.103455557147397	-2.52986164613891	0.0114107511851235	0.0130989689486262	SPSB3
SPSB4	107.859327186883	2.99192747818254	0.0908557014107612	32.9305418562116	8.03531917839034e-238	7.47899589091026e-237	SPSB4
SPTA1	20.8097769350822	-0.0389904231523287	0.0968418688377342	-0.402619482877391	0.687228174759855	0.70268641714582	SPTA1
SPTAN1	14386.0183369041	0.50474462699478	0.0443647092099527	11.3771652284728	5.43373665678129e-30	1.02005103304536e-29	SPTAN1
SPTB	11265.2436378488	-1.44239882589919	0.138294151081258	-10.4299336929417	1.81014568527501e-25	3.21250443464808e-25	SPTB
SPTBN1	25900.964626409	1.09214122771229	0.0334302019727896	32.6692979181292	4.26412357313375e-234	3.8825740232666e-233	SPTBN1
SPTBN2	8280.77371054415	-5.28332287399442	0.122028026581366	-43.2959789812841	0	0	SPTBN2
SPTBN4	397.043447690546	0.538151222993147	0.0502546682841443	10.7084822438861	9.28718852124152e-27	1.67396295755351e-26	SPTBN4
SPTBN5	444.150240649033	0.957656654313549	0.055006574242984	17.4098581395604	6.94558161107299e-68	1.94292796551554e-67	SPTBN5
SPTLC1	2621.27630822398	-0.533012171394169	0.0332499613584418	-16.0304598747705	7.83011517499653e-58	1.98297556647598e-57	SPTLC1
SPTLC1P1	2.13113456555889	-0.184127572549087	0.104540754899013	-1.76129943510504	0.0781877356247007	0.0863100158815378	SPTLC1P1
SPTLC2	2207.56595575735	-0.267853928425469	0.0394586897909345	-6.78821141413082	1.13532202197515e-11	1.62934957486843e-11	SPTLC2
SPTLC3	1323.14344144033	-1.77297426868158	0.0996187928297006	-17.797588369822	7.37782522863839e-71	2.12391223317959e-70	SPTLC3
SPTSSA	2046.91048628933	-0.484072309225997	0.0325124748277431	-14.8888176550908	3.89598284567723e-50	9.14720062671655e-50	SPTSSA
SPTSSB	867.483638900515	-5.65420171064562	0.154762001568792	-36.5348189693213	3.10664606640343e-292	3.86473640921411e-291	SPTSSB
SPTY2D1	1116.22171049224	-0.646388588913934	0.0216440699378102	-29.8644659147378	5.69698593515169e-196	4.16368022000266e-195	SPTY2D1
SQLE	1508.10224422866	-2.16080271133966	0.0958296946079487	-22.5483626988458	1.39345899553846e-112	5.71121479478318e-112	SQLE
SQSTM1	18594.7814528168	-0.954311899952395	0.0579894907926311	-16.4566352783643	7.51641446314785e-61	1.96404379084228e-60	SQSTM1
SRA1	1713.94909774326	0.0593744115353167	0.0353764452990415	1.67836002270486	0.0932768369744121	0.102476432247567	SRA1
SRBD1	509.925590460306	-0.265331583378137	0.0248463368999312	-10.6789014592679	1.27774700670423e-26	2.29938257199668e-26	SRBD1
SRC	1310.6565454032	-0.766555421548255	0.0548179249712605	-13.9836635908809	1.96126385000962e-44	4.32921036959205e-44	SRC
SRCAP	8070.23874686063	-0.125420904329983	0.0190321874502439	-6.58993637267777	4.40015107047474e-11	6.24563313512189e-11	SRCAP
SRCIN1	552.628772634873	-2.46196241441256	0.0897018307256302	-27.4460665350624	7.74079162803146e-166	4.60330327374279e-165	SRCIN1
SRD5A1	1051.09787900675	-2.24305438391012	0.0779316436022871	-28.7823312871114	3.56952744175009e-182	2.38334805188959e-181	SRD5A1
SRD5A3	553.409869320114	-0.222645116475421	0.0340092012696078	-6.54661409747329	5.88561870305476e-11	8.33113330767387e-11	SRD5A3
SREBF1	6915.14023260925	-1.11943615143752	0.0405567250807934	-27.6017392727712	1.06048531114158e-167	6.39952936166934e-167	SREBF1
SREBF2	7926.94229323651	0.166134006636633	0.034317555236868	4.84107931028117	1.29135816567662e-06	1.66923297000896e-06	SREBF2
SREK1	4679.24891219158	-0.370270799291772	0.0168190207643246	-22.0150033988403	2.06855296973269e-107	8.10888981013898e-107	SREK1
SREK1IP1	974.431163225552	-0.219205752032079	0.0251867911618064	-8.70320282658657	3.22646525932799e-18	5.15758823667198e-18	SREK1IP1
SRF	5685.20207468086	0.803072375829872	0.031351689695475	25.614963136924	1.03935338489808e-144	5.33031347052717e-144	SRF
SRFBP1	456.398668051852	-0.750728508161373	0.0291579697332786	-25.7469403744031	3.48805487533568e-146	1.80790313305262e-145	SRFBP1
SRGAP1	655.131530046769	-0.145687893366887	0.0553439626497706	-2.63240806027631	0.00847819661682842	0.00979060926992099	SRGAP1
SRGAP2	3695.08572726302	-0.927879722412662	0.0625367081717701	-14.8373611201928	8.39956939579897e-50	1.96594264326846e-49	SRGAP2
SRGAP2B	202.033813371842	-1.13968637290275	0.0629333370591414	-18.1094222261205	2.68552181636635e-73	7.88357439928419e-73	SRGAP2B
SRGAP2C	598.987925850878	-0.897052268054568	0.06092620688229	-14.723586350742	4.548825676102e-49	1.05710574484266e-48	SRGAP2C
SRGAP3	683.722555088142	-0.184358840964318	0.0631832493594531	-2.91784361889162	0.00352461065414318	0.00412794511289729	SRGAP3
SRGN	2604.83573083158	0.743738788292134	0.0659750883343979	11.2730245168064	1.78336659234134e-29	3.32736132138645e-29	SRGN
SRI	1882.8334758492	0.459598782556431	0.0321227024116554	14.3076001721969	1.96166568755749e-46	4.43116376480392e-46	SRI
SRL	27712.1392522408	0.921213007746923	0.138043783181945	6.67333933128115	2.50047312532797e-11	3.5643820659668e-11	SRL
SRM	3598.93807400713	0.0948933650926726	0.0354117872484027	2.67971126187518	0.0073685689456722	0.00852781339790699	SRM
SRP14	9140.53554375238	0.497000302712984	0.0217223527414691	22.8796718582046	7.40560528114746e-116	3.10814410505795e-115	SRP14
SRP19	1386.70328732587	0.0334076450491183	0.0218495555986866	1.52898510444425	0.126268136636117	0.137704636349615	SRP19
SRP54	2411.07342392855	-0.149567821954884	0.0189613253606423	-7.8880468063345	3.06952645834464e-15	4.67981246520385e-15	SRP54
SRP68	6072.19310496822	-0.686188781831923	0.0283417707792365	-24.2112176820875	1.6949275829482e-129	7.81916745788072e-129	SRP68
SRP72	3699.68081435517	-0.690578810046833	0.0183455236190276	-37.6429053968554	0	0	SRP72
SRP72P1	0.240190249987989	0.25350618324049	0.227818093310338	1.11275702274955	0.265812797912907	0.283499003153824	SRP72P1
SRP72P2	3.04556108731858	-1.3365002179924	0.111503458716588	-11.9861772305147	4.19837276154145e-33	8.1799878861898e-33	SRP72P2
SRP9	4955.29922432841	-0.0443373542433443	0.0309779267623041	-1.43125634531801	0.152356760340527	0.165314891072322	SRP9
SRP9P1	5.31101149143443	-0.00747378287188459	0.0774929817732919	-0.0964446418354293	0.923167438289209	0.927806211637767	SRP9P1
SRPK1	1398.74291077828	-1.23371146859771	0.0393942748488333	-31.3170244491566	2.73686900813214e-215	2.2557865849536e-214	SRPK1
SRPK2	1688.58817621066	-0.448286758235331	0.0251361315091323	-17.8343576087857	3.82419546908309e-71	1.1044335414562e-70	SRPK2
SRPK3	3034.59952764922	-0.268750138429513	0.112691397884877	-2.38483276872706	0.0170868867170719	0.0194671549236716	SRPK3
SRPRB	1624.03255182531	0.0373953125390029	0.0270935155592966	1.38023109098411	0.167515504052679	0.18119496385364	SRPRB
SRPX	3545.99942614166	0.144179203302003	0.0765778174410379	1.88278026352756	0.0597301528149152	0.0662641735992413	SRPX
SRPX2	832.193359830319	0.390266223781083	0.0724506808602539	5.38664673881873	7.17843262433646e-08	9.52450546699201e-08	SRPX2
SRR	185.483565585228	-0.241035490983947	0.0256986966265488	-9.37928854862381	6.64193765296569e-21	1.10541345868191e-20	SRR
SRRD	1075.92187466866	-0.470890671378035	0.0428844338361634	-10.9804567591363	4.74518449664222e-28	8.69572087183718e-28	SRRD
SRRM1	8090.73358656078	-0.526073632320445	0.017514589050544	-30.0363103468936	3.29555656792908e-198	2.45036405531976e-197	SRRM1
SRRM1P3	3.41013837125651	-0.719066833614616	0.0894650391011815	-8.03740590557815	9.1760311263394e-16	1.41298320192674e-15	SRRM1P3
SRRM2	71831.1104171689	-0.39379901055286	0.0228055220366432	-17.2677042832046	8.23538598083e-67	2.27614283803041e-66	SRRM2
SRRM2-AS1	67.3112317767492	-1.00020265107133	0.0376673313653315	-26.5535840957373	2.33475253498374e-155	1.29117912080621e-154	SRRM2-AS1
SRRM3	350.199360542605	1.25687741461341	0.0594597940165743	21.1382739446265	3.53781472597144e-99	1.29914734561836e-98	SRRM3
SRRM5	47.9434756313006	0.751658784102087	0.0402737014198924	18.6637621475442	9.7610784035421e-78	2.97812156512138e-77	SRRM5
SRRT	6085.67884555977	-0.318859815384376	0.0186838208693978	-17.0660925093023	2.65377949620256e-65	7.22156987318855e-65	SRRT
SRSF1	7921.80867001975	-0.00772626448808885	0.0176508014120959	-0.437728820788506	0.661582874526184	0.678043345726818	SRSF1
SRSF10	4291.78515991979	-0.0976409614817421	0.0206142568494105	-4.73657441037145	2.17360956165828e-06	2.79459650877871e-06	SRSF10
SRSF11	12245.6215999947	-0.739621269186381	0.0199135302681398	-37.1416448629263	5.98079041830148e-302	7.80712170557251e-301	SRSF11
SRSF12	40.0842757758658	-0.204494115831777	0.0532964357091063	-3.83691916937771	0.00012458745645654	0.000152980818804514	SRSF12
SRSF2	6838.16107914902	0.0656636761340517	0.0193654544637606	3.39076349883402	0.000696982181095543	0.000836871414214306	SRSF2
SRSF3	9854.19029018811	-0.19037650084855	0.0224665568474919	-8.47377291237232	2.37570340196962e-17	3.75033210022407e-17	SRSF3
SRSF4	7096.81733448814	-0.451977371745994	0.0159274388381762	-28.3772787538608	3.85730441463096e-177	2.49140067340408e-176	SRSF4
SRSF5	22878.8563471992	-0.299716252401021	0.026380546707598	-11.3612600877107	6.51973732906392e-30	1.22239133069972e-29	SRSF5
SRSF6	7510.22743518612	0.113756570643022	0.0250063205660164	4.54911270703363	5.38725851757349e-06	6.86313096778772e-06	SRSF6
SRSF7	4462.12856735114	-0.0834808459746912	0.0267811223725541	-3.1171526276376	0.00182607006186488	0.00216143392843436	SRSF7
SRSF9	1208.25366841288	-0.562005048378087	0.0304548859722003	-18.4536907769444	4.87024578491365e-76	1.46506173753728e-75	SRSF9
SRXN1	2497.44844154528	0.584921819712505	0.0572771006054102	10.2121408648477	1.74961172910581e-24	3.06428884370827e-24	SRXN1
SRY	0.525176713968505	-1.33154331160771	0.230800871126594	-5.76923000813702	7.96345519752402e-09	1.07838830219386e-08	SRY
SS18	3179.20086070637	-0.142410986249083	0.0379627671413053	-3.75133313435766	0.000175896801867247	0.000215059317422558	SS18
SS18L1	1758.91662918476	-0.570747668614197	0.0234351340065312	-24.354359077065	5.21251800635682e-131	2.4258153214175e-130	SS18L1
SS18L2	450.047042899484	-0.0451449614451127	0.0234997332372728	-1.92108399654123	0.0547211188344277	0.0608196381908207	SS18L2
SSB	2587.20428346934	0.0705419902098565	0.0273338582390493	2.5807549593961	0.00985845298679746	0.0113517566823605	SSB
SSBP1	2126.2257109159	0.327354239695189	0.0230636632221908	14.1935058859264	1.00505765425996e-45	2.25277584788116e-45	SSBP1
SSBP2	2068.84227593144	-0.212509179832231	0.0188913278940835	-11.24903347312	2.34143704418852e-29	4.36316855408256e-29	SSBP2
SSBP3	3233.00526832708	0.00941463331228153	0.0216247001548402	0.435364802511459	0.663297654419711	0.679684697285206	SSBP3
SSBP3-AS1	116.907998728448	-0.430869606856157	0.0375952836830679	-11.4607356201494	2.07742774187071e-30	3.92071469714978e-30	SSBP3-AS1
SSBP4	1704.85397747807	0.474058549867443	0.0297514318480449	15.9339742802529	3.68192807956232e-57	9.25675801120129e-57	SSBP4
SSC5D	906.575603570094	0.581987043133904	0.0669287971500102	8.69561486111087	3.44956654422991e-18	5.50932901807139e-18	SSC5D
SSH1	3650.30939977202	0.0534471359951255	0.0352387817745351	1.51671349869843	0.129339034688842	0.140942669860999	SSH1
SSH2	8214.93255537283	-1.65553624532505	0.0765300706366065	-21.6324933657276	8.88488561199066e-104	3.38562290223209e-103	SSH2
SSH3	2224.88313623063	-0.727578223617123	0.0456285201894905	-15.9456896825838	3.05251457910912e-57	7.68400432646389e-57	SSH3
SSNA1	2177.39018376494	0.494605885688146	0.0252412054809653	19.5951768651119	1.69993886036978e-85	5.55163269693694e-85	SSNA1
SSPN	2234.15742188911	-0.0860635745051685	0.0686841841770408	-1.25303336621617	0.210193564009182	0.225851748685566	SSPN
SSR1	3498.67285460062	0.0804132155274962	0.0195972137339709	4.1032983881838	4.07301393553781e-05	5.07498607694443e-05	SSR1
SSR2	4050.17882982091	-0.0947896635734695	0.0279093210195352	-3.39634430759248	0.000682923961755867	0.000820319914291162	SSR2
SSR3	4594.28287314031	1.19012310504448	0.0284766227821517	41.7929862733026	0	0	SSR3
SSR4	3515.97691898898	0.279049374192163	0.0229016373973325	12.184690961209	3.75072396064742e-34	7.39747803392289e-34	SSR4
SSRP1	6407.86534612937	-0.938760628765918	0.0271599761652378	-34.5641182840007	8.74703893297076e-262	9.28392970709945e-261	SSRP1
SST	4.30576322037705	-0.546080082123292	0.157706134052526	-3.46264325990904	0.000534897075769522	0.000644921785728544	SST
SSTR1	96.3493850038058	1.18752468278716	0.0600135455762789	19.7876108032608	3.80664114861805e-87	1.26263768778834e-86	SSTR1
SSTR2	236.636460900718	-0.00854607931339872	0.0665425401922468	-0.128430313731763	0.897808442904991	0.904187634593977	SSTR2
SSU72	7410.32305575662	-0.296409426506502	0.0308355856644069	-9.6125765124884	7.07558941936408e-22	1.19347531051324e-21	SSU72
SSUH2	88.9309690552109	2.71670680144068	0.0661268905270826	41.0832382981631	0	0	SSUH2
SSX1	0.518832461445994	-0.172552003225275	0.231367307608253	-0.745792502013449	0.455792770033044	0.476354252982166	SSX1
SSX2IP	500.41486366168	0.64688183258503	0.0388178064947604	16.6645643069076	2.37210802706002e-62	6.2933406919834e-62	SSX2IP
ST13	15374.7806526409	-0.77451652333889	0.0324339777610297	-23.8797883209223	4.96794762634542e-126	2.2396199654857e-125	ST13
ST13P10	3.00988582907657	-1.52192029613439	0.0990415899844524	-15.3664768141676	2.74706859415701e-53	6.64114716135111e-53	ST13P10
ST13P11	1.58100657614734	-0.694439476386792	0.13501468630373	-5.14343658011083	2.69757745729056e-07	3.53903445876302e-07	ST13P11
ST13P15	11.4733448369598	-0.793226369758592	0.0603540631583052	-13.142882653617	1.86966069444278e-39	3.89489204497912e-39	ST13P15
ST13P18	4.98957559506842	-0.691835026214536	0.0761158811229461	-9.08923362651547	9.97395924567257e-20	1.63100690753408e-19	ST13P18
ST13P19	6.19290439007228	-0.591683396570441	0.0753022740823025	-7.85744393222114	3.92051400101796e-15	5.96460214100104e-15	ST13P19
ST13P20	3.8769638462695	-1.66234002026849	0.1699300652038	-9.78249504156203	1.33869030982315e-22	2.28090527847862e-22	ST13P20
ST13P3	7.85674352291634	-0.791549045936853	0.0719366341797458	-11.0034206487759	3.67905792463605e-28	6.75231664981378e-28	ST13P3
ST13P4	7.88700400390073	-0.705945953557799	0.068131919609595	-10.361456973515	3.71263131199714e-25	6.56236019709943e-25	ST13P4
ST13P5	19.5641588657433	-0.730666024690496	0.0666054495022649	-10.9700637132649	5.32348700971234e-28	9.74258739953556e-28	ST13P5
ST13P6	15.7138963168514	-0.720422231611027	0.0619417645763034	-11.6306378505502	2.87937908443217e-31	5.49355621609576e-31	ST13P6
ST14	2187.8397025128	-4.45960438809558	0.11731726286757	-38.0131983911837	0	0	ST14
ST18	6.00691798819988	-0.37454861156349	0.090045223168505	-4.15956114476593	3.18859655130684e-05	3.98237192257507e-05	ST18
ST20	62.4251641241626	0.50845319019771	0.0447522468283908	11.3615120185462	6.5009606699768e-30	1.21899784396096e-29	ST20
ST3GAL1	6918.79026371199	1.28493108900277	0.0644868938426559	19.9254610113168	2.44781830336167e-88	8.19627553549358e-88	ST3GAL1
ST3GAL2	1628.35076517671	0.234688570153349	0.038880873099009	6.03609310819029	1.5789017376313e-09	2.17258906735217e-09	ST3GAL2
ST3GAL3	2493.38068504069	-0.41170858573954	0.066348134074518	-6.20527753315768	5.46004592885286e-10	7.57855553745704e-10	ST3GAL3
ST3GAL4	1243.27475509778	1.97133958740793	0.0437774838882586	45.0309020143721	0	0	ST3GAL4
ST3GAL5	1292.5665854809	-1.11619347833295	0.0396304872405362	-28.1650203177731	1.56908496594623e-174	9.97707469869238e-174	ST3GAL5
ST3GAL6	1194.95423784477	1.71340804362037	0.0432985845189923	39.5719181736486	0	0	ST3GAL6
ST6GAL1	2214.54974469122	1.16669906173089	0.0392784252735571	29.7033054050753	6.95980973333252e-194	5.01937239622271e-193	ST6GAL1
ST6GAL2	49.4215375757639	0.213088960976777	0.107716703908818	1.97823506702504	0.0479021944628252	0.0534155610806738	ST6GAL2
ST6GALNAC1	168.34513403157	2.31094980848196	0.0595928613147281	38.7789704588463	0	0	ST6GALNAC1
ST6GALNAC2	297.008884722114	-2.40205009035349	0.0486219619029751	-49.4025743993377	0	0	ST6GALNAC2
ST6GALNAC3	464.282854281932	0.64693803395703	0.069933876206045	9.25071037176557	2.23005576417682e-20	3.68320339581125e-20	ST6GALNAC3
ST6GALNAC4	1164.97414834671	0.982180441357611	0.0388933731714512	25.2531565474645	1.04566256713128e-140	5.20690784811347e-140	ST6GALNAC4
ST6GALNAC5	74.2907753921605	-1.22521325446894	0.103984321654221	-11.7826729547088	4.79480444539215e-32	9.23312738783741e-32	ST6GALNAC5
ST6GALNAC6	4800.34046185255	0.0467887050782256	0.0308297501230231	1.51764788529002	0.129103188386678	0.140694181750126	ST6GALNAC6
ST7	1001.516303056	0.921205273032948	0.0184642409449288	49.8913156398101	0	0	ST7
ST7-OT4	2.35755487591218	1.00674658025762	0.0744891233242949	13.5153500984923	1.26950327211996e-41	2.71631147051366e-41	ST7-OT4
ST7L	519.936299666882	-0.304696934316039	0.0171066633292697	-17.811593555752	5.74506131942433e-71	1.65546420379314e-70	ST7L
ST8SIA1	203.177735913046	0.176294404033427	0.0687613827448381	2.56385774974342	0.0103515960160863	0.0119028476451977	ST8SIA1
ST8SIA2	89.941668515323	2.65807392733283	0.117721484789285	22.5793442215805	6.91673596820249e-113	2.84135472760413e-112	ST8SIA2
ST8SIA4	270.752816119814	1.10582309692352	0.0609184178178308	18.1525249101241	1.22632069456091e-73	3.61292943089868e-73	ST8SIA4
ST8SIA5	315.539989362557	1.74135657339817	0.108977009352047	15.9791187494674	1.78653736146528e-57	4.50665065074784e-57	ST8SIA5
ST8SIA6	291.804900724531	2.13885785070501	0.0701019989793079	30.5106542159567	1.88214103012929e-204	1.45284822827433e-203	ST8SIA6
STAB1	6580.79271955864	0.697122794388161	0.0565756504773783	12.3219580951509	6.89983271056104e-35	1.36984546843288e-34	STAB1
STAB2	65.6076377708381	-1.37818670705543	0.09503242447825	-14.5022787182584	1.17193790248192e-47	2.68431787537562e-47	STAB2
STAC	157.110644582399	-1.01648712277247	0.0534009067157098	-19.0350161689939	8.74655187305144e-81	2.74728110742975e-80	STAC
STAC2	3508.8315388168	-5.66463955507908	0.128852352272007	-43.9622517959242	0	0	STAC2
STAC3	28337.7263384515	-8.53465101426181	0.14482829872951	-58.9294432726965	0	0	STAC3
STAG1	1833.10877795346	-1.01205377072271	0.020268873017431	-49.9314278525674	0	0	STAG1
STAG2	3763.06453867715	-0.827378303719309	0.0195878047649944	-42.2394604012966	0	0	STAG2
STAG3	394.26492901219	-1.81781013305642	0.0661032479220156	-27.4995584967467	1.7771080699843e-166	1.06101898400622e-165	STAG3
STAG3L1	39.1375757200054	-0.290866350944575	0.037919088611938	-7.67071049415998	1.71046216791408e-14	2.57635591035239e-14	STAG3L1
STAG3L2	356.006383642098	-0.333461570647075	0.0256683240786956	-12.99117034773	1.37311084903367e-38	2.83293620555359e-38	STAG3L2
STAG3L3	81.6552030228992	-0.608275032943287	0.0280181594732759	-21.7100282237835	1.64956358177287e-104	6.32186375037117e-104	STAG3L3
STAG3L4	1023.91353614118	-0.591760979973782	0.0598190038042872	-9.89252482220994	4.48569301258452e-23	7.70412746107565e-23	STAG3L4
STAG3L5P	655.91265834044	-0.649238222158896	0.0308347871872149	-21.0553819689759	2.04131365311089e-98	7.45499839108322e-98	STAG3L5P
STAM	1567.37512820162	-0.169404003958842	0.0365749847714255	-4.63169034840421	3.62692327895515e-06	4.64123451656157e-06	STAM
STAM2	1357.78533625944	0.0519852042096769	0.0162227287402409	3.20446732741861	0.00135312647152241	0.00161020887247141	STAM2
STAMBP	2399.75935352306	-0.794090145412918	0.0211148971305385	-37.6080518178053	0	0	STAMBP
STAMBPL1	245.349324422915	0.671667689874701	0.0520969640380594	12.8926455173859	4.95156022955848e-38	1.01715206769693e-37	STAMBPL1
STAP1	9.18631051109256	-0.884085512374235	0.0811292880933393	-10.897242329516	1.18803475605771e-27	2.16543273023439e-27	STAP1
STAP2	1253.01024987614	-3.38837259346384	0.104407566583831	-32.4533240676885	4.86221213270428e-231	4.34150201392905e-230	STAP2
STAR	76.2901009300812	-1.7420517005786	0.0939229790450364	-18.5476623323806	8.51766321540344e-77	2.5812534602774e-76	STAR
STARD10	3035.94918519391	0.145804071885098	0.0398241288426341	3.66119928099987	0.000251037396777306	0.000305663161484597	STARD10
STARD13	1664.04084325428	0.906406936903958	0.0314603444219122	28.8110938884904	1.55763466717137e-182	1.04311687662767e-181	STARD13
STARD3	2762.96652139327	-0.350767743597392	0.0213400625057595	-16.4370532421225	1.03847034947655e-60	2.70881100723481e-60	STARD3
STARD3NL	856.263822219948	0.628314662108933	0.0349064362836392	17.9999658803161	1.9493903119729e-72	5.68827605865201e-72	STARD3NL
STARD4	420.963272526488	1.70033067195383	0.0472654110667692	35.9741010091264	2.12601166096529e-283	2.54119096341541e-282	STARD4
STARD4-AS1	245.489922919225	1.15078156454479	0.0645551784304226	17.8263245881211	4.41508613504658e-71	1.27385743736133e-70	STARD4-AS1
STARD5	159.306463464108	-2.64987190938824	0.103655901573086	-25.5641200276461	3.82527929247001e-144	1.95288861440025e-143	STARD5
STARD7	11671.4708938607	0.355728618114662	0.0581584635272321	6.11654085304533	9.56283799137798e-10	1.32131291589496e-09	STARD7
STARD8	1390.91581875029	1.06732843024009	0.0457223026807196	23.3437155974684	1.59637637122853e-120	6.91942476727302e-120	STARD8
STARD9	3062.39424053434	0.13353146357153	0.0426030988960082	3.13431339578075	0.00172256774852592	0.00204107043451916	STARD9
STAT1	4063.65029021303	-0.175504492348523	0.0250084500274416	-7.01780766724619	2.25376487376303e-12	3.27706150990374e-12	STAT1
STAT2	5859.5387567823	-0.21172436394993	0.032325819682394	-6.54969822977896	5.76534655786367e-11	8.16345499788436e-11	STAT2
STAT3	17054.7164957469	0.101929838546202	0.0353245710170384	2.88552233223263	0.00390764737078859	0.00456882049373638	STAT3
STAT4	162.894462436832	1.08127302288627	0.0588231671015834	18.3817546073129	1.83922236862874e-75	5.50695972350065e-75	STAT4
STAT5A	3559.12056309877	-1.14035853613644	0.041427771261941	-27.5264273553636	8.4769923785698e-167	5.06957939556927e-166	STAT5A
STAT5B	7608.77843237861	-0.919274785419303	0.0314131337398132	-29.2640267295016	2.97740644341562e-188	2.0661639702361e-187	STAT5B
STAT6	8725.86164242568	-0.401270142194575	0.0541465456975721	-7.41081701565624	1.25523680678666e-13	1.8649321359332e-13	STAT6
STATH	1.66914096351024	-1.26717630072103	0.254018109687212	-4.98852740177219	6.08412827390249e-07	7.92076322112668e-07	STATH
STAU1	5466.17380079479	-0.212939523425844	0.0211272988672358	-10.0788806351421	6.85020388835253e-24	1.18991141748754e-23	STAU1
STAU2	3080.46203332544	0.232749287899947	0.0520474337729235	4.47186865956549	7.75390470424829e-06	9.83913989716435e-06	STAU2
STAU2-AS1	7.23182222109036	-0.0206121374021607	0.0674284405458246	-0.305689071781997	0.759841394723139	0.772937666501538	STAU2-AS1
STC1	1563.46540366219	1.26522218672645	0.102699225629139	12.3196857520167	7.09702994684457e-35	1.40884027429587e-34	STC1
STC2	3231.53118237646	-1.94489501759601	0.0946751334970359	-20.5428283621791	8.92129563452298e-94	3.12923310048808e-93	STC2
STEAP1	266.044632749652	-1.46228688120424	0.0872207561507847	-16.7653543231875	4.3739896678447e-63	1.16784615857123e-62	STEAP1
STEAP1B	24.8821363017913	-0.820130760726943	0.0613066448446922	-13.3775182576795	8.18344020328852e-41	1.73265240060452e-40	STEAP1B
STEAP2	982.687794000139	-0.279061978629855	0.0763099028522733	-3.65695628220213	0.000255227889812392	0.000310702457869268	STEAP2
STEAP3	1975.36205563863	-0.794635349609377	0.0454928097752114	-17.4672734776291	2.54363315479741e-68	7.14878070562188e-68	STEAP3
STEAP4	5945.16692759762	-0.169918121749171	0.0609443865907783	-2.78808486317396	0.00530206527695132	0.00616672979585195	STEAP4
STH	2.28020833580805	-1.5091779960632	0.137235158403625	-10.9970215622481	3.94962473529628e-28	7.24446656409908e-28	STH
STIL	122.964838989151	-0.802468710151556	0.0518188292213634	-15.4860447873786	4.31003305255806e-54	1.05071648129872e-53	STIL
STIM1	8723.72785711821	-1.6276517136629	0.0393245906795332	-41.3901756009893	0	0	STIM1
STIM2	1448.4492659842	-0.506667188890108	0.0317587834940051	-15.9536082037194	2.68901627456288e-57	6.77276926800147e-57	STIM2
STIP1	6615.22647274961	0.116675922426945	0.0394293423799554	2.95911408571347	0.0030852485931482	0.00362114885083529	STIP1
STK10	2035.17065050441	-0.0719398675981702	0.0471386479269819	-1.52613345443436	0.12697663197456	0.138435367462543	STK10
STK11	6075.58135290067	-0.420255113584044	0.0360934981501983	-11.6435129627837	2.4760273562661e-31	4.73001893665989e-31	STK11
STK11IP	1311.04902755152	-0.144977490068407	0.0284368128749202	-5.09823272762995	3.4283916197125e-07	4.48702032473788e-07	STK11IP
STK16	941.778648904962	0.0876123001574716	0.0217011393540594	4.03722121350661	5.40880619374889e-05	6.71753279244333e-05	STK16
STK17A	1098.20392149456	0.634927226216492	0.0382116171755409	16.6160783852641	5.33075792224276e-62	1.41053907626476e-61	STK17A
STK17B	1246.36589229683	-1.37118986192998	0.0550138289721821	-24.9244578599197	4.04149119285817e-137	1.96199792240129e-136	STK17B
STK19	618.002631668589	-0.455982762380787	0.0374508700987442	-12.1754918157717	4.1985562479317e-34	8.27619481154387e-34	STK19
STK24	3821.63727479385	-1.13049988303284	0.0422009258598775	-26.7885090196009	4.39814957197338e-158	2.48029731970842e-157	STK24
STK25	11394.5439488156	-1.00688237463786	0.0550585811467548	-18.2874740624733	1.04129722806902e-74	3.09619943879592e-74	STK25
STK3	1141.73185773603	-0.410063505475485	0.0181173881763546	-22.6336987144023	2.01936461301322e-113	8.31821107525196e-113	STK3
STK31	22.7243374482362	-1.0924938097861	0.0709564570245134	-15.3966792537101	1.72292927341403e-53	4.17703028292606e-53	STK31
STK32A	287.663169501988	-1.97287727371303	0.0862012568039686	-22.8868736589256	6.27844843435097e-116	2.63630394837303e-115	STK32A
STK32B	214.11307564101	-2.08462440142363	0.0636022661882437	-32.7759453610311	1.29665096343658e-235	1.19269361230567e-234	STK32B
STK32C	374.980700916502	-0.257191935889794	0.0229456252536306	-11.2087569219365	3.69343951977151e-29	6.86551061497388e-29	STK32C
STK33	224.360454429821	3.09931498362938	0.0877178074788467	35.3327912850168	1.84274839761511e-273	2.0862461575767e-272	STK33
STK35	2041.94356188655	0.331348605556636	0.0277998249074508	11.9190896582888	9.41314402724775e-33	1.82809370627346e-32	STK35
STK36	1174.72923956291	-0.29904385056841	0.0312816796143815	-9.5597120824333	1.1808475295625e-21	1.98509865331103e-21	STK36
STK38	3070.81964422006	0.068474507899924	0.0258877842601864	2.64505093258341	0.00816786217398457	0.00943586747490029	STK38
STK38L	2236.20193533372	0.706371015562945	0.0313359190702382	22.5418955793077	1.61264698908136e-112	6.60656769468676e-112	STK38L
STK39	1305.14850330947	0.592514466665493	0.0561926065444624	10.5443492142808	5.3945027884025e-26	9.62784500238285e-26	STK39
STK4	1457.93666310537	-0.778362162479937	0.0365266713470449	-21.3094194947197	9.283921458808e-101	3.45646060351609e-100	STK4
STK40	8664.88972626056	-0.733625038290981	0.0514416748326854	-14.2612976866928	3.81297561569117e-46	8.59578886137216e-46	STK40
STMN1	1659.70065553468	0.29981095229442	0.0350523030614861	8.55324546773759	1.19675020613298e-17	1.8960306689491e-17	STMN1
STMN2	161.478510687495	-3.40968412453717	0.114651479154541	-29.739556346597	2.36672073214283e-194	1.71166492162729e-193	STMN2
STMN3	1060.37771833072	0.248535695246649	0.0595992824499502	4.17011220655823	3.04449703262139e-05	3.80503999751564e-05	STMN3
STOM	14295.3861205157	0.507838293012322	0.0421289580635742	12.0543758107185	1.83920520696747e-33	3.59669016084969e-33	STOM
STOML1	951.812124486685	0.819032505837607	0.0257632282412525	31.7907561182942	8.6871890877965e-222	7.39726067972681e-221	STOML1
STOML2	4718.52228909319	0.204921513117691	0.0341021833161183	6.00904379693589	1.86620710761307e-09	2.56361371673861e-09	STOML2
STON1	1024.81476629425	-0.424999987733914	0.0555541792480981	-7.650189301437	2.00683661597057e-14	3.01897592546266e-14	STON1
STON2	1538.92759145944	-2.01768659703773	0.0532758309369923	-37.8724566384331	0	0	STON2
STOX1	176.071918107689	-2.25660664394439	0.0640097984404215	-35.2540813895043	2.97083285510424e-272	3.33611741888531e-271	STOX1
STOX2	796.310859815842	0.955575915383637	0.0399010079402592	23.9486660791715	9.54066623706644e-127	4.32162891125901e-126	STOX2
STPG1	337.651074256048	-0.0303587184695734	0.0441420593598383	-0.687750388401558	0.49160998289736	0.512300063803136	STPG1
STPG2	8.06328362963705	-0.690866017761837	0.0865623931017453	-7.98113352700166	1.44995506887624e-15	2.22284459162334e-15	STPG2
STRA6	42.2222796506685	-3.08629200846891	0.135668940544388	-22.748699857792	1.47817103531968e-114	6.14658276895114e-114	STRA6
STRADA	1560.22324493568	0.196734227708973	0.0199294272552613	9.87154448490418	5.53063751618548e-23	9.48071668687315e-23	STRADA
STRADB	2575.40008033071	-0.153799310983693	0.0774110522357589	-1.98678750051466	0.0469459503553406	0.0523784586802087	STRADB
STRAP	6588.06146307166	0.0566190244392151	0.0335591998331772	1.68713868985757	0.0915766870772613	0.10064545723657	STRAP
STRBP	700.138046271659	0.163853222121069	0.0336683632701059	4.86668213736882	1.13487334301276e-06	1.46927898788641e-06	STRBP
STRC	34.7130109128866	-3.13823520924557	0.0847088937214527	-37.0472930453441	1.98546469666841e-300	2.57680966148004e-299	STRC
STRCP1	30.841286951803	-2.98418900411902	0.0978135514214394	-30.5089526016834	1.98254534148804e-204	1.52969561475037e-203	STRCP1
STRIP1	1857.83777764243	-0.270739606904375	0.0150890485679786	-17.9427884856125	5.46429641584094e-72	1.58905977029972e-71	STRIP1
STRIP2	1975.99535441747	-0.330666932889568	0.10911008012151	-3.03058097401564	0.00244083728346271	0.00287567981802554	STRIP2
STRN	3220.00120845926	0.266742736270189	0.0262536484223542	10.1602159051946	2.98414884444469e-24	5.20923810597836e-24	STRN
STRN3	2525.01899904515	-0.685790767845338	0.0445263630139223	-15.4019039828362	1.58920247124243e-53	3.85438341213083e-53	STRN3
STRN4	4646.68695870308	0.0840565802577921	0.0165637059287158	5.07474478353705	3.88016437299985e-07	5.07239207540815e-07	STRN4
STS	1048.32263597323	-0.418217243476874	0.0369338536215526	-11.3234120588171	1.00483261451285e-29	1.87946715438964e-29	STS
STT3A	2838.06225456044	0.26667565894706	0.0228902868843388	11.6501667407897	2.29010289819292e-31	4.3762359098058e-31	STT3A
STT3B	5798.79134070227	0.132890557590592	0.0223927506845381	5.93453477255704	2.9467987545621e-09	4.02773913294399e-09	STT3B
STUB1	2477.88642423625	-0.192681324605765	0.0321907571911463	-5.98561020051928	2.1558010062434e-09	2.9566913457819e-09	STUB1
STX10	1833.15375747078	0.225556780455854	0.0268114963336603	8.41268900656917	4.00716389865663e-17	6.29872138837915e-17	STX10
STX11	712.717220988617	-0.0360661281288017	0.0625614956458136	-0.576490823253121	0.564283470846766	0.584076059957026	STX11
STX12	2995.79683390837	-0.410258459878028	0.031062452707077	-13.2075359195495	7.93806487538588e-40	1.66096833455563e-39	STX12
STX16	6625.15465395541	-0.0559927266161403	0.0196171740337332	-2.85427077925988	0.00431357476786662	0.00503590760726163	STX16
STX17	2516.00133599446	-0.652283354007757	0.0171034964764045	-38.1374273329216	0	0	STX17
STX18	1312.00413111125	-0.183693094556218	0.013250069270978	-13.8635572991733	1.05322466975624e-43	2.30645952314866e-43	STX18
STX19	41.8778811944233	-2.82983520115076	0.118127244514836	-23.9558216461685	8.03553614296568e-127	3.64260101006108e-126	STX19
STX1A	158.543951589376	-0.220177696707686	0.0328935355243831	-6.69364643227463	2.17676995331459e-11	3.10516173465535e-11	STX1A
STX1B	212.452860520117	-0.659618206571218	0.0531654783066692	-12.4068893496341	2.3978899866409e-35	4.7854121562664e-35	STX1B
STX2	995.233225355371	0.720697241741237	0.0379177668058625	19.0068483049431	1.49679522214137e-80	4.69077485963905e-80	STX2
STX3	1642.9094679086	0.283211419434009	0.0272692498966571	10.3857429341585	2.87918859944087e-25	5.09569108037902e-25	STX3
STX4	2957.81606448438	-0.155878755811991	0.0179294498123826	-8.69400664510836	3.49877211459671e-18	5.58741987534204e-18	STX4
STX5	2034.88999852573	-0.371107309772574	0.0223700383982098	-16.5894802309446	8.30358480600106e-62	2.19329171082649e-61	STX5
STX6	1348.14562549611	-0.723917041064697	0.0389031942245374	-18.6081645863439	2.75908283745387e-77	8.39240455508738e-77	STX6
STX7	3011.49581386695	-0.0460910000029274	0.021517843754449	-2.14198971462453	0.0321943097029679	0.0362160835497516	STX7
STX8	1216.34518421825	0.181784912096675	0.0216920400899593	8.38025890339465	5.28114052983639e-17	8.29038202473051e-17	STX8
STXBP1	2229.91477756254	0.85518810794264	0.0392380080683465	21.7948909754296	2.59409392150121e-105	1.00077763996878e-104	STXBP1
STXBP2	1344.76423153589	-2.15368516420281	0.0855115881200454	-25.1858866330416	5.71917653721334e-140	2.83143280655603e-139	STXBP2
STXBP3	2001.58515205209	-0.429768002859319	0.0163295589667301	-26.3184084600772	1.18071911498712e-152	6.3883753498296e-152	STXBP3
STXBP4	362.535334320317	-0.0129641235055653	0.0330679381274005	-0.392045111963696	0.695024881889194	0.710134118452002	STXBP4
STXBP5	2031.14310142646	-0.844397261371441	0.0300585159156599	-28.0917815018115	1.23441293733266e-173	7.80494109059541e-173	STXBP5
STXBP5L	6.52782985930655	-0.988740119623764	0.102911756880612	-9.60764979234396	7.42237586624346e-22	1.25173494442804e-21	STXBP5L
STXBP6	683.639647588974	1.35350038703155	0.0474729644071522	28.5109725911204	8.56467161945334e-179	5.60016904546965e-178	STXBP6
STYK1	53.5022733495714	-3.61613638224376	0.0945223926421647	-38.2569281327171	0	0	STYK1
STYX	1218.25453214565	-0.284584716567804	0.0258939836895664	-10.9903798496047	4.2513309668616e-28	7.7938902876541e-28	STYX
STYXL1	673.715996046687	-0.0862493416389344	0.0348429793773693	-2.47537217483054	0.0133097396608598	0.0152322858182425	STYXL1
SUB1	4799.36190065416	0.232446796584671	0.02960812746837	7.85077667721444	4.13468640899309e-15	6.28937722226505e-15	SUB1
SUCLA2	5379.26767960948	0.176205883228812	0.0631879947432188	2.78859748508987	0.0052936812860924	0.00615737637832446	SUCLA2
SUCLA2P3	0.608630223652943	0.424636770417672	0.171069454018954	2.48224776803592	0.013055646100611	0.0149471910867581	SUCLA2P3
SUCLG1	7135.81019040505	1.19291308049727	0.0423536742555891	28.1655157778869	1.54731366997637e-174	9.8421177997331e-174	SUCLG1
SUCLG2	5026.49473812618	-0.251817845939536	0.0556652061581044	-4.52379256845479	6.07412571049889e-06	7.72559435559178e-06	SUCLG2
SUCLG2P2	11.559593568576	-0.590476734517723	0.0666369169429724	-8.86110524925772	7.92250270383727e-19	1.27777951054363e-18	SUCLG2P2
SUCLG2P4	0.0376736042090632	0.63209220106854	1.35352796439506	0.466996041231439	0.640502710397042	0.657674364831279	SUCLG2P4
SUCNR1	49.2630551598099	-1.8887527528489	0.106888439673563	-17.6703183114763	7.09951751071759e-70	2.02468971340981e-69	SUCNR1
SUCO	1258.30889464976	0.159591823548497	0.0363868481128539	4.38597547810467	1.15467130102242e-05	1.45922761090316e-05	SUCO
SUDS3	2429.05563277663	-0.286612842170261	0.0202582743630041	-14.1479396040601	1.92309587673765e-45	4.29392816635505e-45	SUDS3
SUDS3P1	12.2455002990745	-0.325611875994644	0.0469927149323038	-6.92898625805531	4.23866971212913e-12	6.13297110264742e-12	SUDS3P1
SUFU	1686.83385068919	-0.790236069593583	0.0350133190310432	-22.5695847026941	8.62522056234942e-113	3.53995885414619e-112	SUFU
SUGP1	1599.59609656619	0.0999573166728676	0.0171413655869225	5.83135084343147	5.49804452883513e-09	7.47622749384811e-09	SUGP1
SUGP2	7756.83014289217	0.22487376121603	0.0221014234754202	10.1746279585168	2.57381657300222e-24	4.49599923635254e-24	SUGP2
SUGT1	2330.01959165839	0.403110923833546	0.0169550603208933	23.7752574278254	6.0225190834766e-125	2.69077602436491e-124	SUGT1
SUGT1P2	4.22769844962721	-0.641150278773946	0.0835197826728633	-7.67662771927045	1.63331204096537e-14	2.46117947843777e-14	SUGT1P2
SUGT1P3	6.63180354866693	-0.366107020904608	0.0671531680816442	-5.45182053748378	4.98567570042088e-08	6.6390847968099e-08	SUGT1P3
SULF1	1009.33177005659	0.659231726435851	0.0652008742956987	10.1107804696929	4.94884467745971e-24	8.61298975528882e-24	SULF1
SULF2	3108.2504281047	0.343709330481536	0.0422881197936581	8.12779882762917	4.37155929145477e-16	6.76865979747784e-16	SULF2
SULT1A1	449.777778667848	0.882798776510656	0.0543382640653753	16.2463558911	2.37042006936999e-59	6.09744665171896e-59	SULT1A1
SULT1A2	10.961534332973	0.719664924378266	0.0753552113108826	9.5503006608162	1.29320432361747e-21	2.17235638572583e-21	SULT1A2
SULT1A3	17.1732814730046	0.562290384233852	0.0450541722656348	12.4803177143871	9.56044019547925e-36	1.91559977692366e-35	SULT1A3
SULT1A4	9.73160961607596	0.406374594223119	0.0495494884282018	8.20138829106105	2.37626641703346e-16	3.69292685599752e-16	SULT1A4
SULT1B1	44.998628191097	1.06715512772363	0.0807252699500713	13.2195919367463	6.76298486123634e-40	1.41657540711095e-39	SULT1B1
SULT1C2	39.3224414922263	2.26920436743216	0.109400412848886	20.742191993065	1.44202347507584e-95	5.1198943934596e-95	SULT1C2
SULT1C3	1.54716820693562	-2.70219933400014	0.44735363933064	-6.04040986017985	1.53723243170666e-09	2.11557500024094e-09	SULT1C3
SULT1C4	272.052478888968	1.5756147047851	0.0548869847925939	28.7065268886423	3.16272223363234e-181	2.10081782020722e-180	SULT1C4
SULT1E1	444.835784564914	-7.71299333336627	0.21402212323664	-36.0382992969291	2.10331825394084e-284	2.5308711155875e-283	SULT1E1
SULT2B1	1751.30574920636	-7.85945660431273	0.152936926290638	-51.3901828350911	0	0	SULT2B1
SULT4A1	23.6204324179503	0.00204492265477881	0.0843818381007371	0.0242341563161676	0.980665833324186	0.982332908669462	SULT4A1
SUMF1	1024.20960128995	-0.4589587279962	0.0491560423669407	-9.33677134888441	9.93164449359031e-21	1.64940983973724e-20	SUMF1
SUMF2	3420.13845589745	-0.747878937708243	0.0179853867764274	-41.5825885206124	0	0	SUMF2
SUMO1	2974.6973395174	-0.0772945012790224	0.0218605501185503	-3.53579854394571	0.000406544591561029	0.000491980449928745	SUMO1
SUMO1P3	3.3746265809909	-0.265755177141512	0.0744824591225314	-3.56802366989947	0.00035968401825588	0.000435858095767357	SUMO1P3
SUMO2	3820.70532824987	-0.113882305361983	0.0142806639653726	-7.97458056839107	1.52899176357727e-15	2.34261475326874e-15	SUMO2
SUMO2P1	4.02921071453377	0.609755478265658	0.059367441400716	10.2708734599147	9.53375247178441e-25	1.67496660398781e-24	SUMO2P1
SUMO2P8	0.399270707981538	-0.271016302604364	0.160020015651549	-1.69364002059914	0.090333708325835	0.0993218350582309	SUMO2P8
SUMO3	4544.07740213659	-0.109484955046597	0.0264142350011078	-4.14492242694159	3.39928766000246e-05	4.24256931066382e-05	SUMO3
SUMO4	10.9682000910555	0.451227622462999	0.0713350056816686	6.32547258041299	2.52458734622161e-10	3.52916803753476e-10	SUMO4
SUN1	13182.029898362	-0.113249409219489	0.0167919763059392	-6.74425732600835	1.53811730870064e-11	2.20162608730281e-11	SUN1
SUN2	9382.80225401026	-0.449445601237346	0.0331574739149486	-13.5548806398885	7.4132638537017e-42	1.58996976802674e-41	SUN2
SUOX	1654.22567115077	0.691856370709968	0.0419022774859698	16.5111877496783	3.04824372452649e-61	8.00225102598823e-61	SUOX
SUPT16H	4646.0552539251	-0.488410272248757	0.0154960049542184	-31.5184638680566	4.85203876761616e-218	4.05297215108392e-217	SUPT16H
SUPT20H	953.198268986954	-0.264648014972943	0.0161107445123424	-16.4268022976963	1.2297499997605e-60	3.20497028314592e-60	SUPT20H
SUPT20HL1	15.983085115426	1.38826957808068	0.0882919838938698	15.723619708777	1.04196848066534e-55	2.58318063909335e-55	SUPT20HL1
SUPT3H	219.406651499372	-0.139435884570022	0.0288275209484517	-4.83690168222775	1.31878617223549e-06	1.70419740749541e-06	SUPT3H
SUPT4H1	1889.34901088052	-0.149176976030329	0.0173069486610603	-8.61948451756657	6.72561938588135e-18	1.06950419227253e-17	SUPT4H1
SUPT5H	7919.35951846341	-0.338226630560716	0.0197577686212269	-17.1186654244619	1.0771660363083e-65	2.94637073690711e-65	SUPT5H
SUPT6H	9390.33251390218	-0.513236699150848	0.0227371088691219	-22.572645541925	8.04836446645316e-113	3.30395915075538e-112	SUPT6H
SUPT7L	2733.48281451656	0.525701449681737	0.0188568881035067	27.878483809	4.86560984934322e-171	3.02020147924232e-170	SUPT7L
SUPV3L1	1809.36444051749	-0.0402317413723744	0.0283249067855822	-1.42036624081153	0.155501085725737	0.168604688841646	SUPV3L1
SURF1	2086.45003029135	0.334728216815724	0.0282152888896183	11.8633630910256	1.83455410772486e-32	3.55018366944261e-32	SURF1
SURF2	566.681254454039	-0.176865942534699	0.0264130172825882	-6.69616578228992	2.13958986696852e-11	3.05260816321633e-11	SURF2
SURF4	6962.65070106933	0.0624488684126917	0.0220323267358385	2.83442003931025	0.00459089452975018	0.00535445720033905	SURF4
SURF6	2387.36655096872	-0.462086728918895	0.0200690098403588	-23.0248892493758	2.62596598177748e-117	1.11302127708915e-116	SURF6
SUSD1	264.524653466891	1.02841950007018	0.0415527451614572	24.749736655765	3.12059340127766e-135	1.49477918617347e-134	SUSD1
SUSD2	1591.91273631233	-1.13358446934102	0.0783646582658188	-14.4655064467431	2.00126509777003e-47	4.57109161590641e-47	SUSD2
SUSD3	86.2287232466475	-1.98619615037928	0.100033887222728	-19.8552331167233	9.93006938183472e-88	3.31143347429431e-87	SUSD3
SUSD4	337.408135451833	0.789680691140197	0.0681922133187658	11.5802179267715	5.19139133942663e-31	9.86698717147278e-31	SUSD4
SUSD5	318.300794952641	-0.695263915658401	0.0599069059565925	-11.6057390138322	3.85344096439913e-31	7.33951865412642e-31	SUSD5
SUV39H1	348.412767145706	-0.190242397170977	0.0293143917933228	-6.48972690657394	8.59921043295022e-11	1.21293204046025e-10	SUV39H1
SUV39H2	172.518920774873	-0.171054472033799	0.0228112312873405	-7.49869526458787	6.44561803010211e-14	9.62485028285924e-14	SUV39H2
SUZ12	1360.68105288321	-0.326149406048947	0.0156694062070513	-20.8144074982355	3.20482467961872e-96	1.14418978694599e-95	SUZ12
SV2A	144.446333552114	-0.328539245123731	0.0509143334159228	-6.4527849641057	1.09813127114726e-10	1.54614477997042e-10	SV2A
SV2B	314.20283314726	0.711301177052316	0.0619441793851541	11.4829380922074	1.60724300567826e-30	3.03843534396286e-30	SV2B
SV2C	23.6188622710305	-0.350140338648241	0.0832730516332712	-4.20472567992626	2.61399000769525e-05	3.27357966665662e-05	SV2C
SVEP1	4899.25961791986	-1.38869626377545	0.0689665662842983	-20.1357895367862	3.58553145425389e-90	1.21986678714845e-89	SVEP1
SVIL	53453.2869449122	-1.68789487791859	0.0978536796255755	-17.2491712562788	1.13515929932839e-66	3.13164789995562e-66	SVIL
SVIP	885.358567468259	0.270924526777412	0.0298200280148536	9.08532100112256	1.03393132132758e-19	1.69029131915519e-19	SVIP
SVOPL	15.944548882652	-4.53427775204752	0.163672718284227	-27.7033203797195	6.36782711325424e-169	3.87254242789492e-168	SVOPL
SWAP70	3641.76401295445	-0.545595737509591	0.0416940553035321	-13.0856961151335	3.97501738336645e-39	8.25213792157531e-39	SWAP70
SWI5	637.389431075116	0.271746757377369	0.0202312260514637	13.4320459217897	3.92418015946132e-41	8.34682347281853e-41	SWI5
SWSAP1	97.7839618305076	0.012894302395557	0.0263750707548306	0.488882191650439	0.624925104176	0.642962780079572	SWSAP1
SWT1	353.362279370846	-0.0410380987164399	0.0193665425400577	-2.11902039982392	0.0340887429752342	0.0382969145788673	SWT1
SYAP1	2222.06668106847	-0.132187212730496	0.0221355131234222	-5.97172570581276	2.34756991203997e-09	3.21700715488973e-09	SYAP1
SYBU	898.579351524838	-1.38579271656812	0.0565477995315137	-24.5065719276279	1.25710011559782e-132	5.91300213767345e-132	SYBU
SYCE1	38.1362583326066	-0.415087581881955	0.0985168520916239	-4.2133662725633	2.51592571906559e-05	3.15208650256818e-05	SYCE1
SYCE1L	65.1326222624572	-1.05776253229547	0.0591719948866562	-17.8760667833087	1.81176301200296e-71	5.24670945609159e-71	SYCE1L
SYCE2	29.4940679486845	-0.0787290097749063	0.0417795812521035	-1.88438963281717	0.0595122911210864	0.0660346885576451	SYCE2
SYCP1	4.88130619414068	-2.89095249789446	0.147446594572182	-19.6067769912394	1.3534132150203e-85	4.4255751650464e-85	SYCP1
SYCP2	367.144903929097	-0.131395065428948	0.0632952425081184	-2.07590744931731	0.0379025116181994	0.0424833817957165	SYCP2
SYCP2L	84.0152135514569	1.66270113864901	0.0509752226949019	32.6178298150975	2.29177724610924e-233	2.07099810277171e-232	SYCP2L
SYCP3	4.28764621956012	0.0535062786339848	0.0772664914865251	0.692490076934786	0.488629615404649	0.509341693606989	SYCP3
SYDE1	1335.15600063705	1.16230393165096	0.0417095018481059	27.8666462113055	6.7703981181813e-171	4.1938725576525e-170	SYDE1
SYDE2	186.375619126095	1.31883306028666	0.0357380632579637	36.9027568944375	4.17374586680375e-298	5.3627123018083e-297	SYDE2
SYF2	3034.99906007606	-0.524516037251693	0.0203472777982071	-25.7781921716285	1.55738525959537e-146	8.09543518855796e-146	SYF2
SYK	754.530204834279	-1.45154468468027	0.0740295391526857	-19.6076417777836	1.33059974837662e-85	4.35176709130223e-85	SYK
SYMPK	5193.75535668305	-0.349409045629494	0.0177904154862905	-19.6402970969819	6.99875562441147e-86	2.2956377550115e-85	SYMPK
SYN1	224.622767118933	3.50897665925813	0.0484131431487989	72.4798356610148	0	0	SYN1
SYN2	813.507911559537	-1.28549531377557	0.0794261903279214	-16.1847787042062	6.45816530367798e-59	1.65203117282233e-58	SYN2
SYN3	54.1145515280362	-0.173707588713233	0.057629094566322	-3.01423421659563	0.00257628831941661	0.00303268153530071	SYN3
SYNC	1231.33406361925	-2.57036134403457	0.101700244653817	-25.2738953852468	6.18719168663972e-141	3.08690791439029e-140	SYNC
SYNCRIP	7135.81250621197	-0.491549056177471	0.0187713634920115	-26.186113565307	3.8251724459951e-151	2.05053392496599e-150	SYNCRIP
SYNDIG1	307.857573873449	5.90911858173742	0.0857375851057804	68.9209822558791	0	0	SYNDIG1
SYNE1	7698.20712325021	0.811681398351653	0.0319210391899926	25.4277874075641	1.24324187034554e-142	6.26528468871501e-142	SYNE1
SYNE2	16149.3286150235	-0.384674700734148	0.0320041145346897	-12.0195389351326	2.8053239872684e-33	5.47470046561344e-33	SYNE2
SYNE3	2504.81167385123	-0.637045468090406	0.0621194087888868	-10.2551759669093	1.12171506945076e-24	1.96956622758322e-24	SYNE3
SYNE4	80.2665895597026	-2.22688728803855	0.0858970248947282	-25.9250805341364	3.47366016673787e-148	1.82834376203065e-147	SYNE4
SYNGAP1	1209.38777366406	0.274802372012426	0.0458234798006339	5.99697738382201	2.01024044277895e-09	2.75852555347338e-09	SYNGAP1
SYNGR1	2330.59132313521	0.264019396938869	0.0412105535586862	6.40659671224483	1.48803733886997e-10	2.0907087212768e-10	SYNGR1
SYNGR2	10773.8386703006	-0.521025480372617	0.0384102756647968	-13.5647420216289	6.48072758398872e-42	1.39079133571031e-41	SYNGR2
SYNGR3	25.6126010789609	0.589291963889089	0.0663685405882423	8.87908576361684	6.74121185477961e-19	1.08891380651371e-18	SYNGR3
SYNJ1	1122.90914389062	-0.13652130918622	0.0222752909431346	-6.12882271817407	8.85317048150483e-10	1.2241026333633e-09	SYNJ1
SYNJ2	1588.14337216744	0.445109895587977	0.0421474144987518	10.5607876753901	4.52845796590603e-26	8.08938888997463e-26	SYNJ2
SYNJ2BP	2690.27302942444	0.424645983205787	0.0440489523573266	9.64031970070579	5.4019472923483e-22	9.13227396784013e-22	SYNJ2BP
SYNM	24213.943029175	-0.284008457114465	0.0868635551369911	-3.26959283057849	0.00107702391216086	0.00128649684424736	SYNM
SYNPO	67228.4702097202	-0.0604565377555203	0.100635656008905	-0.600746695089567	0.548008712654662	0.567948922591777	SYNPO
SYNPO2	82765.41490532	-2.55947488549161	0.101277960479146	-25.2717854248124	6.52662013813013e-141	3.25445122178616e-140	SYNPO2
SYNPO2L	13601.2946723868	1.15051093375086	0.153299930462731	7.5049670947539	6.14440335185165e-14	9.18420698635569e-14	SYNPO2L
SYNRG	2018.83597759384	-0.543487210637393	0.0151181110966392	-35.9494124076261	5.16951416242163e-283	6.15452542577723e-282	SYNRG
SYP	145.43736156444	0.692323376744379	0.0359602711295234	19.2524515249269	1.34638477349532e-82	4.29797345410343e-82	SYP
SYPL1	6502.46469237264	-0.377116376413402	0.0230034409781091	-16.3939115357689	2.11393194024812e-60	5.49341545494535e-60	SYPL1
SYPL2	9301.15288816062	-2.04248011467996	0.131756874225004	-15.501886536804	3.36854180119896e-54	8.22198250350949e-54	SYPL2
SYS1	1512.21101783606	-0.0935294229986673	0.0263363906287563	-3.55133793073923	0.000383277961263794	0.000464105111039254	SYS1
SYT1	53.4186016851182	-1.2438685852638	0.0678229393422739	-18.33993922007	3.97240969994367e-75	1.18585981772282e-74	SYT1
SYT10	1.50124414581921	0.217775250013156	0.162329079519918	1.34156646891129	0.17973660438369	0.19413408229394	SYT10
SYT11	868.315761482973	1.8897976098878	0.0386448923122738	48.9016140766316	0	0	SYT11
SYT12	117.755051629225	-2.26766260996221	0.0891771255729947	-25.4287475111097	1.21321149092575e-142	6.11737256250826e-142	SYT12
SYT14	21.8715784068601	-3.44541666036095	0.132770799750063	-25.9501085091513	1.81317833306954e-148	9.55754704936595e-148	SYT14
SYT15	42.4349373855698	-0.263199244370725	0.0665427597046338	-3.95534007815424	7.64258579594719e-05	9.45332143976124e-05	SYT15
SYT16	5.04807206809811	-0.616985002753731	0.126589979566085	-4.87388500155054	1.09424702657727e-06	1.41770121818176e-06	SYT16
SYT17	225.057026585858	-1.32548006880333	0.084272700653118	-15.7284631740859	9.65255553462701e-56	2.39431792998237e-55	SYT17
SYT2	62.9697063194383	1.22596539026236	0.053955394387278	22.7218316942084	2.7260062643389e-114	1.13092506947141e-113	SYT2
SYT4	5.57517514357124	1.67572136501606	0.124634940527096	13.4450368245792	3.2924184931126e-41	7.00884878128191e-41	SYT4
SYT6	18.2333364773992	-2.84867928319651	0.0978492419355507	-29.1129417749891	2.46203278656896e-186	1.69027659004683e-185	SYT6
SYT7	975.432470894852	1.5759441466562	0.0569272580982521	27.6834718428954	1.10413416411712e-168	6.70111904527048e-168	SYT7
SYT8	2066.91341502405	-9.22290463389341	0.166969041126091	-55.2372138672611	0	0	SYT8
SYT9	21.4419441505373	-0.817350089883722	0.0925152075669835	-8.83476469846256	1.0030917330718e-18	1.61580798989042e-18	SYT9
SYTL1	2303.98211013298	-4.91314874153046	0.120133365399657	-40.8974536356784	0	0	SYTL1
SYTL2	1041.02132249321	-0.53735530864015	0.0562439431604789	-9.55401201347019	1.24768675136013e-21	2.09648177086098e-21	SYTL2
SYTL3	566.537658043853	-0.00300389342136206	0.0544795459661796	-0.055138003962567	0.956028519398244	0.959118841759337	SYTL3
SYTL4	402.574794620696	-0.354011178655544	0.0488226986001085	-7.25095475682612	4.13843917448831e-13	6.09623924549624e-13	SYTL4
SYTL5	29.8057487250632	-0.419081746376403	0.131954836082386	-3.17594836853686	0.00149347529765711	0.00177475896706665	SYTL5
SYVN1	3564.37860316909	-0.229485977225079	0.0163619748201539	-14.025567191462	1.08739280516233e-44	2.40764549639939e-44	SYVN1
SZRD1	5210.65499236648	-0.0104420087832406	0.0273390998125585	-0.381944133304783	0.702502803769571	0.717149134333646	SZRD1
SZT2	3940.29109407222	-0.260067777219847	0.0179722705022182	-14.4705020541366	1.86108750475892e-47	4.25361048415e-47	SZT2
TAB1	1981.1145245595	0.0251128409993856	0.0174415786975311	1.43982614388801	0.149916592585128	0.162755478145159	TAB1
TAB2	5579.42209159585	-0.572164205240462	0.0359985614205665	-15.8940852817962	6.9637517662155e-57	1.74588433904798e-56	TAB2
TAB3	1711.13641559552	-0.503039885911412	0.0181784083564791	-27.6723834148065	1.50135158706309e-168	9.09960603323998e-168	TAB3
TAC1	34.3280377345013	-1.49290345581768	0.104524955744544	-14.2827465956197	2.80331354121023e-46	6.325993112113e-46	TAC1
TAC3	7.90591056525008	-2.63358645744377	0.108219432054817	-24.3356152165886	8.2329914878825e-131	3.82753305199827e-130	TAC3
TAC4	4.83197201966261	1.37123894173242	0.0709188843447797	19.3353146260168	2.71009893645755e-83	8.70374504106555e-83	TAC4
TACC1	9105.85067122949	0.177780627203392	0.0515050062932527	3.45171547385447	0.000557034787271806	0.000671208461455236	TACC1
TACC2	24754.2293352323	-0.339599149338273	0.0732060877376934	-4.63894683943636	3.50189107927712e-06	4.48314780727313e-06	TACC2
TACC3	468.462603620181	0.520768210642459	0.0396848338152496	13.1226002625301	2.4440276847184e-39	5.08200789564697e-39	TACC3
TACO1	1412.31694326478	0.736556025010703	0.0505565581954942	14.5689511173319	4.42634889737563e-48	1.01903960227214e-47	TACO1
TACR1	327.064992177893	-4.20901346095243	0.0911135158733991	-46.1952699399811	0	0	TACR1
TACR2	111.52898544563	-0.377092617504801	0.0558866814914541	-6.74745050951835	1.5046553436018e-11	2.15458601862828e-11	TACR2
TACR3	4.39860255742109	-3.20366487944026	0.162122586445293	-19.7607560407465	6.48265030653129e-87	2.14353762248108e-86	TACR3
TACSTD2	11639.5712222897	-8.2775456319152	0.131547429693517	-62.9244193611418	0	0	TACSTD2
TADA1	594.926038676871	-0.216722442953905	0.0182272435649234	-11.8900283623228	1.33361290521418e-32	2.58522139853117e-32	TADA1
TADA2A	1028.64776841001	-0.430480036769156	0.0188714845931308	-22.8111378648954	3.5549017743499e-115	1.48438382834777e-114	TADA2A
TADA2B	3721.64999473218	-0.574364753328778	0.049566587824106	-11.5877404223787	4.75511679564158e-31	9.04160319407882e-31	TADA2B
TADA3	3580.91264186274	0.199173952118864	0.0247118943111194	8.0598415326357	7.63934159565824e-16	1.17786542238496e-15	TADA3
TAF1	2805.95671458565	-0.598536209686135	0.0155790563048081	-38.419285351797	0	0	TAF1
TAF10	2446.10670245219	0.530725060448454	0.0212729035824302	24.9484071787357	2.22208469726498e-137	1.081074233391e-136	TAF10
TAF11	1703.94432013965	0.0333813450117963	0.0144083638472699	2.31680330713756	0.0205144488117804	0.0233072830762975	TAF11
TAF12	1066.07404693731	0.0280029191100271	0.0211240748753436	1.32564002330406	0.184958962463193	0.199619058894414	TAF12
TAF13	1759.34081434625	0.0287546563995119	0.0413463247394514	0.69545858261194	0.486767958390396	0.507459895696156	TAF13
TAF15	6678.70534020341	-0.161456057246968	0.0210842076137135	-7.65767726276581	1.89325931134432e-14	2.84954522270143e-14	TAF15
TAF1A	108.773759094198	-0.197685393986482	0.0370587372148714	-5.33438019866344	9.58714590366998e-08	1.2682114448263e-07	TAF1A
TAF1B	328.277748701421	-0.720370752624246	0.0300460475939688	-23.9755578623541	5.00311646958197e-127	2.27140225898979e-126	TAF1B
TAF1C	3895.43987701063	0.243902916012604	0.0285214376474444	8.55156458196483	1.21431099948849e-17	1.92351393011197e-17	TAF1C
TAF1D	2954.34357543439	-0.836522774231421	0.0312602937736915	-26.7599140394335	9.46742533097832e-158	5.32738741428386e-157	TAF1D
TAF2	1259.07326409386	-0.536345441358927	0.0182418272784285	-29.4019581028031	5.18407516086151e-190	3.63389941474564e-189	TAF2
TAF3	1241.42755650319	-0.278729609184166	0.0297564578179085	-9.36702919715183	7.46027515552513e-21	1.24080581238666e-20	TAF3
TAF4	1330.61408550594	-0.549929853152296	0.0199069865936538	-27.6249672729276	5.57933597095653e-168	3.37025593332847e-167	TAF4
TAF4B	512.634773523396	-1.90692551606869	0.0326031540244931	-58.4889889682486	0	0	TAF4B
TAF5	298.89763796839	-0.287971414037315	0.025288331130844	-11.3875214836173	4.8252004375482e-30	9.0638039315773e-30	TAF5
TAF5L	1490.15685651878	-0.43757121006178	0.0388981267390603	-11.249158937579	2.33810907936859e-29	4.35741811136908e-29	TAF5L
TAF6	1360.96057284055	-0.163625268740401	0.0233171034743803	-7.01739257280327	2.26046834291348e-12	3.2860123266402e-12	TAF6
TAF6L	658.866232157107	-0.733189419574686	0.0257079814710881	-28.5199139574319	6.63504846149596e-179	4.3431820856505e-178	TAF6L
TAF7	7076.88508200985	0.0205008837827727	0.0346469702432059	0.591707835890582	0.554046248456558	0.573941791935691	TAF7
TAF7L	32.3018721221764	-2.69902368285551	0.104848647827484	-25.7420933772692	3.95237058555295e-146	2.04738483195795e-145	TAF7L
TAF8	1505.7361725402	0.29554925758698	0.0225973561387062	13.0789308170766	4.34508851618918e-39	9.01787515030968e-39	TAF8
TAF9	1678.9501103265	0.0230587689917187	0.0221858679721598	1.03934491184452	0.298644354372024	0.317218211072804	TAF9
TAF9B	1119.32524391671	0.02811608886439	0.0264352932240807	1.06358150167134	0.287518326008767	0.305851399744936	TAF9B
TAF9BP1	2.42225087537945	-0.616797704342502	0.103609390567992	-5.95310619009711	2.6310046257578e-09	3.59993267469339e-09	TAF9BP1
TAGAP	70.1396775087904	-0.395717932382826	0.0619083384368284	-6.39199730399191	1.63732786529213e-10	2.29884867819388e-10	TAGAP
TAGLN	15126.2889662242	-0.73640598807735	0.0622927348634451	-11.8216994275763	3.01522473541552e-32	5.8218449492883e-32	TAGLN
TAGLN2	14767.7013488167	0.353472896090338	0.054969965288712	6.43029141884729	1.27359534809819e-10	1.79123289796981e-10	TAGLN2
TAGLN2P1	13.1120499252244	-0.351890701029843	0.0725938640731778	-4.84738903931497	1.25096959515337e-06	1.6178391897662e-06	TAGLN2P1
TAGLN3	10.8096443254135	1.1667876648992	0.09890890703365	11.7965883952418	4.06458282214407e-32	7.84123409939078e-32	TAGLN3
TAL1	577.019484852532	1.09523057893851	0.0576947757057521	18.9831846218499	2.34915884572824e-80	7.34407926049915e-80	TAL1
TALDO1	5178.02003414444	-0.36223424850099	0.0254755684320625	-14.2188877734754	6.99559394836922e-46	1.57036646295791e-45	TALDO1
TAMM41	531.065724515369	-0.334196579933961	0.0211908362407147	-15.7708065947798	4.94146578445965e-56	1.22945854300011e-55	TAMM41
TANC1	5249.15748991943	0.462705008514846	0.0595007612897694	7.77645526687411	7.45849408471877e-15	1.12947212937682e-14	TANC1
TANC2	1296.67245629582	-0.891011062739973	0.0467099053025455	-19.0754200199891	4.0416237234039e-81	1.27346873175203e-80	TANC2
TANGO2	1091.10977405365	1.65541330611383	0.0350523832837782	47.2268402610997	0	0	TANGO2
TANGO6	922.53279122535	-0.93965745506571	0.0283519597412505	-33.1425927393147	7.2410175759899e-241	6.81723626492647e-240	TANGO6
TANK	2322.29677191524	-0.974867004619558	0.0250103710349647	-38.9785102850608	0	0	TANK
TAOK1	4859.21929932815	-0.226059328121079	0.017714276063557	-12.7614206366662	2.69245441717825e-37	5.48205768166788e-37	TAOK1
TAOK2	4787.55671494175	0.515424685010671	0.0210318836570917	24.5068246579462	1.24932537870833e-132	5.87796815005976e-132	TAOK2
TAOK3	1784.46743145456	-0.108867024409579	0.0168996184974511	-6.44198118590661	1.17923902123715e-10	1.65956388251817e-10	TAOK3
TAP1	2500.2022158934	-0.180547949327924	0.0455432095104077	-3.9643220420525	7.36048314866279e-05	9.10751011541647e-05	TAP1
TAP2	2557.6004001217	0.245287147661293	0.0341702226106806	7.17838892816061	7.05376616175555e-13	1.0350085154692e-12	TAP2
TAPBP	2062.39059302191	0.348909139240352	0.025071970697212	13.9163029286386	5.04324404935011e-44	1.10846686364287e-43	TAPBP
TAPBPL	770.914614258177	0.433673046962927	0.0282928864786106	15.3279887964342	4.97142194983195e-53	1.19992714560103e-52	TAPBPL
TAPT1	2495.82135379317	-0.683023513220922	0.0444015068866585	-15.382890381726	2.13213163223601e-53	5.16005667005653e-53	TAPT1
TAPT1-AS1	94.8388086627362	-0.416912459246782	0.0617053374855926	-6.75650561580879	1.41359504106134e-11	2.02580402309889e-11	TAPT1-AS1
TARBP1	2677.21071023736	-0.780883127759517	0.0313681544540388	-24.8941367877948	8.61154460281015e-137	4.16822840535589e-136	TARBP1
TARBP2	756.99713826461	-0.114079117428076	0.0220958868700006	-5.16291190750803	2.43137579952316e-07	3.19305433480823e-07	TARBP2
TARDBP	9700.89973768915	-0.266370923973319	0.0166744419829437	-15.9748028897033	1.91458652955406e-57	4.82898586499967e-57	TARDBP
TARS2	1924.04748750276	0.118110275088057	0.0363291215373899	3.25111838904495	0.00114951979374681	0.00137154542369168	TARS2
TAS1R1	18.7213252780418	-2.56416126118478	0.0692160146289271	-37.0457801555243	2.10000788019296e-300	2.72154368980226e-299	TAS1R1
TAS1R3	103.081798474715	1.15372087251858	0.0484744212160695	23.8006116127926	3.29142244131872e-125	1.47421983991486e-124	TAS1R3
TAS2R10	6.82759739867983	0.368852133097893	0.0727525606067217	5.06995396480676	3.97911937107726e-07	5.20024160002627e-07	TAS2R10
TAS2R13	2.79583105962595	0.24849821897483	0.0960722732402564	2.5865758204075	0.00969348413056671	0.0111646559494741	TAS2R13
TAS2R14	79.0840749439125	-0.010949838659389	0.0371116588773327	-0.295051177733179	0.767954784763552	0.780661513470109	TAS2R14
TAS2R19	13.7113269434003	-0.162405364290068	0.053477894191947	-3.03686909785846	0.00239049243019173	0.00281710338696441	TAS2R19
TAS2R20	128.221120003028	-0.498416252430915	0.0354167485890555	-14.0728969283458	5.57384987370636e-45	1.23747991584347e-44	TAS2R20
TAS2R3	4.46134565909077	-1.39283838137294	0.0994859510100245	-14.0003524842678	1.55099567618444e-44	3.42738438092268e-44	TAS2R3
TAS2R30	2.89204366843661	-0.318834974387254	0.101378307753952	-3.14500193829507	0.00166085729567825	0.0019692459609738	TAS2R30
TAS2R31	10.5659645117202	-0.210810132200981	0.0590534586183392	-3.56981855310864	0.000357228576940179	0.00043294092866762	TAS2R31
TAS2R39	0.0956045364863899	0.48282648126652	0.514858203455268	0.937785351435057	0.348354730568655	0.368173644021041	TAS2R39
TAS2R4	84.7859647236498	-0.641688050021069	0.0493547781991506	-13.0015385224062	1.19906464246603e-38	2.47640691016876e-38	TAS2R4
TAS2R40	0.42492335137023	1.30629707038522	0.230207255674686	5.67443917680507	1.39143742973769e-08	1.87339305704623e-08	TAS2R40
TAS2R41	0.248619819831235	-0.171769908847524	0.252969331433719	-0.679014755954833	0.497128512383603	0.517781076862653	TAS2R41
TAS2R42	0.508657742192904	1.31272135457084	0.185514732489108	7.07610299709169	1.48264683571554e-12	2.1617629750296e-12	TAS2R42
TAS2R43	2.62738788401849	-0.269690892549987	0.106036878349234	-2.54336884250549	0.0109789266245655	0.0126112984601368	TAS2R43
TAS2R46	2.03417286429487	-0.565106336751209	0.10713040465236	-5.27493888018986	1.32800339779991e-07	1.7518239164441e-07	TAS2R46
TAS2R5	65.3288830121767	-0.983446889839218	0.0499450371503246	-19.6905828076419	2.59684627264277e-86	8.54898130099533e-86	TAS2R5
TAS2R50	2.06896578860637	-0.538200798331646	0.105497786763654	-5.1015363908759	3.36907222344189e-07	4.41002538497509e-07	TAS2R50
TAS2R60	1.22301857877569	-1.89585581124723	0.181962350592691	-10.418945485547	2.03193543187332e-25	3.60327748095277e-25	TAS2R60
TAS2R64P	7.03560905691128	0.105133156546976	0.0841975440194397	1.24864873163881	0.211793580158373	0.227462337356415	TAS2R64P
TAS2R8	0.327903897174222	0.0216511687188011	0.220848877911835	0.0980361273442582	0.921903606057337	0.926587761733006	TAS2R8
TAS2R9	0.226332567958817	0.258725586210159	0.276784490169523	0.934754639075684	0.349914761333487	0.369692195020783	TAS2R9
TASP1	455.169871390828	-0.478954388433892	0.0318562036428955	-15.0348859456989	4.33794835449842e-51	1.02881960908203e-50	TASP1
TAT	284.178645154119	-6.06235894728134	0.201611585715929	-30.0694968781368	1.21424393000917e-198	9.05451739192009e-198	TAT
TATDN1	996.2983188096	-0.596443022806688	0.0428032483218627	-13.9345270789189	3.90780230134802e-44	8.60060511389727e-44	TATDN1
TATDN1P1	3.96236417081578	-0.357763768652397	0.0826877635478955	-4.32668333622506	1.5137133359979e-05	1.90641249291949e-05	TATDN1P1
TATDN2	2860.25029967908	-0.178040353349708	0.0180806019351295	-9.84703684028277	7.05945695677221e-23	1.20772937349227e-22	TATDN2
TATDN2P2	81.2939474028131	-2.24350513289812	0.051950226762868	-43.1856658323903	0	0	TATDN2P2
TATDN3	856.413594446854	0.254200309053275	0.0416658590106388	6.10092567606414	1.05455939120902e-09	1.45587265903471e-09	TATDN3
TAX1BP1	6696.46773043127	0.380342096238484	0.0323362141224882	11.7621096519761	6.11860767966062e-32	1.17571580744632e-31	TAX1BP1
TAX1BP3	3849.83261652964	1.31486177121316	0.0443186694345406	29.6683494335324	1.96686097008791e-193	1.41508650369914e-192	TAX1BP3
TBATA	7.93127362262988	-3.79972171418748	0.170267430230952	-22.3161981656357	2.57257618493317e-110	1.03345110254367e-109	TBATA
TBC1D1	6110.33812993434	0.445877709795595	0.0628445696064399	7.09492821078855	1.29418648439127e-12	1.88942829728526e-12	TBC1D1
TBC1D10A	1782.89448007085	-1.07299021005615	0.0603183415957624	-17.7887883132969	8.63264953333553e-71	2.48118033290073e-70	TBC1D10A
TBC1D10B	3256.4574130025	-0.369908710699767	0.0239954691745914	-15.4157732031954	1.28226887421129e-53	3.11457590131932e-53	TBC1D10B
TBC1D10C	104.6947661807	-0.0553091455356025	0.0552186706607009	-1.00163848339373	0.316518227436176	0.335550330511108	TBC1D10C
TBC1D12	907.104132231073	-0.503695651629194	0.0185319109467464	-27.1799089190868	1.12236956986169e-162	6.54479255817306e-162	TBC1D12
TBC1D13	2260.04893958755	0.21240372944266	0.023992270207991	8.8530067226367	8.51925303902121e-19	1.37353402557475e-18	TBC1D13
TBC1D14	1441.24012379497	-0.708923375834275	0.0349393118791713	-20.2901356010074	1.57161142962974e-91	5.40412174685098e-91	TBC1D14
TBC1D15	3227.99053429592	-1.05533881076992	0.0345237465091714	-30.5684903140384	3.21174884812833e-205	2.49201254375681e-204	TBC1D15
TBC1D16	2927.92213106028	-0.215829457833228	0.046707381879745	-4.62088537501229	3.82105856914616e-06	4.88480046184221e-06	TBC1D16
TBC1D17	6392.53630291618	-0.793164936023883	0.0340775325757432	-23.2753041688373	7.88764314712633e-120	3.40411086769171e-119	TBC1D17
TBC1D19	249.661608050038	0.437046211125499	0.0256614250715559	17.0312525476201	4.81622140670709e-65	1.30764406549222e-64	TBC1D19
TBC1D2	1144.93904101646	-1.90252653820869	0.0588052465772422	-32.3530067289093	1.25861597579919e-229	1.11497766635636e-228	TBC1D2
TBC1D20	3952.72467728768	-0.287336438689018	0.0148982632344712	-19.2865728150236	6.96394556060021e-83	2.22898264645029e-82	TBC1D20
TBC1D22A	2029.67481842964	-0.306595758524872	0.0184893077113792	-16.5823276517908	9.3534707849881e-62	2.46951932532371e-61	TBC1D22A
TBC1D22B	1457.86366154768	-0.773945838334055	0.0351855900113954	-21.9961023272141	3.13814937988348e-107	1.22644001275038e-106	TBC1D22B
TBC1D23	2063.68579240667	-0.487474815326312	0.0196342413001462	-24.8277897716721	4.49348915593171e-136	2.16449821503684e-135	TBC1D23
TBC1D24	1087.3410160703	-0.14988033615972	0.0229325600790612	-6.53570014176349	6.33126524506634e-11	8.95631478793235e-11	TBC1D24
TBC1D25	1425.10662846268	0.231068728653403	0.0187368942365092	12.3322854757413	6.07002783843575e-35	1.20603279381547e-34	TBC1D25
TBC1D2B	2910.96263790761	-0.546786858296244	0.0448246780304566	-12.1983443567564	3.17208132332327e-34	6.25828977434701e-34	TBC1D2B
TBC1D30	182.763371292045	-0.863039897516107	0.0631261980305784	-13.6716596982136	1.49935908156005e-42	3.2435960614304e-42	TBC1D30
TBC1D31	231.624585048265	0.704487509318321	0.0242313632412066	29.0733749606092	7.79488501382488e-186	5.33317085267433e-185	TBC1D31
TBC1D32	270.510613551721	-0.962983749856052	0.0658241702341506	-14.6296375089958	1.81752900130399e-48	4.19668285691036e-48	TBC1D32
TBC1D3F	2.77023474761428	-1.2350867740407	0.25181839398412	-4.90467258765294	9.35833064034791e-07	1.2140336542008e-06	TBC1D3F
TBC1D4	8700.68671555198	-0.182007058271238	0.0560637952753815	-3.24642770574544	0.00116863124683742	0.0013941633689655	TBC1D4
TBC1D5	2437.39100491455	0.0217853572001508	0.0241432261688449	0.902338281048091	0.366877196066577	0.38711350565032	TBC1D5
TBC1D7	617.513216788752	0.939212824097231	0.023789577175322	39.4800133342227	0	0	TBC1D7
TBC1D8	7455.01115892868	-0.877656032596118	0.0563320353651325	-15.5800518640474	9.9474006216808e-55	2.4415483854769e-54	TBC1D8
TBC1D8B	199.313380008493	0.371381011117335	0.0508763311942082	7.29968145107942	2.88449822488915e-13	4.25919551687553e-13	TBC1D8B
TBC1D9	1522.38468152165	0.0495222700573049	0.0738405652682343	0.670664828707765	0.502434073398259	0.523095185381264	TBC1D9
TBC1D9B	8011.47824917239	-0.704958108643729	0.0174532295750985	-40.3912700288738	0	0	TBC1D9B
TBCA	2471.15935003631	0.19682900661468	0.0229526650001288	8.57543150712893	9.87159854597753e-18	1.5660407634277e-17	TBCA
TBCAP1	2.81832221603043	0.354474439853688	0.0757503482025526	4.6795090486692	2.87562668753803e-06	3.68848197252187e-06	TBCAP1
TBCB	2133.03218355864	0.528993040586779	0.0203494399245724	25.9954594596979	5.57356555526555e-149	2.95174326449942e-148	TBCB
TBCC	935.101202303783	-0.515558889963912	0.0341617385502638	-15.0917052773923	1.83634211640892e-51	4.37190774202843e-51	TBCC
TBCCD1	482.416149824328	-0.264440624503559	0.0157908928759412	-16.7464010161488	6.01573225551777e-63	1.60499772241849e-62	TBCCD1
TBCD	4240.41010383011	0.600779325287369	0.0206308643387415	29.1204147059995	1.98009409094162e-186	1.36044556225344e-185	TBCD
TBCE	54.3008115448902	-0.734863263699972	0.0373554278695786	-19.6721950626733	3.73266929027266e-86	1.2267989756107e-85	TBCE
TBCEL	1027.0666551619	0.142767418213624	0.023189284783078	6.15661153628189	7.43178406447218e-10	1.0292317659991e-09	TBCEL
TBCK	826.463404788791	-0.0184867425793188	0.0370980340758934	-0.498321354212448	0.618257559024689	0.636539368565742	TBCK
TBK1	1511.44103654476	-0.492493775722426	0.0263898703517339	-18.6622279366396	1.0045427919795e-77	3.06383849515808e-77	TBK1
TBKBP1	1758.16104811646	0.278144590661706	0.0379878440012268	7.32193673988774	2.4441737716722e-13	3.61257673568201e-13	TBKBP1
TBL1X	1440.44195635529	-0.575590792755295	0.0238612476943039	-24.1224096966521	1.45487978945161e-128	6.66394175315989e-128	TBL1X
TBL1XR1	4596.20406481598	0.0592146234094272	0.0176938878518922	3.3466145996339	0.000818048579334959	0.000980014140596872	TBL1XR1
TBL1Y	28.775143486305	-5.69977397070859	0.161760994431827	-35.2357747968143	5.66652161025395e-272	6.35533056113279e-271	TBL1Y
TBL2	1135.45683437399	-0.335038841597329	0.0248578784073609	-13.4781752532074	2.10242339233448e-41	4.48674848671168e-41	TBL2
TBL3	2881.01300526675	-0.581164415330211	0.0261619967104186	-22.214069582035	2.51129338103076e-109	9.99906926607715e-109	TBL3
TBP	751.857487604986	-0.345519041981005	0.0132943601022166	-25.989896416556	6.44204971384708e-149	3.40968353128378e-148	TBP
TBPL1	413.143382147986	0.562226339526451	0.0247909476369318	22.6786949720666	7.27137606122711e-114	3.00486777957184e-113	TBPL1
TBPL2	1.05440687453501	-1.41532687456055	0.1395162634793	-10.1445296717722	3.50462494751906e-24	6.11068904303473e-24	TBPL2
TBRG1	1783.1630212376	-0.397604688929242	0.0179557229377691	-22.1436190738328	1.20188043943468e-108	4.76018697255526e-108	TBRG1
TBRG4	3949.29211312884	0.141522167122173	0.0351873447239948	4.02196210689539	5.77153444772293e-05	7.16357936933465e-05	TBRG4
TBX1	1411.95289991315	-4.53958242544457	0.0710715996951777	-63.8733677715796	0	0	TBX1
TBX10	1.95266219146893	2.5414471403722	0.0998844345594996	25.4438757307907	8.25201181299896e-143	4.16791427176752e-142	TBX10
TBX15	5753.02099822478	-5.73563915429092	0.0816082919117376	-70.2825536465611	0	0	TBX15
TBX18	752.59382980415	-0.120240536656414	0.0613087385304306	-1.96122999002389	0.0498521999276051	0.0555418364112657	TBX18
TBX19	269.413653743977	-1.06747965383711	0.0616251925757453	-17.3221309211332	3.20274975149866e-67	8.88605090578412e-67	TBX19
TBX2	1991.28341833995	1.43006488116296	0.0464373253489462	30.7955910556208	3.00197542857429e-208	2.37011226709499e-207	TBX2
TBX20	108.930833303331	9.99314214525795	0.123469988576658	80.9357987350391	0	0	TBX20
TBX21	22.7424526119581	0.706127554912705	0.0719718606276466	9.81116159502843	1.00801431039488e-22	1.72074590814778e-22	TBX21
TBX22	6.16939844736119	-0.0231651040920492	0.119744424138935	-0.193454553384228	0.846602994830081	0.855970597053263	TBX22
TBX3	2831.36473606482	-0.429830205271907	0.0475674283432543	-9.03622962692418	1.62168816762199e-19	2.6463610466289e-19	TBX3
TBX4	18.8694913763578	-2.60155000927795	0.0973714958317009	-26.7177780012185	2.92563747583701e-157	1.64063552032841e-156	TBX4
TBX5	686.984925336694	4.23604105609919	0.119146089838121	35.553336763754	7.37855868563005e-277	8.48699264536911e-276	TBX5
TBX6	131.660952554309	-0.565881504452575	0.0468665846725593	-12.0743064254883	1.44376418635498e-33	2.82798684641741e-33	TBX6
TBXA2R	174.057417864941	2.02229651010811	0.0558076518864837	36.2369037532987	1.59790816819519e-287	1.94088697271805e-286	TBXA2R
TBXAS1	171.122724065085	0.365145331032898	0.0591880214293961	6.16924374585609	6.86173823375725e-10	9.5109070567386e-10	TBXAS1
TC2N	1489.02605106491	-1.67404138256575	0.0647876567376883	-25.8388938087944	3.24341760701514e-147	1.69476807964817e-146	TC2N
TCAIM	1282.74021513884	0.250487488332321	0.0472628476698457	5.29988142234042	1.15877914671004e-07	1.53083688682867e-07	TCAIM
TCAP	125540.230627252	0.779725534969009	0.163687531996792	4.76349985522593	1.90263747366378e-06	2.45058508610631e-06	TCAP
TCEA1	2332.07940468292	-0.648820020720986	0.0146470322502805	-44.2970295711994	0	0	TCEA1
TCEA1P2	16.3633805921967	-0.707213280059995	0.0421459943139257	-16.7800829372371	3.41359048753653e-63	9.12504341641597e-63	TCEA1P2
TCEA2	1726.27365307589	0.470285130048919	0.0210439338130382	22.3477765244417	1.26907954128781e-110	5.11410360929525e-110	TCEA2
TCEA3	10164.7818924072	-1.6623577531755	0.0872013063476257	-19.0634501110403	5.08111243022918e-81	1.59959959525281e-80	TCEA3
TCEAL1	1259.04906988975	-0.423895017582899	0.0377318151657889	-11.2344189040564	2.76305809254918e-29	5.1435169311249e-29	TCEAL1
TCEAL2	86.8941101267354	-0.839785933724647	0.0762555701107012	-11.0127815254088	3.31605018207342e-28	6.09104278852077e-28	TCEAL2
TCEAL3	1177.1182583794	0.380802199827627	0.0307052534554776	12.4018582155587	2.55332831889897e-35	5.09448715013305e-35	TCEAL3
TCEAL4	4326.35434332267	0.0737836396767534	0.0257214929152199	2.86855976517188	0.00412345287320345	0.00481738546018532	TCEAL4
TCEAL5	25.580576938892	0.508990600334175	0.0981183721991666	5.18751574171039	2.13117915607208e-07	2.80208574891925e-07	TCEAL5
TCEAL6	8.8291231471462	-1.48905237088472	0.111986940718179	-13.2966608546973	2.42038409878645e-40	5.09285028197017e-40	TCEAL6
TCEAL7	167.043965838978	0.930340965126805	0.0717620825979096	12.9642414412581	1.95151376374019e-38	4.02258092993098e-38	TCEAL7
TCEAL8	1105.94837387874	0.89070728445191	0.0399856926040129	22.2756497748527	6.36480148788007e-110	2.54776054221323e-109	TCEAL8
TCEANC	193.444302383856	0.0175979724769832	0.0278105235121035	0.632781057477195	0.526876628406814	0.547213604197499	TCEANC
TCEANC2	725.151568444799	-0.431089088636988	0.0291915803808909	-14.7675830843055	2.37062742010046e-49	5.52552948196665e-49	TCEANC2
TCERG1	3954.73628016797	-0.604800468035157	0.0201553327743263	-30.0069701059734	7.95970843205703e-198	5.89640788006003e-197	TCERG1
TCERG1L	19.9201080850492	-3.97310131854458	0.16476405329572	-24.113884303475	1.787632723395e-128	8.18600271020945e-128	TCERG1L
TCF12	3140.59211685624	-0.461710532991513	0.0147214917480793	-31.3630263082374	6.46391630816201e-216	5.33992461969823e-215	TCF12
TCF15	423.930703418765	2.93946988400866	0.0926228074689087	31.7359186612365	4.96696014713096e-221	4.21945491309601e-220	TCF15
TCF19	605.760647061693	-0.487871116556903	0.0471813838541787	-10.3403307979423	4.62936746347456e-25	8.17313100333518e-25	TCF19
TCF20	1775.54366900562	-0.902939451818894	0.0319272771703108	-28.2811292363678	5.89797108443116e-176	3.78500454512818e-175	TCF20
TCF21	141.373000374969	4.8584626496813	0.0646286259441704	75.1750881084535	0	0	TCF21
TCF23	12.3349839330398	0.640660703840017	0.0853893960233769	7.50281338990412	6.24624465999579e-14	9.33410676777222e-14	TCF23
TCF25	5775.06306947023	-0.111197177415858	0.0124658970756785	-8.92011034110081	4.65823867251008e-19	7.54208979527379e-19	TCF25
TCF3	2461.4626591564	-0.246996426121381	0.024306256158913	-10.1618457612942	2.93467321926213e-24	5.12386543355359e-24	TCF3
TCF4	5234.09690355143	0.278604717042926	0.0365927186187313	7.61366543835614	2.66429914788054e-14	4.00067141816796e-14	TCF4
TCF7	251.046554354366	-0.743185561870854	0.0690944897173222	-10.7560757002672	5.54828495899552e-27	1.00255649013128e-26	TCF7
TCF7L1	2107.26965441664	-0.144724833277272	0.0390499270819896	-3.70614861772741	0.000210434846684747	0.000256781295768176	TCF7L1
TCF7L2	1850.02199778595	-0.791780360722396	0.0418985657831864	-18.8975528379573	1.19466530477386e-79	3.70778795710937e-79	TCF7L2
TCFL5	601.478746374458	-0.562657937953693	0.0232254172327832	-24.2259560857098	1.18541177940057e-129	5.4770527312602e-129	TCFL5
TCHH	564.928342188581	-5.86891549815011	0.150541852705819	-38.9852748100479	0	0	TCHH
TCHHL1	2.64133585394449	-2.99432693129188	0.272525476622714	-10.987328481723	4.39750088219354e-28	8.0610400591004e-28	TCHHL1
TCHP	1529.23511908373	-0.534909235002326	0.0382413912416615	-13.9877033139834	1.85299793329409e-44	4.09123215960099e-44	TCHP
TCIRG1	3132.00610582532	0.445205823405938	0.0478958903879166	9.29528232589777	1.46816038275089e-20	2.43041705443247e-20	TCIRG1
TCL1A	1.39502786481315	1.01555567506221	0.159208800126552	6.37876596177454	1.78520604285118e-10	2.50491027962929e-10	TCL1A
TCL6	1.51354192347719	0.130962122330993	0.136592756344759	0.958777945738539	0.33767062177785	0.357259249008057	TCL6
TCN1	65.7616717747628	-3.32726039438325	0.141987301524901	-23.4335067900401	1.94722425629902e-121	8.49333264784071e-121	TCN1
TCN2	1260.86244458774	0.963255279524947	0.0610799475850651	15.770401213646	4.97328512238893e-56	1.23720433234001e-55	TCN2
TCOF1	2958.05565253175	-0.431759241737556	0.0207338827398059	-20.8238489218734	2.63173611664294e-96	9.40144509539383e-96	TCOF1
TCP1	8371.28410973621	-0.203946984197961	0.0255365773580556	-7.98646511387809	1.38863038244661e-15	2.12991952236038e-15	TCP1
TCP10L	101.992053554599	1.31543229368955	0.041220308273623	31.9122381365425	1.80623365592366e-223	1.55569435599434e-222	TCP10L
TCP11	15.2386933554764	-1.0989458188301	0.090304300440091	-12.1693630699144	4.52600361723835e-34	8.91580117245651e-34	TCP11
TCP11L1	369.977346425585	-0.13772986713241	0.0253265537533039	-5.43816061490177	5.38334355009981e-08	7.16280340345529e-08	TCP11L1
TCP11L2	857.138157777592	0.47715127965165	0.0364258508849031	13.0992486945421	3.32533009638219e-39	6.90736984363903e-39	TCP11L2
TCTA	1335.22426339194	0.391706611969325	0.0243478652445774	16.0879242608985	3.10059659232346e-58	7.88442424896378e-58	TCTA
TCTE1	23.7871303465265	-2.562046517035	0.0849668603645458	-30.1534799101988	9.65672671343247e-200	7.24898822220592e-199	TCTE1
TCTN1	807.783025046236	0.122619551326288	0.0272279027558402	4.50345193406373	6.6858494739379e-06	8.49583343077483e-06	TCTN1
TCTN2	425.420819496412	-0.591338293878628	0.0505218595957269	-11.7046026929825	1.20723367419464e-31	2.31086913751359e-31	TCTN2
TCTN3	1509.85931277762	-0.190716897031586	0.0306181177561978	-6.22889031096568	4.69750523379567e-10	6.52971364583443e-10	TCTN3
TDG	925.673713972166	0.0212374806430779	0.0222042698113952	0.95645931271196	0.338840231016067	0.358454572080408	TDG
TDGF1	21.5518206135047	1.52451688563253	0.131493752389318	11.5938351285226	4.42849829459544e-31	8.42411474173228e-31	TDGF1
TDGF1P5	1.1648565239062	-0.990515131471991	0.136657256411729	-7.24817077029342	4.22437796284019e-13	6.22181539102326e-13	TDGF1P5
TDGF1P6	1.76804571807249	0.228749646608464	0.104339830575881	2.19235209934624	0.0283540925332627	0.0320021330297362	TDGF1P6
TDO2	5.67923363925677	-1.11106318947993	0.145060368269762	-7.65931592985991	1.86926049510644e-14	2.81389514738343e-14	TDO2
TDP1	381.161155865619	-1.19595651574153	0.0453426794662013	-26.3759559386649	2.58652922772275e-153	1.40410472340884e-152	TDP1
TDP2	1406.00205745644	-0.00760157621571849	0.0189801094023408	-0.400502233921844	0.688786638435511	0.704199936302473	TDP2
TDRD1	24.0724806832021	2.3123302727965	0.086542182029037	26.7191122130554	2.8230406101239e-157	1.58359470311126e-156	TDRD1
TDRD10	349.341247150738	1.42168022277876	0.0547059300625052	25.9876803329071	6.82454121183939e-149	3.6100078270444e-148	TDRD10
TDRD12	31.2704753602612	-2.24874945088582	0.10404841860045	-21.6125288700553	1.36939417734438e-103	5.20931204276759e-103	TDRD12
TDRD15	0.805363922835894	-0.969094705059869	0.199971350793406	-4.84616771960028	1.25869120043789e-06	1.62770835481914e-06	TDRD15
TDRD3	1040.46216174483	-0.161471348844491	0.0252898090046285	-6.3848386049471	1.71578330933878e-10	2.40768750790515e-10	TDRD3
TDRD5	52.8425806460012	-5.12380617370212	0.14221452486327	-36.0287121067859	2.97202026126003e-284	3.56424628400678e-283	TDRD5
TDRD6	206.685199885715	0.355285242876888	0.0373965003453317	9.50049442049565	2.08896090714505e-21	3.49831475388576e-21	TDRD6
TDRD7	749.59451497493	0.0957460164511962	0.019197771043148	4.98735067920135	6.12128968296461e-07	7.96799013544334e-07	TDRD7
TDRD9	70.9781449679805	2.038756328255	0.0669645730411056	30.4452972022016	1.38252863840343e-203	1.06127496886568e-202	TDRD9
TDRKH	346.793984123292	-0.310531050138654	0.0359132982948343	-8.64668701797628	5.30161200424463e-18	8.44476751512323e-18	TDRKH
TDRP	488.13111230879	0.114642540174265	0.0536875022341724	2.13536736490778	0.0327310142535047	0.0368106327363075	TDRP
TEAD1	9281.3971825172	-0.521192466993086	0.0521871033115728	-9.98699743653924	1.73765505157847e-23	3.00072223555872e-23	TEAD1
TEAD2	1490.78114020506	1.66247411257991	0.0417994073129013	39.7726718978331	0	0	TEAD2
TEAD3	4000.47628524844	-0.158480783866249	0.0366339260745786	-4.32606604991278	1.51795923288318e-05	1.91162614741361e-05	TEAD3
TEAD4	2622.46621491525	-1.55258057556197	0.0723902492448782	-21.4473715971052	4.83194727036699e-102	1.81624311576271e-101	TEAD4
TEC	276.075255279059	-1.12313972286073	0.0580825455141451	-19.3369576508523	2.62513117727884e-83	8.43387226881962e-83	TEC
TECPR1	1918.16793728642	0.482612079601926	0.0239214277417903	20.174886081687	1.62738154622427e-90	5.55345880826221e-90	TECPR1
TECPR2	2221.1732919752	-0.040574143024931	0.028553669771764	-1.42097822624025	0.155323089501371	0.168423538737059	TECPR2
TECR	7205.0042093231	-1.44278206392871	0.0359780090238702	-40.1017761425172	0	0	TECR
TECRL	7037.20838922431	4.54191257444972	0.172429881312895	26.3406350446178	6.57090567109534e-153	3.56166434764791e-152	TECRL
TECRP1	31.4908425859343	-1.13605562884028	0.0541731895549457	-20.9708093278877	1.2118500860607e-97	4.39808737886667e-97	TECRP1
TECTA	152.550295340595	0.583059229205742	0.0520641396092785	11.1988642006068	4.12994363115607e-29	7.67452413589764e-29	TECTA
TEDDM1	5.01554410250298	-1.53534178364368	0.0965952865939912	-15.8945828288395	6.90868376292515e-57	1.73231949319426e-56	TEDDM1
TEF	3537.20419112605	-0.791524693695595	0.038987999137414	-20.301752108536	1.24080937239167e-91	4.27316041944182e-91	TEF
TEFM	210.562007146087	0.417558480313214	0.021740934510431	19.2060962288845	3.29102654537961e-82	1.04759980271226e-81	TEFM
TEK	1440.90372019845	1.42434495177055	0.0558931743336114	25.4833433375785	3.01597777534658e-143	1.5293131249018e-142	TEK
TEKT1	2.87174800811965	-0.822473057856543	0.105417778196762	-7.80203369797263	6.09173740476619e-15	9.2381941889803e-15	TEKT1
TEKT2	15.6595958900176	-1.93570627757035	0.0973429649490716	-19.8854255012992	5.44187119325887e-88	1.81776068565324e-87	TEKT2
TEKT3	32.270309967193	-1.09836548988817	0.0638207110047449	-17.2101731960728	2.22764553686531e-66	6.1314751237175e-66	TEKT3
TEKT4P2	299.364842664259	1.23029010263693	0.0501035167631322	24.5549650427377	3.82786081546629e-133	1.80758978329509e-132	TEKT4P2
TEKT5	5.80094972408649	-0.569001892475753	0.09859378413814	-5.7711740902299	7.87210927374139e-09	1.06617891081648e-08	TEKT5
TELO2	2392.97100589972	-0.0752251649992378	0.0186636419421695	-4.03057266273794	5.56411243044735e-05	6.90851068150661e-05	TELO2
TEN1	833.053191674892	-0.66225805043667	0.0443629116133465	-14.9281917338679	2.16045650071511e-50	5.08304502279084e-50	TEN1
TENM1	522.0955186848	-1.34716714091713	0.0476462026235837	-28.2743863463804	7.13862425930438e-176	4.57629541637244e-175	TENM1
TENM2	2524.23564372176	4.88262498292831	0.109269298564424	44.6843262204118	0	0	TENM2
TENM3	488.718607223205	-1.13018733134161	0.0623731604028593	-18.1197701710461	2.22522579447157e-73	6.54300710981422e-73	TENM3
TENM4	444.904138250116	-1.28569202382177	0.0850800767885898	-15.1115522264573	1.35900309244911e-51	3.24061659387686e-51	TENM4
TEP1	2629.06914529303	-0.641024936552721	0.0238911986568503	-26.8310077597936	1.40525970303842e-158	7.95474211144481e-158	TEP1
TERC	0.029805313142011	0.531262090603543	0.763555644219894	0.695773902825799	0.486570435132073	0.507283354732564	TERC
TERF1	986.642309771212	-0.0237176063162217	0.0165276012369546	-1.43503016415901	0.151278502182633	0.164214214423782	TERF1
TERF2	1898.77184234219	-0.573615641124736	0.025310605010522	-22.6630553037462	1.03729112375207e-113	4.28263245840848e-113	TERF2
TERF2IP	3953.12970750452	0.202463488135902	0.0146861560246089	13.7860096131788	3.0940739619748e-43	6.73638429965025e-43	TERF2IP
TERT	3.72168993644184	-2.64557250894549	0.164447642062342	-16.0876281092712	3.11546130297647e-58	7.92110436650838e-58	TERT
TES	1419.53972971951	-0.0312134369897191	0.0560804600833908	-0.556583111895038	0.577812294957306	0.596843927326933	TES
TESC	710.328558266069	3.17269976954999	0.0456293165875944	69.5320466494249	0	0	TESC
TESK1	4204.26708850086	-0.750057794711756	0.0353379517968389	-21.2252764117147	5.5797183754251e-100	2.06455314441988e-99	TESK1
TESK2	761.921610219892	-2.14122275958748	0.0432086413346409	-49.5554290403211	0	0	TESK2
TESPA1	59.4750169040564	0.372655381787188	0.0596113678338701	6.25141471045816	4.06751210277447e-10	5.66099314690299e-10	TESPA1
TET1	119.744523281841	-0.269188029245563	0.0570103351126395	-4.72174086880403	2.33834487421112e-06	3.00446438834221e-06	TET1
TET2	1965.32666507906	-0.954885739364294	0.0346037832139425	-27.5948364796006	1.28335966980089e-167	7.73928221644417e-167	TET2
TET3	2524.05477413916	-2.41832028827955	0.0750871524701531	-32.2068450956484	1.41545140223056e-227	1.2380729199005e-226	TET3
TEX10	1674.53996671855	-0.728510847430534	0.0175145556292462	-41.5945949672881	0	0	TEX10
TEX11	1.78657744393395	0.16913498104154	0.156135876933465	1.08325507476808	0.27869522003384	0.296798950235411	TEX11
TEX12	12.5473925834612	-1.22772491581645	0.0675716208619404	-18.1692388040371	9.04443449481199e-74	2.66637512841649e-73	TEX12
TEX13B	0.358156256710673	-0.681264213719552	0.219224092717119	-3.10761561503478	0.00188603198103225	0.00223094110202139	TEX13B
TEX14	26.9957096665964	-0.0447555024247871	0.0576772705792817	-0.775964291917512	0.437770069805157	0.458365035887868	TEX14
TEX15	2.53658756725363	0.0602497575167299	0.154597840951024	0.389719268691579	0.696744146562686	0.711688780699933	TEX15
TEX2	4614.12941306583	-0.386055498333393	0.0438882765229738	-8.79632395980071	1.41371070574587e-18	2.27216128697602e-18	TEX2
TEX21P	31.339348804525	-0.171911941811968	0.0419559255016002	-4.09744129718723	4.17742058391975e-05	5.20291620640278e-05	TEX21P
TEX22	21.1527539159695	-0.127002174635196	0.0541011705833419	-2.34749402398885	0.0189001763422463	0.0215031016519262	TEX22
TEX261	5002.47277752782	0.00494097030024418	0.0279951697721212	0.176493671603471	0.859906119974206	0.868542815938485	TEX261
TEX264	2225.20525280401	-0.202757520146164	0.0323171049007012	-6.27400012374762	3.51888226601268e-10	4.9057775457322e-10	TEX264
TEX29	19.4551726322957	0.0126560574177939	0.0465475234314761	0.271895398182145	0.785702449711832	0.79766678682887	TEX29
TEX30	188.452352798654	0.323530809525144	0.0312779039962076	10.3437496823436	4.46709063225758e-25	7.8897270870554e-25	TEX30
TEX35	8.00164866000075	-0.334888802975663	0.152237200734263	-2.19978297919592	0.027822296152513	0.031413733490647	TEX35
TEX38	5.00923311647009	-0.656701892151133	0.0997209375238143	-6.58539629146894	4.53673675330961e-11	6.43848930119255e-11	TEX38
TEX41	84.2975679301401	-1.90621915401994	0.0813027648153145	-23.445932722584	1.45443326062572e-121	6.35158979246084e-121	TEX41
TEX9	75.7688347921719	-2.12190112934864	0.0716998777198875	-29.5942084816149	1.7740080878579e-192	1.26822555955243e-191	TEX9
TF	431.796396885376	-1.60188368316149	0.0957203193369405	-16.7350432411615	7.28042419973273e-63	1.94126671632927e-62	TF
TFAM	1226.41744616842	0.111917134794957	0.0231462447635146	4.83521780480661	1.32999928696986e-06	1.71831745960987e-06	TFAM
TFAP2A	2274.04579582133	-6.49443255608483	0.135349126520328	-47.9828183827212	0	0	TFAP2A
TFAP2B	513.182703172115	-7.61921314615583	0.167344806761777	-45.5300244662036	0	0	TFAP2B
TFAP2C	1680.25656470785	-6.64131796320421	0.133914478510485	-49.59372606364	0	0	TFAP2C
TFAP2E	178.86150737998	-1.38424395252466	0.0738791904477425	-18.7365879909552	2.49097556718767e-78	7.64275629537163e-78	TFAP2E
TFAP4	527.029969457049	-1.24514371547846	0.0353734056141167	-35.1999954163744	1.99986321414827e-271	2.23599613154553e-270	TFAP4
TFB1M	551.351390822303	-0.025291779520227	0.0369310776380836	-0.684837300662625	0.493446594653285	0.514124683125183	TFB1M
TFB2M	850.02412032163	-0.210181459416965	0.0412803668284571	-5.09155987616064	3.55129686730368e-07	4.64551231075747e-07	TFB2M
TFCP2	1874.31719410256	-0.174270661289834	0.0179397437626453	-9.71422243235749	2.62242896881205e-22	4.44923127875455e-22	TFCP2
TFCP2L1	4665.56492105757	-6.51814993087664	0.0978651562941107	-66.6033773173352	0	0	TFCP2L1
TFDP1	2874.41915093658	-0.303073120101785	0.0265121082451867	-11.4314982912311	2.91043080826511e-30	5.48306279221142e-30	TFDP1
TFDP2	2625.40387317119	0.0824688552218701	0.0278536139309246	2.96079551566946	0.00306845591066212	0.00360190902170387	TFDP2
TFE3	4219.5855632549	-0.236439674053169	0.0247265155605884	-9.56219138413622	1.15289251256186e-21	1.93864718529902e-21	TFE3
TFEB	3142.14582252526	-0.384052262972162	0.0571785063093224	-6.71672430361382	1.85855129051539e-11	2.6550100611513e-11	TFEB
TFEC	109.88966823801	0.130963783933461	0.0679477128995577	1.9274200461619	0.0539273033773023	0.0599706794399715	TFEC
TFF1	6.54921119943525	-1.34358572188594	0.210687049716642	-6.37716330307419	1.8039807638145e-10	2.53066222953747e-10	TFF1
TFF2	3.3802315915128	-0.367443351994247	0.164766503231296	-2.23008527090265	0.0257417824642528	0.0291029912158658	TFF2
TFF3	225.165585200338	-0.966258851541061	0.0938900720732482	-10.2913847034566	7.70601112858791e-25	1.3549121539921e-24	TFF3
TFG	4283.45003612956	0.332559759911487	0.0162062986498747	20.5204017953883	1.41537838180657e-93	4.95299888236781e-93	TFG
TFIP11	1744.26347484512	-0.819547604880175	0.0394260703621804	-20.7869462351067	5.68132468300604e-96	2.02473818291015e-95	TFIP11
TFPI	2315.55195758537	0.0679033652547651	0.0459648231024887	1.47728982016007	0.139597965597918	0.151800349083492	TFPI
TFPI2	198.093029089721	0.337087398758061	0.101254997938272	3.32909392742825	0.000871290152626761	0.00104296409345886	TFPI2
TFPT	445.295710238056	-0.0498902174117445	0.0224196337832774	-2.22529136265183	0.0260616849124431	0.0294554147114264	TFPT
TFR2	54.9926015788027	-1.03466872888549	0.0879210209352783	-11.7681609912963	5.69525044934522e-32	1.09530131772076e-31	TFR2
TFRC	4465.52962133088	0.412454750334727	0.0574187148230639	7.18328077536581	6.80581279962452e-13	9.9903315833027e-13	TFRC
TG	469.242499586675	-0.415210671789268	0.0926313853167452	-4.48239730378089	7.38091647449473e-06	9.37112974025812e-06	TG
TGDS	372.333356384679	-0.0534620394901861	0.0269977583548243	-1.98023994390752	0.047676573481631	0.0531705593979828	TGDS
TGFA	612.566590209339	-2.99673487456547	0.113117625672404	-26.4922009877064	1.19206393244695e-154	6.55216575510762e-154	TGFA
TGFB1	2133.1896731564	0.32870533331414	0.0495880495912845	6.62872075073332	3.38608455632974e-11	4.81346506345191e-11	TGFB1
TGFB1I1	2041.57638466941	0.255314230207211	0.0492662071937625	5.18233987859198	2.19119455050725e-07	2.87994254553746e-07	TGFB1I1
TGFB2	395.939947850818	-0.568222755598002	0.0672120490670687	-8.45417991989786	2.81055656818316e-17	4.42941943476319e-17	TGFB2
TGFB3	2354.47977989204	0.173378146869559	0.0661684053251966	2.62025578548343	0.00878638366832839	0.010137398565157	TGFB3
TGFBI	8593.74165719468	-0.65556258024339	0.0634529696997608	-10.3314720074616	5.07753330381222e-25	8.95821591707575e-25	TGFBI
TGFBR1	1564.57960680392	-0.0845252841446313	0.0273902474999917	-3.08596277359877	0.00202894222364751	0.00239715075924645	TGFBR1
TGFBR2	11483.018615175	0.43703071245632	0.054166531043666	8.06827950831871	7.12956811490737e-16	1.10002019059268e-15	TGFBR2
TGFBR3	5791.86978071944	-1.23695637813147	0.0493447499674398	-25.0676389878898	1.12134228990193e-138	5.50758050764655e-138	TGFBR3
TGFBRAP1	2066.72486199752	-0.996413446412501	0.0183404261643694	-54.3288055295176	0	0	TGFBRAP1
TGIF1	1938.19479188756	-0.892279945761223	0.041730016849661	-21.3822090936556	1.95645772058112e-101	7.31426696327741e-101	TGIF1
TGIF1P1	1.85519543242516	-2.57483940013662	0.156578154094994	-16.4444357836439	9.19365571476276e-61	2.39986943911607e-60	TGIF1P1
TGIF2	608.765888294402	0.421050678760594	0.0473359094676695	8.89495276409917	5.84441524663659e-19	9.45071135956749e-19	TGIF2
TGM1	2094.13449346294	-4.8753992858078	0.122471955982478	-39.8082911854966	0	0	TGM1
TGM2	18390.3530169546	3.39201994266688	0.0885239328149915	38.3175468464099	0	0	TGM2
TGM3	2446.59739684738	-6.85722189555607	0.158684193344751	-43.2130116492342	0	0	TGM3
TGM4	11.1319424796907	-1.74132643394617	0.0968294756254256	-17.983433481374	2.62708776421555e-72	7.65957350885068e-72	TGM4
TGM5	1368.54834646021	-8.63124973369889	0.144306539722135	-59.8119097742799	0	0	TGM5
TGM6	4.9734067463481	-4.25638747448996	0.286591076034782	-14.8517795228676	6.77461663649554e-50	1.58664941547692e-49	TGM6
TGOLN2	8937.79063303407	0.29788836345284	0.0173896211489721	17.1302388304444	8.82915311338844e-66	2.41687325416827e-65	TGOLN2
TGS1	1008.39897605871	-0.718578126541194	0.0207768125362777	-34.5855806941757	4.16216726627701e-262	4.42285554665009e-261	TGS1
THADA	1818.87660895406	-0.514520209855143	0.0206419415583714	-24.9259600120551	3.89273580134632e-137	1.89080240582933e-136	THADA
THAP1	353.637455580531	0.300626102201387	0.0446407219983127	6.73434677451564	1.64668027910496e-11	2.35570942574651e-11	THAP1
THAP10	109.760182024581	1.1502611295849	0.0368255827665971	31.2353815790324	3.52652699100373e-214	2.88287976226422e-213	THAP10
THAP11	1619.35173962839	-0.190742919359683	0.0328392427614569	-5.80838360814935	6.30788575442015e-09	8.5638623927383e-09	THAP11
THAP2	233.368679850804	0.820750135042427	0.0409670622296603	20.034390809898	2.76198032303272e-89	9.32453259469466e-89	THAP2
THAP3	798.618529363342	-0.153080630830204	0.020846241206515	-7.34332052064916	2.08358743926351e-13	3.08341478906465e-13	THAP3
THAP4	3827.05862210342	0.132767860684893	0.0346631092554332	3.8302351848048	0.000128020841741337	0.000157132358665336	THAP4
THAP5	948.644619141306	0.137377813190773	0.035004840334156	3.92453763192076	8.68964753756848e-05	0.000107263488530323	THAP5
THAP5P1	0.704903781460526	-0.544164158820802	0.129915160236285	-4.18861168959107	2.80666170052136e-05	3.51193641534027e-05	THAP5P1
THAP6	718.919994119182	-0.137570024973816	0.0240297384101063	-5.72499053572544	1.03439507255912e-08	1.39686014262091e-08	THAP6
THAP7	1224.85356118564	-0.279334269924361	0.0243402316638354	-11.4762371115553	1.73675768624162e-30	3.28224410604046e-30	THAP7
THAP7-AS1	91.3938915409337	-0.876688918553836	0.0439053656980791	-19.967694258203	1.05198788170614e-88	3.5329913915284e-88	THAP7-AS1
THAP8	285.053222722729	-0.01442296835832	0.0352964560063376	-0.408623697396992	0.682815837244899	0.698611338311097	THAP8
THAP9	352.148935441005	-0.292566567357814	0.0471279915430052	-6.20791503688081	5.36921638179331e-10	7.45363338387147e-10	THAP9
THBD	6737.75206105641	-0.587580101174439	0.0722501943366764	-8.13257468120284	4.20267118744684e-16	6.50884315970322e-16	THBD
THBS1	12201.662366597	0.554200549655532	0.0819687554634559	6.76111948415041	1.36929536414321e-11	1.96263124850243e-11	THBS1
THBS2	2213.82286007353	-0.500727921878957	0.0860941137054491	-5.81605292543089	6.02533962336397e-09	8.18273395399282e-09	THBS2
THBS3	929.266758828723	-0.358760406786782	0.0453888829947906	-7.90414707557262	2.69774355158608e-15	4.11717521594752e-15	THBS3
THBS4	5148.2582901977	1.6385787777902	0.102472000965474	15.9905024040887	1.48825912206444e-57	3.75896624895214e-57	THBS4
THEGL	4.37341461031529	-2.16058249295938	0.135088614589138	-15.993816351812	1.41114897536219e-57	3.56520599375365e-57	THEGL
THEM4	1123.17193786759	0.414777211526803	0.0363743972562504	11.4029988897075	4.03959779308934e-30	7.59365078043037e-30	THEM4
THEM5	1643.52705762904	-7.41155535790408	0.147949113969981	-50.0953007356832	0	0	THEM5
THEM6	1126.60565112378	0.187745957732555	0.030402943351504	6.17525597972301	6.60563576434776e-10	9.15733919091445e-10	THEM6
THEMIS	10.2551079344785	-0.868764916243249	0.100316967543007	-8.66019914199262	4.70940805077705e-18	7.50744370545853e-18	THEMIS
THEMIS2	556.075280243217	0.0798039017968983	0.0571655475219483	1.39601394994526	0.162710294385274	0.176156132148272	THEMIS2
THG1L	497.173175087718	-0.360161714443914	0.0195101805402562	-18.4601938306402	4.31789329674306e-76	1.29955521208279e-75	THG1L
THNSL1	247.038313574694	0.560860318535843	0.0449428948281522	12.4793990391674	9.67138382824231e-36	1.93761358143784e-35	THNSL1
THNSL2	2186.57017062556	-0.708839660881785	0.0642881537291004	-11.0259763232386	2.86393751640569e-28	5.26703506669583e-28	THNSL2
THOC1	1160.94337789552	-0.0705298283207955	0.0209177377662804	-3.37177132196821	0.000746864330862159	0.000895928616543365	THOC1
THOC2	3131.71479976607	-0.495104656596138	0.0138731370312584	-35.6880102517971	6.06669103266348e-279	7.0638101732843e-278	THOC2
THOC3	288.596929040965	-0.87196085243918	0.0336416468798397	-25.9190893820872	4.05821179596789e-148	2.13368494177989e-147	THOC3
THOC5	1981.53848964387	0.19093779871961	0.0294027619409406	6.49387289204785	8.36573387409207e-11	1.18036977165333e-10	THOC5
THOC6	944.653140938223	-0.371590688465778	0.0286256635314624	-12.981033192728	1.56751663504693e-38	3.23365424564287e-38	THOC6
THOC7	2136.51772652127	0.179655025349075	0.0313710545292976	5.72677673877026	1.02356730325425e-08	1.38254933787647e-08	THOC7
THOP1	2151.96181276266	0.383613727891675	0.030437994312146	12.6031210847095	2.02951615082825e-36	4.0938279057664e-36	THOP1
THPO	74.375174388404	-0.112578984762814	0.0494167316968602	-2.27815520972561	0.0227173318193972	0.025754798468382	THPO
THRA	6097.49848021736	-0.0772811077505504	0.0274847898920562	-2.81177727950857	0.00492686051999198	0.00573849344680528	THRA
THRAP3	10649.9016602449	-0.620002259599729	0.039296563015772	-15.7775187451097	4.44313981246243e-56	1.10577851187801e-55	THRAP3
THRAP3P1	1.07768929421536	-0.459409904592363	0.133801308989315	-3.43352324474681	0.000595791116067976	0.00071699664930737	THRAP3P1
THRB	2092.48658882045	-1.01855913337419	0.0404905326951395	-25.1554885939166	1.2307000829456e-139	6.07953682576941e-139	THRB
THRSP	893.45409000529	-4.1292301335767	0.124903213351873	-33.0594387667512	1.13835026638171e-239	1.06726266380923e-238	THRSP
THSD1	703.246499430026	0.554130553225208	0.0345230916811629	16.0510118370297	5.62396626647384e-58	1.42627524320647e-57	THSD1
THSD4	2197.60893489936	2.62054022377769	0.0708774152104921	36.9728525792764	3.12777972132188e-299	4.03029082058091e-298	THSD4
THSD7A	332.9468312605	-0.733455458014321	0.0691356348631547	-10.6089350226711	2.7081820264838e-26	4.85460910762148e-26	THSD7A
THSD7B	54.4130263491276	-0.575149658741854	0.09573932084645	-6.00745496893903	1.88458125214359e-09	2.58806432101288e-09	THSD7B
THTPA	284.800291927791	-0.18432187300987	0.0413269101569962	-4.46009324940221	8.19240004521175e-06	1.03875039243401e-05	THTPA
THUMPD1	2157.26001490065	-0.423092223207024	0.0156060210283747	-27.1108325714648	7.33812255451164e-162	4.24601556103388e-161	THUMPD1
THUMPD2	740.3552232276	-0.660256016656209	0.0197801994501128	-33.379644038546	2.70692015412344e-244	2.60434365015372e-243	THUMPD2
THUMPD3	1280.08781134736	0.0628659466760802	0.0268145645538796	2.34447016843257	0.0190541347267944	0.0216727839768119	THUMPD3
THY1	1059.4126004599	-0.95275393683208	0.0940751818227955	-10.1275800734218	4.16837680643209e-24	7.25887113210642e-24	THY1
THYN1	1259.58881550885	0.550995450835264	0.0214514196690504	25.6857335941372	1.68732808576333e-145	8.70802547930781e-145	THYN1
TIA1	3464.9583716772	0.173644967342671	0.0240636335834444	7.21607427824771	5.35098366319452e-13	7.86760246027645e-13	TIA1
TIAF1	562.905280695964	0.437790235603369	0.0501417617342877	8.73105013587908	2.52318791458142e-18	4.04019797637254e-18	TIAF1
TIAL1	4638.37278542793	-0.29787263704965	0.0176046596563228	-16.920101999397	3.19876055142399e-64	8.62376646490688e-64	TIAL1
TIAM1	1335.09458070778	-2.61763183174787	0.0898511184017267	-29.1329910891523	1.37218590404205e-186	9.4349573944465e-186	TIAM1
TIAM2	428.336025140504	-0.315691996182945	0.0371081995871472	-8.50733799255214	1.77972154827392e-17	2.81345109251593e-17	TIAM2
TICAM1	1530.29466208119	-0.747744967224978	0.0328765142010592	-22.7440464841278	1.64354698770871e-114	6.82794584023643e-114	TICAM1
TICAM2	244.132886965515	0.210127923457995	0.034887342653257	6.0230418105054	1.71169202485989e-09	2.35279231364561e-09	TICAM2
TICRR	102.32743024195	-0.829648291036546	0.0598659545039865	-13.8584325249721	1.13117511270239e-43	2.47595856076795e-43	TICRR
TIE1	3415.09072136034	0.95335923857565	0.0530773757158375	17.9616875498835	3.88805317032143e-72	1.13159005851182e-71	TIE1
TIFA	458.972319202675	0.140442776043686	0.0470288834074937	2.98630896308517	0.00282367200435615	0.00331911451942112	TIFA
TIFAB	5.60091305016539	-0.869527112939644	0.122585879004051	-7.09320779851738	1.31038467222303e-12	1.91292145687184e-12	TIFAB
TIGD1	300.55876706217	-0.609064961544797	0.0345660195590892	-17.6203383934221	1.71973182613899e-69	4.88664445182761e-69	TIGD1
TIGD2	256.072713764655	-0.99231691521773	0.0365940094634457	-27.116922407996	6.21981367313614e-162	3.60240881371054e-161	TIGD2
TIGD3	16.2192288159811	1.56269057559125	0.0536831348692658	29.109525354599	2.71980622991817e-186	1.86653572034911e-185	TIGD3
TIGD4	14.3087003465999	0.0694426363182898	0.0652526581403662	1.0642116091104	0.287232849126712	0.305565777266706	TIGD4
TIGD5	621.488440326152	0.0236473175493427	0.0313798055105415	0.753583942430709	0.451099089328849	0.471695306825943	TIGD5
TIGD6	205.529361843548	-0.268003271807375	0.0336425099915182	-7.96620917627557	1.63615900274538e-15	2.50595577371051e-15	TIGD6
TIGIT	19.3036098872	-0.447885423451757	0.0824936302591794	-5.42933341695092	5.6564922449063e-08	7.5229048319585e-08	TIGIT
TIMD4	7.74119080402695	-0.732431810988904	0.108484598257438	-6.75148198687909	1.46342557952017e-11	2.09621420044104e-11	TIMD4
TIMELESS	651.522279262552	-0.590782710231615	0.029365583213745	-20.118201158528	5.11295503758818e-90	1.73755528849584e-89	TIMELESS
TIMM10	932.169132628707	0.238096348747982	0.0341061592205037	6.98103668632512	2.93009779402789e-12	4.25223237587037e-12	TIMM10
TIMM10B	1261.83738272078	-0.0267973494378319	0.0221010347054002	-1.21249298030758	0.225323728057646	0.2414748126907	TIMM10B
TIMM13	2172.91769718381	0.284841315954524	0.0281781913779213	10.1085734046689	5.06159221324631e-24	8.80836440744846e-24	TIMM13
TIMM17A	2991.39677341793	0.548789655846746	0.0435087940045178	12.6133042389031	1.78355441753338e-36	3.60010799170423e-36	TIMM17A
TIMM17B	1803.8220615145	0.330033374048379	0.0371088729288864	8.89365124833723	5.91330837187993e-19	9.56125608571011e-19	TIMM17B
TIMM21	1823.82755699941	1.12726581471377	0.0512133159612665	22.0111858323398	2.25028861427521e-107	8.81746742393732e-107	TIMM21
TIMM22	1222.3278514371	0.64045820654829	0.022170659677155	28.8876477233661	1.70672498789762e-183	1.14637151146064e-182	TIMM22
TIMM23	2631.14283241912	0.335677973225417	0.041911174714157	8.0092714058914	1.15390004838435e-15	1.77305631847774e-15	TIMM23
TIMM23B	670.805161142941	-0.385979142035575	0.036941644764717	-10.4483475084527	1.49100439173067e-25	2.64820622156328e-25	TIMM23B
TIMM44	3116.79595225952	0.366643430846492	0.039481152505901	9.2865432636925	1.59380464507227e-20	2.63744046846349e-20	TIMM44
TIMM50	3010.40038622417	0.447584213993923	0.0329029750931517	13.6031532931829	3.8353405659138e-42	8.25836908217875e-42	TIMM50
TIMM8A	305.599516971615	0.573702397310011	0.0302491213869737	18.965919372358	3.26272465683468e-80	1.01789092803607e-79	TIMM8A
TIMM8B	2236.51937172225	1.23719081667979	0.0468008666792243	26.4352116630566	5.39775074047146e-154	2.9488592133301e-153	TIMM8B
TIMM9	909.921893954302	-0.477531906891744	0.0251778028863742	-18.9663851546863	3.23394937850021e-80	1.00908862475962e-79	TIMM9
TIMM9P2	0.958176160071334	-0.693954026485282	0.115427569169114	-6.01203015432614	1.83214230907854e-09	2.51739513821256e-09	TIMM9P2
TIMMDC1	3938.3842383297	0.867447670255541	0.0445533252375278	19.4698749337093	1.97753729062397e-84	6.40360654227776e-84	TIMMDC1
TIMP1	4712.88006695745	1.64445407136897	0.0607373614911821	27.0748355047941	1.94855008156248e-161	1.12458640648304e-160	TIMP1
TIMP2	18957.3382867937	-0.335775740655424	0.0592012112020227	-5.67177146949913	1.41328426454711e-08	1.90266472560859e-08	TIMP2
TIMP3	43497.7035954125	0.0685213952047504	0.0553549042979101	1.23785590588289	0.215769494573829	0.231552800275634	TIMP3
TIMP4	1884.16481637307	-0.325040569750647	0.0919605480711492	-3.53456538231118	0.000408446371399301	0.000494215442062164	TIMP4
TINAGL1	9795.37729865812	1.69438061338061	0.0489105235393254	34.6424550540393	5.8027417958585e-263	6.21017568770802e-262	TINAGL1
TINF2	2672.56490961198	-0.276238768641509	0.018373151576458	-15.0349148044618	4.33605832552097e-51	1.02850686411521e-50	TINF2
TIPARP	2688.11677803834	-0.424514211555191	0.0464252320218377	-9.14404070948974	6.01614211165106e-20	9.86667038555309e-20	TIPARP
TIPIN	156.841238536377	-0.465040277107102	0.0258019510468691	-18.02345397301	1.27527242570567e-72	3.7278627695888e-72	TIPIN
TIPRL	1666.68604653404	0.0721693087323654	0.0261212524329765	2.76285790344632	0.00572977049471715	0.00665687354301042	TIPRL
TIRAP	188.864736792848	-0.237082799849523	0.0215185471134684	-11.0176025639358	3.14319238734566e-28	5.77824817857528e-28	TIRAP
TJAP1	2986.82260289291	-0.151863083107995	0.0280258323929158	-5.4186823420232	6.00398847121408e-08	7.9791654832281e-08	TJAP1
TJP1	5924.91626602335	0.622998180653925	0.0190158889783953	32.7619803292782	2.04997939406516e-235	1.88081952459566e-234	TJP1
TJP2	5706.44847676885	0.499875028564665	0.0440534559091767	11.3470105409037	7.67418136295651e-30	1.43779078595525e-29	TJP2
TJP3	424.902577913289	-6.12823988079779	0.09887878922178	-61.977294918655	0	0	TJP3
TK1	254.105937867884	-0.810552402160273	0.0533736300646294	-15.1863832604	4.35282925042875e-52	1.04292931368252e-51	TK1
TK2	1461.81265753591	0.0230661070571383	0.0310067853450346	0.743905142066979	0.456933864312512	0.47743594680111	TK2
TKT	4522.54643618773	-0.613586661959788	0.053531808091733	-11.4620948522481	2.04507587359371e-30	3.8600619482605e-30	TKT
TKTL1	85.2642906247367	4.14572233284627	0.0666755470945365	62.1775525436367	0	0	TKTL1
TLCD1	182.460919702194	-2.04362838418888	0.0973913384280807	-20.9836769590965	9.24603860400663e-98	3.35966776162138e-97	TLCD1
TLCD2	580.893545403414	-0.329649449725966	0.0521021403281084	-6.32698479659432	2.49997975872164e-10	3.49558300735965e-10	TLCD2
TLDC2	22.9258709922672	-0.639623444395149	0.0624799694110754	-10.2372560426025	1.35011171247054e-24	2.36805621515952e-24	TLDC2
TLE1	3734.49114848898	-1.32496028181659	0.0350896456908813	-37.7592949637819	0	0	TLE1
TLE1P1	21.644398113341	-1.45994841091682	0.0624184830167145	-23.3896810745285	5.44283439228854e-121	2.36829736271661e-120	TLE1P1
TLE2	3708.39997906919	0.418932911555461	0.034798087294399	12.038963751404	2.21723256178429e-33	4.33218314823391e-33	TLE2
TLE3	3210.06763855554	-1.4776992323407	0.0500912586573247	-29.5001417802189	2.86691922268728e-191	2.02939099204065e-190	TLE3
TLE4	2061.3045425181	-1.23332676130028	0.0330460136364448	-37.3214988914763	7.35393889198168e-305	9.75521400107312e-304	TLE4
TLE6	61.7278915999709	-0.262388831741239	0.0587506579082246	-4.46614286687855	7.96424356777899e-06	1.01003486306601e-05	TLE6
TLK1	1917.80109415551	-0.508426720308873	0.0183167478235914	-27.7574777578166	1.41553088032059e-169	8.66994602812212e-169	TLK1
TLK1P1	0.504156046063448	-0.275313578902733	0.171257053630677	-1.6076043179889	0.107921865929182	0.118090177411173	TLK1P1
TLK2	2170.27428364321	-0.450899283914016	0.0247193676956271	-18.2407288675826	2.45167272672688e-74	7.26222819710558e-74	TLK2
TLK2P1	12.8888876741946	-0.395229078587214	0.0533063002110589	-7.41430331916414	1.22265806229176e-13	1.81712910991695e-13	TLK2P1
TLL1	286.84100276535	-1.91062628088689	0.0688381535748161	-27.7553388879082	1.50222726107189e-169	9.19469327662535e-169	TLL1
TLL2	255.024419472769	4.45484471548095	0.0830586470690915	53.6349299281896	0	0	TLL2
TLN1	24032.0192816525	0.351268266255395	0.0244616032014973	14.3599854581033	9.22465026024632e-47	2.09266451587516e-46	TLN1
TLN2	3339.17765000165	0.387071309521473	0.0520566574510725	7.43557747412571	1.04112125918942e-13	1.54937365961216e-13	TLN2
TLR1	123.226942134388	-0.281484740080649	0.0549391906631646	-5.12356910764209	2.99805690030368e-07	3.93009192123264e-07	TLR1
TLR10	10.8681479827736	-0.035424169515928	0.0805301655181252	-0.439886957738278	0.660018982449486	0.676556101763749	TLR10
TLR2	599.913765428471	-0.0326715600941788	0.0607671081157346	-0.537652047419369	0.590817290516825	0.609682529614387	TLR2
TLR3	190.815667497833	-0.00650339666516799	0.0562044333440756	-0.115709674099107	0.907882638934499	0.913515672636105	TLR3
TLR4	1342.86455619244	0.35185066464266	0.0585522210529042	6.00917707843651	1.86467372133621e-09	2.56170279003077e-09	TLR4
TLR5	291.725668893112	0.288574463035709	0.0578154300212611	4.99130531295172	5.99726123796882e-07	7.81049772425674e-07	TLR5
TLR6	95.8326742038428	-0.00619704829193078	0.0521637700104923	-0.118799854586513	0.905433923892233	0.911153626117178	TLR6
TLR7	19.0428470122547	0.350958746995474	0.0856473010887	4.09772103188642	4.17237690966161e-05	5.19699396282997e-05	TLR7
TLR8	32.9049536475643	0.912190608377747	0.0688300942156418	13.2527874438162	4.34750544971401e-40	9.12548898022527e-40	TLR8
TLR9	126.699913188889	-0.589308858990784	0.0657555622233156	-8.96211421612371	3.1851168982593e-19	5.17700128989306e-19	TLR9
TM2D1	1048.69842672735	0.230043287199299	0.0160492650221975	14.3335714676734	1.34995801653408e-46	3.05629408321343e-46	TM2D1
TM2D2	1171.39591614374	0.337418406965878	0.0155996240659304	21.629906306704	9.39738886756355e-104	3.57939900560752e-103	TM2D2
TM2D3	2039.25153802216	0.366561328561323	0.0210168536677085	17.4413037439818	4.00825073913431e-68	1.12422127695788e-67	TM2D3
TM4SF1	6862.37848996647	1.05141997786459	0.0607902753056956	17.2958581381204	5.05447048966728e-67	1.40020811456603e-66	TM4SF1
TM4SF18	559.888029744636	0.976079013519832	0.0666017927683313	14.6554465420329	1.24336510812579e-48	2.87499233286735e-48	TM4SF18
TM4SF19	18.2559006693496	-2.4608162860946	0.109703928659788	-22.431432640175	1.94279562978189e-111	7.88551615145518e-111	TM4SF19
TM4SF4	4.50433062889867	-2.17412943120364	0.149963242548857	-14.4977488766644	1.25188569461652e-47	2.86670835628953e-47	TM4SF4
TM6SF1	326.016657064972	-1.63674615713009	0.0785791962248956	-20.8292555251606	2.35086753787736e-96	8.40642958866316e-96	TM6SF1
TM6SF2	22.1745820819577	1.35303574199436	0.0604924240505267	22.3670279912114	8.24499629587824e-111	3.33074906467918e-110	TM6SF2
TM7SF2	2379.0197723292	0.667616968189811	0.0729489813025774	9.1518340115083	5.59750460036549e-20	9.18678704514762e-20	TM7SF2
TM7SF3	1481.42793026437	-0.369787351122011	0.0342198543173012	-10.8062222501938	3.21644562625742e-27	5.83073894443704e-27	TM7SF3
TM9SF1	1006.68621607288	-0.178055056161647	0.0194214594216463	-9.16795449281194	4.82079444771145e-20	7.9214167825882e-20	TM9SF1
TM9SF2	5157.83375815802	-0.116296059341066	0.0174719677354873	-6.65615121900993	2.81091052870586e-11	4.00373480196505e-11	TM9SF2
TM9SF3	6654.29034300854	-0.15577586507749	0.0199883422456069	-7.79333589366207	6.52628265130712e-15	9.89302012683617e-15	TM9SF3
TM9SF4	3963.7403607481	-0.206688812131313	0.0183681038788325	-11.2525938166924	2.24879937216842e-29	4.19314662299603e-29	TM9SF4
TMA16	537.182011609117	-0.39690474668584	0.0217129659930259	-18.2796190448289	1.20263134158172e-74	3.57237075574464e-74	TMA16
TMA16P2	0.120171948131242	0.692835069817301	0.389240214652252	1.77996785464801	0.0750812216128657	0.0829265597161121	TMA16P2
TMA7	1118.38812931314	0.169422873566806	0.025734597749249	6.58346694273664	4.59602813022742e-11	6.52160668234462e-11	TMA7
TMBIM1	13800.7661241879	-0.629225006656402	0.0248853857716332	-25.2849207334231	4.68015972019677e-141	2.33761251729362e-140	TMBIM1
TMBIM4	2544.86548903237	0.0450382900459516	0.0204415382761071	2.20327303344848	0.0275755104451449	0.0311429050456775	TMBIM4
TMBIM6	20669.7322858964	-0.209903519861896	0.0143046933230134	-14.6737518324985	9.49466374769403e-49	2.19965819977143e-48	TMBIM6
TMC1	37.8714581533464	-1.84780996792037	0.0831899214213884	-22.2119451052311	2.6328954912628e-109	1.0480926965551e-108	TMC1
TMC2	120.40477296524	-2.33581605973749	0.0724984478584892	-32.2188423164149	9.61377788954001e-228	8.41719921155689e-227	TMC2
TMC3	5.60904539597652	-0.0712525218050154	0.116674535612072	-0.610694710985791	0.541401708144959	0.561554142801349	TMC3
TMC4	574.866522243328	0.0980470862235708	0.0755928442594982	1.29704189839703	0.194616771002325	0.20950224224452	TMC4
TMC5	196.316578578719	-4.76515353212808	0.126191050105552	-37.7614222889999	0	0	TMC5
TMC6	2273.50185360459	1.2097468343641	0.0576769721928729	20.9745204779245	1.12090828605074e-97	4.06885865238948e-97	TMC6
TMC7	126.652948139953	0.767500210236365	0.0506734701941995	15.1459966585083	8.05245636505955e-52	1.92499690607486e-51	TMC7
TMC8	341.678624028653	-0.140931625018325	0.0541200439860822	-2.60405599549343	0.00921277036869702	0.0106218586695007	TMC8
TMCC1	2436.90683580415	-0.673759328197686	0.0339661868178904	-19.8361780146251	1.45077756651456e-87	4.8317200693485e-87	TMCC1
TMCC2	545.030346410389	-1.05130808819885	0.0652214861474952	-16.1190452762969	1.87483340596336e-58	4.77758722264248e-58	TMCC2
TMCC3	1915.34748628674	-2.49586871377989	0.0482763874099614	-51.6995750445255	0	0	TMCC3
TMCO1	2020.40603989024	0.0588252857180998	0.0146566963487396	4.01354331961435	5.98140190731486e-05	7.4209949502774e-05	TMCO1
TMCO2	1.70958129665381	-0.584399723652685	0.158283459047816	-3.69210862062436	0.000222402434975569	0.00027110897487609	TMCO2
TMCO3	1951.46309573579	0.246011718834997	0.025581871714859	9.61664265918837	6.80149278184582e-22	1.14777980281247e-21	TMCO3
TMCO4	721.740921529758	-0.224445699923813	0.0436186342065182	-5.14563795971111	2.66613177031802e-07	3.49828981685944e-07	TMCO4
TMCO6	530.049184490927	-0.375411053316885	0.0336263082624932	-11.1642066201962	6.10336678949826e-29	1.13171307764481e-28	TMCO6
TMED1	1181.24487789329	0.352119420570381	0.0314817866072001	11.1848614236477	4.83660413937288e-29	8.98026932571957e-29	TMED1
TMED10	10481.6755295567	0.0252359010286136	0.0196118667557802	1.28676690204291	0.198175546435408	0.213231202114989	TMED10
TMED2	6129.5519309913	-0.141094799386414	0.0160274197674772	-8.80333836845795	1.32805385794826e-18	2.1360165740642e-18	TMED2
TMED3	2590.6165543545	-0.775376943404387	0.0813431341751637	-9.53217442709665	1.54022725950673e-21	2.58441749612048e-21	TMED3
TMED4	4192.28447434924	0.0169823385849983	0.0198150418395943	0.857042782067929	0.391421241202119	0.411900722721813	TMED4
TMED5	3351.3841790382	-0.109022068561387	0.0510897301647887	-2.13393314487548	0.0328482538349498	0.0369401772526351	TMED5
TMED6	14.3627635115517	-0.367967006756639	0.0434786812381695	-8.46315932953376	2.60229799269392e-17	4.10407974123736e-17	TMED6
TMED7	2706.92330879467	0.527146835796933	0.0220822465845672	23.8719748816384	5.98876771832589e-126	2.69846827778684e-125	TMED7
TMED8	878.816709144919	-0.142863107524466	0.0229339326420601	-6.22933317866556	4.68424646509729e-10	6.51178628606196e-10	TMED8
TMED9	3891.3235880682	0.455291677198335	0.0231614624202997	19.6572940402631	5.00732724273989e-86	1.64423381423861e-85	TMED9
TMEFF1	83.8791456682778	0.181499509801292	0.0528292713528756	3.43558608993407	0.000591273569066134	0.00071184560705989	TMEFF1
TMEFF2	27.8277660475342	0.312676863063634	0.078060557870901	4.0055678769392	6.18686638821722e-05	7.67168022692692e-05	TMEFF2
TMEM100	738.245829537526	-0.254573534662531	0.0713544165326457	-3.5677333938546	0.00036008260203307	0.000436311720462931	TMEM100
TMEM101	1504.49822185672	-0.416663557341128	0.0281091595577241	-14.8230528374738	1.03950679966721e-49	2.43078226822673e-49	TMEM101
TMEM102	275.884022563461	-1.46827122415205	0.0528491066584034	-27.782328160103	7.09296829180982e-170	4.36216338301567e-169	TMEM102
TMEM104	882.019778419025	0.361735971195407	0.0224282924174759	16.1285560426145	1.60734652646724e-58	4.09769789306568e-58	TMEM104
TMEM106A	143.647196484083	0.280850602451461	0.05000873863519	5.61603052019059	1.95394162639925e-08	2.62406022208392e-08	TMEM106A
TMEM106B	2266.64077189164	-0.0731807453324493	0.0261547589209982	-2.79798967191766	0.00514217568786935	0.00598424518731163	TMEM106B
TMEM106C	1298.93137375428	0.766508470644883	0.02874634160833	26.6645572187442	1.21341720905824e-156	6.78556172111132e-156	TMEM106C
TMEM107	280.986530761999	0.212236472092334	0.0588175312192927	3.60838797026419	0.000308105507274708	0.000374162263809756	TMEM107
TMEM108	321.716903634095	-1.00277598103438	0.0728041823901265	-13.7736040446267	3.67416547325718e-43	7.99258642708187e-43	TMEM108
TMEM109	6568.81361045811	0.206189325559918	0.0157164052361851	13.1193693762231	2.55048423260096e-39	5.30275660326286e-39	TMEM109
TMEM11	2529.50120383329	-0.760765989057841	0.0490077300254987	-15.5233876097101	2.40985567820873e-54	5.89559826901812e-54	TMEM11
TMEM115	2063.64831456123	-0.0572891777917524	0.0246812290699465	-2.32116389460975	0.0202780000071162	0.0230444620030366	TMEM115
TMEM116	671.425370494444	1.34958356660178	0.0353013424763403	38.2303751622561	0	0	TMEM116
TMEM117	406.832280045836	-0.223266479560084	0.0379706793320167	-5.87997063755	4.10339265878994e-09	5.59330389602285e-09	TMEM117
TMEM119	947.358033482107	-1.29828698182977	0.0961101939392614	-13.5083171578058	1.39677858515808e-41	2.98615336240267e-41	TMEM119
TMEM120A	3740.49913857153	1.03249205073307	0.0454617976717683	22.7112015716494	3.47218173262266e-114	1.43882926724081e-113	TMEM120A
TMEM120B	1367.41986202634	-0.292285340390641	0.036704616116886	-7.96317660590313	1.67677870027895e-15	2.56795077281958e-15	TMEM120B
TMEM121	74.8448655077999	0.609393716832702	0.0609089822703529	10.0049893154974	1.44907332617771e-23	2.5052601752329e-23	TMEM121
TMEM123	4966.14993491464	-0.418035562299342	0.0469700465723471	-8.90004572713058	5.58236840641339e-19	9.03021330731915e-19	TMEM123
TMEM125	304.602808035148	-4.89111128616938	0.137569000488495	-35.5538767367755	7.23814651485079e-277	8.33081044845455e-276	TMEM125
TMEM126A	1020.77103917358	1.14449555741823	0.0418450794841303	27.3507798653431	1.05707630109689e-164	6.2531812343231e-164	TMEM126A
TMEM126B	1195.8812149078	0.736924896828023	0.023154838926552	31.8259565167167	2.83226895970976e-222	2.42433064877487e-221	TMEM126B
TMEM127	5462.7013501007	0.958846528700997	0.0237919090167096	40.3013700173273	0	0	TMEM127
TMEM128	691.126844085795	-0.193077014944968	0.0265829987937624	-7.2631766055782	3.78103743432835e-13	5.57203887477239e-13	TMEM128
TMEM129	2822.22646053915	0.644930631130424	0.0214972811311377	30.0005673832063	9.64761861344773e-198	7.14384132705358e-197	TMEM129
TMEM130	50.6795560502584	-1.29450446506523	0.102339465417165	-12.6491227972361	1.13130874153481e-36	2.28919611694786e-36	TMEM130
TMEM131	4507.30308303704	-0.4793245022777	0.0255659506551914	-18.748549926516	1.98941850165019e-78	6.10805431489086e-78	TMEM131
TMEM132A	556.964542461396	1.34571258857002	0.048124098375789	27.9633828786087	4.53254206678633e-172	2.83004820479434e-171	TMEM132A
TMEM132B	325.765732464385	-1.1358847769349	0.0771465551756036	-14.7237264755291	4.53940763253327e-49	1.05505328332126e-48	TMEM132B
TMEM132C	722.058346712381	-1.66461037823941	0.0952856876417309	-17.4696790193534	2.43862770957228e-68	6.85580780884128e-68	TMEM132C
TMEM132E	19.2479988878244	-1.63975686493778	0.0900961484031719	-18.2000772952026	5.15350173130213e-74	1.5215382100241e-73	TMEM132E
TMEM134	2463.06592847947	-0.261033397380144	0.0387894413488619	-6.72949617996503	1.70251556397287e-11	2.43461889633585e-11	TMEM134
TMEM135	1357.00771577455	-0.698263179230899	0.0399254615578745	-17.4891698676726	1.7326270195497e-68	4.88014692206449e-68	TMEM135
TMEM138	1269.9834694162	-0.237344454925664	0.0329735044623071	-7.19803547715042	6.10862528477928e-13	8.97131139359646e-13	TMEM138
TMEM139	64.8338911310926	1.36840775618975	0.0942904540521285	14.5126860395987	1.00698826366236e-47	2.3091459533995e-47	TMEM139
TMEM140	2284.81376595315	-0.540745707585594	0.0672543040831403	-8.04031377556327	8.96087162234924e-16	1.38020578483707e-15	TMEM140
TMEM141	1422.63742970729	0.743501992545174	0.0277933704268404	26.7510554181354	1.20035672642633e-157	6.75027223755086e-157	TMEM141
TMEM143	2425.87811618183	0.590609123051387	0.0755123659619407	7.82135635041634	5.22571814539167e-15	7.93489264742264e-15	TMEM143
TMEM144	387.73769798888	1.41193811532609	0.0549050907156033	25.7159781893382	7.7465386418973e-146	4.00475135246391e-145	TMEM144
TMEM145	39.5667302003231	-0.696271607224232	0.0606749274841708	-11.4754419344939	1.75279836680909e-30	3.31186348283095e-30	TMEM145
TMEM147	2814.5333162655	-0.0103014677410737	0.0265981930191681	-0.387299533229565	0.698534471054693	0.713355591618286	TMEM147
TMEM14A	286.432044199718	0.334654671801767	0.05538253073291	6.04260345948591	1.51647044079789e-09	2.08764028791701e-09	TMEM14A
TMEM14B	2574.68442891638	0.361581157817935	0.0378072987060402	9.56379244730774	1.13518894879954e-21	1.90905607878741e-21	TMEM14B
TMEM14C	3742.11864424457	0.382914070542532	0.0236348462468126	16.2012507525481	4.94117684420556e-59	1.26541647990531e-58	TMEM14C
TMEM150A	1824.18881164098	-0.884597293577042	0.0551989802086902	-16.0256093542427	8.46569272377268e-58	2.14333241519876e-57	TMEM150A
TMEM150B	18.7331035084991	0.669302908509472	0.0812016873883096	8.24247537257248	1.68683845744734e-16	2.62830252510254e-16	TMEM150B
TMEM150C	807.285241717505	0.864917003969305	0.0486852075105024	17.7654989717919	1.3077214324484e-70	3.7532355716683e-70	TMEM150C
TMEM151B	19.3618646224905	2.63607233623548	0.0678767925355714	38.8361358538565	0	0	TMEM151B
TMEM154	2028.06865635218	-3.25977105962914	0.116333692866125	-28.0208680676924	9.04929631985854e-173	5.69368692952721e-172	TMEM154
TMEM156	6.64206834358448	-0.892738374464433	0.111869067637026	-7.98020751688965	1.4608747434389e-15	2.2393942141398e-15	TMEM156
TMEM160	391.856750733194	0.102419766254745	0.0432503065297146	2.3680702975915	0.0178811380233045	0.0203540132513915	TMEM160
TMEM161A	1872.45392606088	-0.407524888886148	0.0404306578781443	-10.0796007355212	6.80018793634088e-24	1.18133741596287e-23	TMEM161A
TMEM161B	853.708167249569	-0.307933605959173	0.021540313441867	-14.2956882586794	2.32792859025016e-46	5.25718762427463e-46	TMEM161B
TMEM161BP1	5.96074199799021	-4.56413851816366	0.345792216498726	-13.1990782336782	8.88151701404415e-40	1.85794523846378e-39	TMEM161BP1
TMEM163	43.7606010452028	0.851773728156487	0.0889215750747176	9.57893208077761	9.80535151804368e-22	1.65051554774924e-21	TMEM163
TMEM164	3838.62424574481	0.205000211653038	0.040681246313694	5.03918218415132	4.67525287724655e-07	6.10380236751632e-07	TMEM164
TMEM165	2281.65437838746	0.413038860748277	0.0350452934202313	11.7858582547873	4.61692990252308e-32	8.89440873023523e-32	TMEM165
TMEM167A	3109.44270340532	0.288339898145512	0.0182379813618717	15.8098581429804	2.66065251488676e-56	6.63817129874935e-56	TMEM167A
TMEM167B	2856.15088586294	-0.323213412703805	0.0186721217497045	-17.3099456524763	3.95788344128871e-67	1.09727182853285e-66	TMEM167B
TMEM168	1654.61238408805	0.266343021964938	0.0239669754834931	11.1129175288879	1.08553769209176e-28	2.00830051339607e-28	TMEM168
TMEM169	17.4642761848016	0.255874330731043	0.0640185811943404	3.99687600002082	6.4183899765768e-05	7.95602795540277e-05	TMEM169
TMEM17	96.0525364124661	-0.0689797890603389	0.0344213901089895	-2.00398034018748	0.0450721664357803	0.0503315178666551	TMEM17
TMEM170A	620.698886878774	0.691031964164233	0.0303860061415017	22.7417832059347	1.73053287545814e-114	7.18766088858377e-114	TMEM170A
TMEM170B	927.899452839016	-1.03407571659165	0.0585339730262838	-17.6662485583768	7.63056022369533e-70	2.1751023687528e-69	TMEM170B
TMEM171	20.7593920672396	-3.28124165322929	0.0937459520530957	-35.0014222627006	2.14047992075097e-268	2.35230641351882e-267	TMEM171
TMEM175	1527.81854390042	0.0374334098803399	0.0204652292983515	1.82912242685476	0.0673812699784842	0.074577609498444	TMEM175
TMEM176A	1028.37540144778	0.77242786810084	0.068006010177563	11.3582294577205	6.74987559934574e-30	1.26514484239715e-29	TMEM176A
TMEM176B	1539.91705169673	1.17797000238503	0.0658681386496509	17.8837602903976	1.5782450982783e-71	4.57340470285057e-71	TMEM176B
TMEM177	342.810292261779	0.169397850601318	0.0351475089951848	4.81962606865043	1.43827543371181e-06	1.85714052666569e-06	TMEM177
TMEM178A	221.847167261453	0.267972635165348	0.0481812028964437	5.56176722572294	2.67056352593902e-08	3.57471847341079e-08	TMEM178A
TMEM178B	1170.47739559302	3.19499827291153	0.0840447043455364	38.015462101881	0	0	TMEM178B
TMEM179B	862.048669904351	-0.360178172424797	0.028793637230887	-12.5089501384158	6.66999423412001e-36	1.33943068059342e-35	TMEM179B
TMEM18	1351.14317601495	-0.577771942667974	0.0166971999840034	-34.6029240364553	2.28314859900326e-262	2.4304528640247e-261	TMEM18
TMEM181	2292.90105630353	-0.649638769721153	0.0204158083964722	-31.8203794385829	3.38290005133804e-222	2.89015585306768e-221	TMEM181
TMEM182	2332.63069200276	1.61847636551119	0.118705568556529	13.6343760886032	2.50120791550997e-42	5.39794313476741e-42	TMEM182
TMEM183A	1365.86030829427	-0.421236134322713	0.0207602209947169	-20.2905419181188	1.55867677539248e-91	5.3606688257241e-91	TMEM183A
TMEM184A	1862.9748994215	-5.09711238519657	0.085665719351757	-59.5000243243977	0	0	TMEM184A
TMEM184B	3772.03929321892	0.687899120348577	0.024749412697838	27.7945634002325	5.0463562006571e-170	3.10774745015492e-169	TMEM184B
TMEM184C	1331.84232085022	-0.0648824126146019	0.0215067786400496	-3.01683546850567	0.00255428410833433	0.00300717254637843	TMEM184C
TMEM185A	734.789124531793	0.564010744914112	0.0275544153575259	20.468978840448	4.07060533908095e-93	1.42115916813026e-92	TMEM185A
TMEM185B	1686.34382851745	0.420888789746177	0.0161755468928536	26.0200655059228	2.93627993488245e-149	1.55779472761035e-148	TMEM185B
TMEM186	454.287941684998	0.0515384395285316	0.0333872309449814	1.54365720276298	0.122671399363172	0.133838890838018	TMEM186
TMEM187	413.352227071367	-0.142739689005495	0.0268827337456158	-5.30971627946036	1.09796021131341e-07	1.45102281505416e-07	TMEM187
TMEM19	1394.26094611733	-0.192551539305321	0.0379513155140429	-5.0736459776756	3.90264828817931e-07	5.10141397396818e-07	TMEM19
TMEM191A	52.7232414694389	-1.90179106789523	0.0897254065731243	-21.1956806943561	1.04674122183444e-99	3.86035417624294e-99	TMEM191A
TMEM191C	12.0334537201816	-0.208355286625264	0.0721546149526237	-2.88762245855056	0.00388165475027831	0.00453872472619421	TMEM191C
TMEM192	1295.68609489597	-0.235470274294927	0.0302127561769296	-7.79373695388742	6.50559086606595e-15	9.86248451912188e-15	TMEM192
TMEM198	179.553735229063	0.708832311514475	0.0430646223445359	16.4597359253149	7.14113103268509e-61	1.86679494219234e-60	TMEM198
TMEM198B	1418.79523795807	-0.0836124951630711	0.0522954673542025	-1.59884784271561	0.109854415572546	0.120168287233921	TMEM198B
TMEM199	603.748485429528	-0.0285171352413792	0.0192770404188398	-1.47933161013186	0.139051708518002	0.151224613643823	TMEM199
TMEM200A	190.743529486513	-3.46119967986486	0.0819555245628285	-42.2326584855355	0	0	TMEM200A
TMEM200B	326.037112283049	-0.201706232130747	0.0562834147840107	-3.58375967245059	0.000338683730164106	0.000410714485764219	TMEM200B
TMEM200C	54.0457630286562	1.25560489382318	0.0917823521921106	13.6802431386272	1.33246409662319e-42	2.88358814658741e-42	TMEM200C
TMEM201	2601.48320342179	-0.440095252613957	0.0655098647477148	-6.71799971361273	1.84236055530313e-11	2.63208986952473e-11	TMEM201
TMEM203	2044.52919282663	0.120802648357004	0.0241649801785324	4.99907914115826	5.76047574225881e-07	7.50483634916413e-07	TMEM203
TMEM204	2191.33424533836	1.54578581256015	0.04464112599109	34.6269449580793	9.93401896650529e-263	1.06000163257891e-261	TMEM204
TMEM205	1248.59952415668	0.385565569791621	0.0216353921271607	17.8210576228747	4.85106261581064e-71	1.39875025063603e-70	TMEM205
TMEM208	790.306092868824	-0.164999464388224	0.0270619689171109	-6.09709755020438	1.08011611924172e-09	1.49069771237216e-09	TMEM208
TMEM209	572.356662591459	-0.469326402201258	0.0219146303681248	-21.4161222123053	9.45392748330769e-102	3.5468976370784e-101	TMEM209
TMEM211	11.0339458561357	-4.45223105600722	0.183628417423715	-24.2458717363657	7.30955457869681e-130	3.37989447652508e-129	TMEM211
TMEM212	0.204329492641002	0.333030296968671	0.292742577269886	1.13762166089575	0.255278497783259	0.27252213489482	TMEM212
TMEM214	4587.45890951095	-0.101278182086624	0.0217430408959554	-4.6579584967558	3.19360574270787e-06	4.09284472266014e-06	TMEM214
TMEM216	351.56117860951	0.0731444414769071	0.0371814348704947	1.96723019785745	0.0491566781030703	0.0547872802014345	TMEM216
TMEM217	28.0910735572414	-0.356432135813507	0.0698295236552507	-5.10431859127691	3.31988568335957e-07	4.34658972915525e-07	TMEM217
TMEM218	596.978457039924	-0.437873222238149	0.0253905256300133	-17.2455359380411	1.20886510962627e-66	3.33294238602888e-66	TMEM218
TMEM219	3547.67788365145	0.236544247379578	0.0221925096773105	10.6587425585949	1.58728940540893e-26	2.85271531417393e-26	TMEM219
TMEM220	405.193473724348	-0.435206713548505	0.0263438868477946	-16.52021647614	2.6245438290291e-61	6.89699466662085e-61	TMEM220
TMEM222	1897.75672015871	0.224911930305553	0.0178553433304399	12.5963374740671	2.21178722490526e-36	4.46099516364365e-36	TMEM222
TMEM223	585.040521328668	1.05714552867911	0.0209516888088402	50.4563397406448	0	0	TMEM223
TMEM229B	127.349521827095	0.20788774568503	0.0662540196763162	3.13773785652048	0.00170257071597148	0.00201777440636004	TMEM229B
TMEM230	3739.98769748649	0.0832528262804103	0.0364479459789277	2.28415687206469	0.0223623131843341	0.0253618951380543	TMEM230
TMEM231	478.542078613514	0.225689306065858	0.0394487677757966	5.72107365554591	1.05852992535343e-08	1.42870189595015e-08	TMEM231
TMEM232	26.9042250725322	-0.146842992660287	0.054242300373523	-2.7071674993335	0.00678600095963441	0.00786269331065777	TMEM232
TMEM233	2487.29259914508	-4.47816118670323	0.141182304072632	-31.7189977605083	8.50111600287177e-221	7.21152635097525e-220	TMEM233
TMEM234	354.779326134785	0.749487435368193	0.0382165140916704	19.6116117124233	1.23069547201203e-85	4.02722217627496e-85	TMEM234
TMEM235	1.51238583355318	-0.238702206338045	0.133768194714581	-1.78444664553753	0.0743511172232346	0.0821504088592835	TMEM235
TMEM236	59.9147732377137	-0.157308082713007	0.0560321816889967	-2.80745953434647	0.00499339529862882	0.00581410794117836	TMEM236
TMEM237	1494.35511630856	-0.934318163066427	0.0250266460973206	-37.3329354414157	4.79721500384812e-305	6.36833829530015e-304	TMEM237
TMEM238	85.2239185666781	-3.43810431868811	0.0820946621885633	-41.8797547493542	0	0	TMEM238
TMEM240	106.171944734934	1.34735494465759	0.0362566081114843	37.1616379699571	2.84407709997188e-302	3.71525630454236e-301	TMEM240
TMEM241	308.194020749362	-0.706464676365317	0.048153915861367	-14.670970444007	9.89200951335439e-49	2.29082803614939e-48	TMEM241
TMEM242	1177.21005475556	0.499156486673895	0.0246500406633205	20.2497226471778	3.57245609875046e-91	1.22514349844936e-90	TMEM242
TMEM243	486.243381369281	-0.281375443612622	0.0518199015352276	-5.42987221659116	5.63944165401153e-08	7.50078241568357e-08	TMEM243
TMEM245	6432.16891994957	0.411305280142395	0.0459603085804533	8.94914096197606	3.58259422242669e-19	5.81360124383871e-19	TMEM245
TMEM248	4361.82356328636	0.0179358918967392	0.0162190188302003	1.10585554431579	0.268789049178333	0.286588383241081	TMEM248
TMEM25	738.016761489038	-0.140751221201172	0.0363493450510547	-3.87218039289233	0.000107866069506878	0.000132683963181175	TMEM25
TMEM251	665.485387289428	0.294836014294663	0.0307626321392953	9.58422585426455	9.31535892066912e-22	1.56832936710592e-21	TMEM251
TMEM252	29.5994827660463	1.29901537161711	0.0604050238736901	21.5050882908914	1.39519838916868e-102	5.26519207618982e-102	TMEM252
TMEM253	5.24124230328462	-0.565440071735398	0.0719513082672585	-7.8586489301224	3.88298853915264e-15	5.9080108776339e-15	TMEM253
TMEM254	1014.58796308285	-1.73639177955501	0.0724977217511651	-23.9509840807805	9.02457250243107e-127	4.0899126288082e-126	TMEM254
TMEM255A	144.867041921799	-1.04448508575391	0.0689669888162391	-15.1447105880889	8.21153082871331e-52	1.96276412757493e-51	TMEM255A
TMEM255B	813.29626250836	0.356051422022018	0.0535892860567864	6.64407847577453	3.05119984868537e-11	4.34186944475773e-11	TMEM255B
TMEM256	863.605644100719	0.43616008093527	0.0266789254893355	16.3484875397107	4.4591104551173e-60	1.15460942610136e-59	TMEM256
TMEM258	1802.37495145376	0.532858852709086	0.0224852750397754	23.6981247401459	3.76984314044496e-124	1.67640677794342e-123	TMEM258
TMEM259	8584.35844174519	0.13510883319651	0.017905529164664	7.54564871856138	4.50041615136428e-14	6.74144887581829e-14	TMEM259
TMEM26	112.544901553488	-1.09732661180418	0.154332840323127	-7.11013034884023	1.1593340853771e-12	1.69461411862551e-12	TMEM26
TMEM260	593.212587275154	-0.417063584997923	0.0247541815928802	-16.8482073799555	1.08143292623426e-63	2.90377000375045e-63	TMEM260
TMEM30A	5299.68717062466	0.0809760097400871	0.0186490726414152	4.34209310549085	1.41131697824786e-05	1.77944364540448e-05	TMEM30A
TMEM30B	541.17077092371	-2.54908481534681	0.0699462328935044	-36.4434896619506	8.72320728681956e-291	1.07405235547222e-289	TMEM30B
TMEM31	6.37047042340127	-0.809139389155548	0.0738724899327656	-10.953189609447	6.41481994763086e-28	1.17315019686379e-27	TMEM31
TMEM33	1610.00300113097	-0.320749471878561	0.0215134931149832	-14.9092232565047	2.87072607857888e-50	6.74884943718146e-50	TMEM33
TMEM37	548.817430836796	-2.69076295806767	0.0847982344167033	-31.7313559247603	5.74163340481434e-221	4.87524259056901e-220	TMEM37
TMEM38A	10770.9149620633	-2.34486004728282	0.126532073292398	-18.5317444523665	1.14513596024515e-76	3.46563423341845e-76	TMEM38A
TMEM38B	2272.48102991154	-0.343954159147375	0.0792242891203075	-4.34152408265926	1.41497765743159e-05	1.78380928716479e-05	TMEM38B
TMEM39A	1175.23610273397	0.0945447861421942	0.0227723209573176	4.15174133191784	3.29955075968921e-05	4.11951818734675e-05	TMEM39A
TMEM39B	613.081018919668	-0.206539484833377	0.0201660797758524	-10.2419254078671	1.28650243992015e-24	2.25714721452267e-24	TMEM39B
TMEM40	835.193176546642	-3.65571075450506	0.123751434422091	-29.5407545906592	8.63256884835659e-192	6.13723822429965e-191	TMEM40
TMEM41A	1209.28710245343	-0.31969332728796	0.0270247755306008	-11.8296385820472	2.74320372268298e-32	5.29889582702182e-32	TMEM41A
TMEM41B	1356.91235614011	0.0513947532973196	0.0288317289246988	1.78257618304992	0.0746553196878262	0.0824713353605743	TMEM41B
TMEM42	550.958981256427	-0.0381821003305324	0.0269469959798412	-1.41693346297658	0.156502381806139	0.1696086318418	TMEM42
TMEM43	8245.79774749916	-0.596519296795939	0.0302948647486977	-19.6904426457815	2.60404154262083e-86	8.57110108040182e-86	TMEM43
TMEM44	616.172970843612	0.885550453649985	0.042058024408929	21.0554458060084	2.03856558258486e-98	7.4464730219379e-98	TMEM44
TMEM45A	9107.96988029118	-4.78072314332401	0.122045041350059	-39.1717933841455	0	0	TMEM45A
TMEM45B	581.714890365245	-7.00801786544499	0.149463850386554	-46.8877112915288	0	0	TMEM45B
TMEM47	2365.09865410097	0.21624703469195	0.0474600990907006	4.55639661178713	5.20386349741147e-06	6.63184048261266e-06	TMEM47
TMEM50A	3444.33503647553	0.202022743714262	0.0244520983050621	8.2619798593088	1.43275883364798e-16	2.23570490330248e-16	TMEM50A
TMEM50B	3041.0189848815	0.196594379906664	0.0165926438499591	11.8482854019161	2.19638793083936e-32	4.24674319474107e-32	TMEM50B
TMEM51	304.216434455033	0.443127642959131	0.049692602514482	8.91737644109079	4.77464503582386e-19	7.72847633215226e-19	TMEM51
TMEM52	2196.79279607449	-5.4993746336929	0.119359016483287	-46.0742287907753	0	0	TMEM52
TMEM53	362.569269865604	0.793077337493384	0.0308447873622575	25.7118756624601	8.60976702189271e-146	4.44718554264249e-145	TMEM53
TMEM54	1067.31652934262	-1.42428116807406	0.0809482060154015	-17.5949689089227	2.6920342466922e-69	7.63258914391342e-69	TMEM54
TMEM59	9342.4722259605	0.104325082042352	0.0142734312848907	7.30904012917947	2.69057415662375e-13	3.97513340392188e-13	TMEM59
TMEM59L	143.908433510503	1.27245933797092	0.0666351793445889	19.0959092552402	2.7306184571696e-81	8.61290745531978e-81	TMEM59L
TMEM60	490.702293324385	-0.419013383295624	0.0212039910524197	-19.7610620689169	6.44346617722512e-87	2.13097252721347e-86	TMEM60
TMEM62	693.433536981565	-0.346448438677023	0.0212903515428653	-16.2725560439664	1.54568555720616e-59	3.98394698099487e-59	TMEM62
TMEM63A	3378.48729112795	-0.000789720000399233	0.0341383420976418	-0.0231329335836079	0.981544235509163	0.983128076085045	TMEM63A
TMEM63B	4195.48804408605	-0.588631932727001	0.0391459365592374	-15.0368591088952	4.21059169250194e-51	9.98877979134521e-51	TMEM63B
TMEM63C	617.383682714044	-2.18888974610296	0.118038895844476	-18.5438005874519	9.15195897306166e-77	2.77207493646446e-76	TMEM63C
TMEM64	1119.35027645687	-0.592618559790435	0.0263747817247004	-22.4691360852264	8.31937549494134e-112	3.38663677712436e-111	TMEM64
TMEM65	2569.70454755541	0.700410868211872	0.0384422139009753	18.2198369224022	3.59223946866733e-74	1.06180464163351e-73	TMEM65
TMEM67	501.39623857176	2.5570867000064	0.0498702811388743	51.2747600697429	0	0	TMEM67
TMEM68	466.030334039783	-0.600451572392584	0.0309316768658944	-19.412189484452	6.08768976220226e-84	1.96493640683885e-83	TMEM68
TMEM69	969.378959614986	0.210632907902065	0.0201461504598301	10.4552434631148	1.38642244404759e-25	2.46367131444232e-25	TMEM69
TMEM70	3808.30225176507	-1.32934085268901	0.0892183346979546	-14.8998617513927	3.30262135623113e-50	7.75609746034136e-50	TMEM70
TMEM71	354.175990831397	4.50625937443351	0.0505523782715317	89.1404030534244	0	0	TMEM71
TMEM74B	182.885973535723	0.971989671640474	0.0556052610403718	17.4801745995719	2.02876905759774e-68	5.70801372394764e-68	TMEM74B
TMEM79	2332.96051598459	-3.60073730724516	0.105970952051196	-33.9785312630351	4.62441838634882e-253	4.668769230099e-252	TMEM79
TMEM80	1135.74888037659	-0.569918882109162	0.0294892062542284	-19.3263554534447	3.22403746944803e-83	1.03432362301789e-82	TMEM80
TMEM81	182.039575693124	0.0192173815479822	0.0489661943323698	0.392462224397911	0.694716717619797	0.709859546680705	TMEM81
TMEM86A	932.618803308756	-1.53582171076833	0.0718536243421669	-21.3743109666223	2.31718158597658e-101	8.6556517387766e-101	TMEM86A
TMEM87A	2665.607685335	-0.901828539090164	0.0240956269706407	-37.4270626030606	1.41854670345402e-306	1.89290283238516e-305	TMEM87A
TMEM87B	1192.10128873288	-0.385349997023209	0.0465480454699132	-8.27854302222602	1.2469145038693e-16	1.94672228830453e-16	TMEM87B
TMEM88	662.344722509825	2.59725819036214	0.0667449783216991	38.9131625430127	0	0	TMEM88
TMEM8B	2107.50687958799	0.334706381618496	0.0289849627719476	11.5475870799611	7.59221023946424e-31	1.44057527691152e-30	TMEM8B
TMEM9	2087.67455526222	-0.266327998612705	0.0270498153826035	-9.84583424491642	7.14440222514393e-23	1.22214562819363e-22	TMEM9
TMEM91	639.914035237345	-0.346281134635095	0.0581416319884944	-5.95582068806772	2.58769934149607e-09	3.54148679740521e-09	TMEM91
TMEM92	8.54063660543208	-1.279951488589	0.0955086732233283	-13.4014162839021	5.93202313743932e-41	1.25863211335508e-40	TMEM92
TMEM97	625.337176577114	-1.91456977548709	0.0519755534614394	-36.83596706493	4.90637853889641e-297	6.26380993465775e-296	TMEM97
TMEM98	1058.45357098369	-0.0276594157258555	0.0606645151143594	-0.455940605042577	0.648432689515343	0.665361502819682	TMEM98
TMEM9B	2588.371605379	0.269882801444981	0.0183426887408998	14.713371919309	5.29042046312365e-49	1.22881108073147e-48	TMEM9B
TMF1	1883.89806526519	-0.577477278666929	0.0230682480950389	-25.0334258712573	2.64572379470165e-138	1.29593670825645e-137	TMF1
TMIE	52.1271416196748	0.0290043429062263	0.0477002461973882	0.608054364881126	0.543151417707361	0.563304065803435	TMIE
TMLHE	667.560605639435	0.181089793187906	0.0463897065902086	3.90366325848089	9.47475860530799e-05	0.000116754606827868	TMLHE
TMOD1	6298.91667404553	0.614266262884046	0.0980425136014694	6.26530512447856	3.72096077916577e-10	5.18469037741024e-10	TMOD1
TMOD2	911.21385418842	0.376354601733157	0.0383860625545267	9.80445965768313	1.07721984502977e-22	1.83801274221619e-22	TMOD2
TMOD3	1889.43913354614	-0.253430612611536	0.0446057752675406	-5.68156502362052	1.33467752745806e-08	1.79737638750448e-08	TMOD3
TMOD4	8262.01140204908	-8.70153031188042	0.153660760740011	-56.6281871180054	0	0	TMOD4
TMPO	1536.64688504794	-0.108939285416771	0.027764300852946	-3.92371794246754	8.71928132993803e-05	0.000107614523976835	TMPO
TMPPE	75.113383722601	-0.830427960082054	0.05521390443396	-15.0401962801835	4.00361239291424e-51	9.49901498416361e-51	TMPPE
TMPRSS11A	1.6273489768675	0.149246863421647	0.147121605522507	1.01444558663965	0.310370181215805	0.329353413149905	TMPRSS11A
TMPRSS11D	4.9638926752206	-1.21274068360064	0.126615229565072	-9.57815807597902	9.87909870440897e-22	1.6626183225324e-21	TMPRSS11D
TMPRSS11E	41.0154851611018	-3.96656181877561	0.160841370064079	-24.6613282216842	2.78203418040079e-134	1.32450138273987e-133	TMPRSS11E
TMPRSS11F	91.313085655791	-7.8302101062103	0.2378689187526	-32.9181725265849	1.20790669238342e-237	1.12195708821434e-236	TMPRSS11F
TMPRSS13	1533.59901125976	-7.08131683122095	0.140637483037827	-50.3515611788667	0	0	TMPRSS13
TMPRSS15	0.801944080246328	-0.970753051319603	0.169852407561605	-5.71527401498569	1.09527388147191e-08	1.47774135364831e-08	TMPRSS15
TMPRSS2	449.393377775219	-5.58328141667194	0.140301248380553	-39.7949517992019	0	0	TMPRSS2
TMPRSS3	83.2547833306692	-4.71025094175518	0.139748353292602	-33.70523394929	4.84509842320823e-249	4.77899269677652e-248	TMPRSS3
TMPRSS4	89.1344039167616	-3.52264717908005	0.136782436124923	-25.7536514107909	2.93372582031723e-146	1.5214635117122e-145	TMPRSS4
TMPRSS5	169.429989670291	-1.16258486646262	0.0417472593483024	-27.8481721821074	1.13345994747841e-170	7.01389223601196e-170	TMPRSS5
TMPRSS6	61.1208099439492	-2.59989307361687	0.119759658699545	-21.7092558700383	1.67751529492603e-104	6.42488357956668e-104	TMPRSS6
TMPRSS9	28.9602498260845	-0.590246780585756	0.0533402577167283	-11.0656904531724	1.84040016338141e-28	3.3940214466785e-28	TMPRSS9
TMSB10	13365.4424332146	0.550244858191993	0.0529832318637552	10.3852641455873	2.8936719380795e-25	5.12031736531693e-25	TMSB10
TMSB10P1	0.814349066395541	0.491154068091455	0.116424002024051	4.21866676589587	2.45751169483087e-05	3.07975967826862e-05	TMSB10P1
TMSB15A	12.1087868536186	0.248544159431117	0.0811087906037982	3.06433072889978	0.00218157590257195	0.0025754556546562	TMSB15A
TMSB15B	9.76859926453043	-0.70812138962169	0.0765064344122329	-9.25571025576988	2.12810777156346e-20	3.51579184984524e-20	TMSB15B
TMSB4X	33408.8046717897	0.111346837373929	0.0530725797174267	2.09801064818726	0.0359042047507714	0.0402962522425735	TMSB4X
TMSB4XP1	2.08066856444556	0.0738471341683545	0.0873383535374021	0.845529268384135	0.397815398343628	0.418335961302935	TMSB4XP1
TMSB4XP2	3.0680259853345	0.102982675480385	0.0821826081977314	1.25309573082189	0.210170869541859	0.225840844234898	TMSB4XP2
TMSB4XP4	42.2522443250208	0.234265706305594	0.0574639228262733	4.07674406451215	4.56707144485272e-05	5.68232327058293e-05	TMSB4XP4
TMSB4XP8	15.8805176485462	0.161626983466525	0.0651601601515385	2.48045712427102	0.0131214043306357	0.0150205659367741	TMSB4XP8
TMSB4Y	22.8219855768109	-0.405389714744388	0.132463756750625	-3.06038213537587	0.00221054748275875	0.0026086315220362	TMSB4Y
TMTC1	3843.96979039463	0.380712525640875	0.0524743105548671	7.25521729804915	4.01017513108401e-13	5.90826342565423e-13	TMTC1
TMTC2	636.48363437765	-0.392252367224221	0.0504982365493934	-7.76764485311384	7.99588753245882e-15	1.21024107854865e-14	TMTC2
TMTC3	1045.45033735633	-0.763385538639894	0.0477423940667434	-15.9896786401764	1.50806933068328e-57	3.8081525060248e-57	TMTC3
TMTC4	631.553121099111	-0.629233068267919	0.0242347716749492	-25.9640600995775	1.26162778306889e-148	6.6599887750801e-148	TMTC4
TMUB1	2204.70421844582	-0.148314411617858	0.0319562496077619	-4.64117077060989	3.4644065982574e-06	4.43610635760645e-06	TMUB1
TMUB2	2504.76699583049	-0.0632020789634506	0.0161017887477155	-3.92515887232824	8.66725158395048e-05	0.000107001711653997	TMUB2
TMX1	1092.39468826933	-0.393726064389332	0.0247407273428061	-15.9140860708695	5.06004955861627e-57	1.27019874640429e-56	TMX1
TMX2	3276.83648104092	0.519674688905126	0.0187554279388928	27.7079622282298	5.59842775978037e-169	3.40694043623416e-168	TMX2
TMX3	2127.67463902767	0.26802926723156	0.0193190145760841	13.873858119211	9.12344427149225e-44	1.99964836638417e-43	TMX3
TMX4	4539.76190400352	0.976435412022949	0.0433819967956125	22.5078485119823	3.47741217243594e-112	1.41975269938805e-111	TMX4
TNC	4020.21573430459	-0.0102982200152493	0.0893835500895865	-0.115213817362677	0.908275646938094	0.913860036919828	TNC
TNF	59.5158638875192	2.26917471527139	0.0989347436048851	22.9360751601457	2.0293277736768e-116	8.5450126909839e-116	TNF
TNFAIP1	3373.84417533823	0.78271703482255	0.0225106869850763	34.7709083841582	6.69671343751476e-265	7.25752791021693e-264	TNFAIP1
TNFAIP2	6692.41722637424	-0.124521347721968	0.0537193397466632	-2.31799847706994	0.0204494038261466	0.0232363160127802	TNFAIP2
TNFAIP3	2916.39447985352	-1.30101961162329	0.0665785013838218	-19.5411369223073	4.90768210541582e-85	1.59694840165564e-84	TNFAIP3
TNFAIP6	200.900754354699	1.35492051076419	0.0820203331574981	16.5193246431032	2.66363991337289e-61	6.9987129003978e-61	TNFAIP6
TNFAIP8	807.08835059134	-0.848268035021539	0.0722503902685438	-11.7406706298562	7.88586368267589e-32	1.51400844871852e-31	TNFAIP8
TNFAIP8L1	617.241156814468	0.848515451066227	0.0334616077072465	25.3578805444686	7.35661781649899e-142	3.69596643356959e-141	TNFAIP8L1
TNFAIP8L2	48.3225925128305	0.32068639300291	0.0597448944233308	5.36759494009048	7.97935077850985e-08	1.05739320792076e-07	TNFAIP8L2
TNFAIP8L3	732.842041934837	-1.1668870597235	0.0723386940463379	-16.130883686897	1.5478969911061e-58	3.94725793127936e-58	TNFAIP8L3
TNFRSF10A	306.912605459796	-0.249600011152301	0.0499957800489521	-4.99242157853945	5.96269269771838e-07	7.76603945095352e-07	TNFRSF10A
TNFRSF10B	2370.18930671404	0.672255377549836	0.04296498695709	15.6465863290318	3.50524461406207e-55	8.63645062930897e-55	TNFRSF10B
TNFRSF10C	43.6752600885013	1.59703622987596	0.0615428128561188	25.9500038389483	1.81811729021066e-148	9.58077556823247e-148	TNFRSF10C
TNFRSF10D	398.633044855751	1.42287586838143	0.0580644296782051	24.5051208849729	1.30268252326452e-132	6.12580671402419e-132	TNFRSF10D
TNFRSF11A	254.500243832043	-1.36613759965284	0.0776061682465019	-17.6034667156037	2.31697533451339e-69	6.57438098937192e-69	TNFRSF11A
TNFRSF11B	158.035712576725	2.80818868525442	0.0768300799558795	36.5506411924477	1.74180885904389e-292	2.16834725253451e-291	TNFRSF11B
TNFRSF12A	1615.28513742247	1.62541039587695	0.0668716449159775	24.3064216218883	1.67661791011322e-130	7.77855644328561e-130	TNFRSF12A
TNFRSF13B	3.59707850703402	-1.175951139435	0.158558588524373	-7.41650862548032	1.20248053756979e-13	1.78743618140329e-13	TNFRSF13B
TNFRSF13C	150.24914543655	-1.31672513023947	0.088126275354292	-14.9413455288548	1.77357562089034e-50	4.17717319791273e-50	TNFRSF13C
TNFRSF14	2360.61602582545	0.114823127043912	0.0562335502672733	2.04189716811703	0.0411617327518754	0.0460590757298756	TNFRSF14
TNFRSF17	5.70362318079176	-1.95318302911101	0.147263650654267	-13.2631713286568	3.78542565930327e-40	7.95116071098228e-40	TNFRSF17
TNFRSF18	270.703890291462	-3.56260592447824	0.106574431009917	-33.4283363346949	5.31442353667848e-245	5.14051252465069e-244	TNFRSF18
TNFRSF19	2573.21341545384	-0.119650801406952	0.0997366444445465	-1.1996674048271	0.230268536910457	0.246553886088814	TNFRSF19
TNFRSF1A	7812.03903140937	-0.485861792781069	0.0294322075764875	-16.5078270638866	3.22280132275004e-61	8.45803274687615e-61	TNFRSF1A
TNFRSF1B	3052.13384267334	0.0826289089946964	0.0556565392623787	1.48462175495971	0.137644049263612	0.1497299087983	TNFRSF1B
TNFRSF21	967.336291069086	0.566712120272153	0.0498270199864735	11.373590482152	5.66100088493972e-30	1.06238195297957e-29	TNFRSF21
TNFRSF25	1252.53902678759	0.0791497346632029	0.0788790450619182	1.00343170484724	0.315652613232869	0.334691800129874	TNFRSF25
TNFRSF4	206.13419873353	2.09349312039407	0.0694303895670069	30.1524034857049	9.97565601960137e-200	7.48215766703518e-199	TNFRSF4
TNFRSF6B	657.498654371987	-0.674367173862708	0.0589709073183039	-11.4355909469514	2.77639931807131e-30	5.23219892426734e-30	TNFRSF6B
TNFRSF8	145.718158642179	-0.5538617204775	0.0586389942914294	-9.4452800081268	3.54455333179953e-21	5.91942708282061e-21	TNFRSF8
TNFRSF9	5.9522749865263	0.338154736325134	0.103644751627945	3.26263251166845	0.00110382554317317	0.00131789902518142	TNFRSF9
TNFSF10	1962.70298293125	-0.0800101102629499	0.0533757577433763	-1.49899717859985	0.133874363999591	0.145717283006206	TNFSF10
TNFSF11	3.33784367094105	-2.27389041014712	0.160060107525074	-14.2064780869331	8.35215975192225e-46	1.87325227628149e-45	TNFSF11
TNFSF12	1679.19426998073	0.873163561779448	0.0371856497963775	23.4811968208367	6.34890548317457e-122	2.77731828924971e-121	TNFSF12
TNFSF13	735.464071746016	-0.0170713212596547	0.0400926202868711	-0.425797095263563	0.670255703728037	0.686384851678712	TNFSF13
TNFSF13B	99.0222321031604	0.669570607553086	0.0583525419345426	11.4745748060844	1.77045812984243e-30	3.34417804777477e-30	TNFSF13B
TNFSF14	150.17969488594	0.802959245667814	0.0940488348523178	8.53768413961404	1.3693863811086e-17	2.16744256100729e-17	TNFSF14
TNFSF15	27.5832562994527	-1.47287706699556	0.103445772634266	-14.2381561806584	5.31099079866203e-46	1.19444209603592e-45	TNFSF15
TNFSF18	5.48412700793995	0.393205734452288	0.0934144242102858	4.2092614473236	2.56206786761144e-05	3.20900248294416e-05	TNFSF18
TNFSF4	49.787812536725	0.70372767592916	0.042214054921694	16.6704590979132	2.14937339745883e-62	5.70661807192571e-62	TNFSF4
TNFSF8	46.0006764594799	-0.188870402091056	0.0653994764553463	-2.88794975629528	0.00387761806180945	0.00453429925494555	TNFSF8
TNFSF9	56.149318785964	-0.876878268884933	0.0698525192956529	-12.5532805076581	3.81376193024034e-36	7.6774243464836e-36	TNFSF9
TNIK	1341.90687331464	0.189994287997045	0.079302285790789	2.3958236020873	0.0165830688495759	0.0189051185789244	TNIK
TNIP1	11460.3701528218	-0.330539487436868	0.0408931614001022	-8.08300156113735	6.31918143156758e-16	9.75905842052574e-16	TNIP1
TNIP2	2110.21886405875	0.0992151320571956	0.0329983955949214	3.00666533231286	0.00264130376849435	0.00310758883246188	TNIP2
TNIP3	2.16220420424524	-0.0284601558904663	0.149817581140944	-0.189965394406494	0.849336247975897	0.858492997911962	TNIP3
TNK1	506.320379086762	-1.59655234798375	0.0786790961917614	-20.291950788206	1.51464397483212e-91	5.21022476417981e-91	TNK1
TNK2	8563.83682240556	-1.66270347744464	0.0417810638064599	-39.7956233270336	0	0	TNK2
TNKS	3663.84500542096	-0.768872522776793	0.0294493160226479	-26.1083320979507	2.93220274259242e-150	1.56207699228784e-149	TNKS
TNKS1BP1	15054.1743790213	-1.13155319273567	0.0398138313578617	-28.4211077945462	1.1092894634056e-177	7.18026595856315e-177	TNKS1BP1
TNKS2	5159.89502247796	-1.45276724135193	0.0303945233226538	-47.7970069123983	0	0	TNKS2
TNMD	235.616064037112	-3.58535203379356	0.106044913878927	-33.8097500638929	1.418017926915e-250	1.41573714378241e-249	TNMD
TNN	259.11544568796	-2.68278712715863	0.126527930317502	-21.2031218753567	8.93672138666411e-100	3.2992190664754e-99	TNN
TNNC1	134915.512327501	0.507431171398067	0.159303579594013	3.18530928615202	0.00144599377380594	0.00171958339976751	TNNC1
TNNC2	97674.1915392313	-10.5709171788055	0.162555221631011	-65.0296992784444	0	0	TNNC2
TNNI1	98279.9360437127	-6.84248776038129	0.170963937468878	-40.0229888342791	0	0	TNNI1
TNNI2	45145.6318571475	-10.5505836669303	0.145157803544548	-72.683544455069	0	0	TNNI2
TNNI3K	844.627800558335	4.42822499579053	0.043037158976608	102.893060348091	0	0	TNNI3K
TNNT1	156905.201302995	-4.64442837492449	0.157807546600799	-29.4309649631229	2.20632548866694e-190	1.55201504968713e-189	TNNT1
TNNT2	78418.0201922368	9.25002964069277	0.0813060336749926	113.768059055349	0	0	TNNT2
TNNT3	85369.7458466702	-3.83832599257415	0.150269639763605	-25.5429240305119	6.58036895034624e-144	3.35371521730415e-143	TNNT3
TNP1	4.41568145466799	-0.088424403838193	0.166187959357554	-0.532074671233839	0.59467427927129	0.613521991125773	TNP1
TNPO1	5130.93909828243	-0.257019977723621	0.0284754660345703	-9.02601479503759	1.7803749302421e-19	2.90320945006686e-19	TNPO1
TNPO1P1	1.59090611619101	-0.180107890897717	0.11938984437688	-1.50856960939799	0.13140880540981	0.143120154052637	TNPO1P1
TNPO2	5352.41989787937	-0.373767905396083	0.0229568647361813	-16.2813132233603	1.33963002746945e-59	3.45532026428966e-59	TNPO2
TNPO3	3144.68832739756	-0.487667183993615	0.0292521927218537	-16.6711326098057	2.12528999711336e-62	5.64350866470536e-62	TNPO3
TNR	8.82846354880728	0.0937178971757222	0.0962658687306607	0.973531932048861	0.330288997801671	0.349675483704516	TNR
TNRC18	6035.1449111232	-0.404390002837608	0.027184727769136	-14.8756318721252	4.74484113717269e-50	1.11271346157173e-49	TNRC18
TNRC18P1	42.4159240262923	-1.9507393091075	0.113783409596158	-17.1443210924255	6.93035614866067e-66	1.89912225653891e-65	TNRC18P1
TNRC18P3	1.83213658750868	-0.258880744215877	0.0913953364477984	-2.83253778888094	0.00461801073919077	0.00538468786864705	TNRC18P3
TNRC6A	4892.59374820442	0.0157482138353373	0.0173894952517608	0.905616500498638	0.365138872070247	0.385324471575596	TNRC6A
TNRC6B	2903.03232593787	-0.0330789655612464	0.0214964915867643	-1.53880764345814	0.123851263318761	0.135085227278297	TNRC6B
TNRC6C	1677.87972998183	0.276643408315655	0.0274601025515362	10.0743763719185	7.17142804927293e-24	1.24546913955583e-23	TNRC6C
TNS1	44750.6408692458	0.650373516890066	0.048254645853724	13.4779461207024	2.10896173093346e-41	4.50016834027185e-41	TNS1
TNS3	4341.13527371944	0.0652290144860015	0.0282900002913784	2.30572689339564	0.021125897413922	0.0239898611751205	TNS3
TNS4	8934.67540162045	-9.12839240607991	0.150491420812711	-60.6572278790587	0	0	TNS4
TNXA	13.4262391829568	0.895863471283399	0.0787398470926782	11.3775109345711	5.4122445686317e-30	1.01612238714997e-29	TNXA
TNXB	7103.63660464764	1.00157905041171	0.0559720286523607	17.8942781694133	1.30679119014693e-71	3.78862106842243e-71	TNXB
TOB1	6793.32129778665	-1.09154035959494	0.043773471070965	-24.9361161655502	3.02074256063549e-137	1.46844144839318e-136	TOB1
TOB2	7579.87233437039	-0.25617737211791	0.045395928792521	-5.64317944212025	1.66938195013227e-08	2.24525885268462e-08	TOB2
TOE1	388.750571908113	-0.0427664087981671	0.0275428674524193	-1.55272172993777	0.120489628649162	0.131538225805904	TOE1
TOLLIP	5807.23811700108	-0.843205546141464	0.0329336630150252	-25.6031509691701	1.4071369470197e-144	7.20007736876113e-144	TOLLIP
TOM1	9276.69950652047	-1.19164399376781	0.049512068637884	-24.0677480572085	5.44262034359918e-128	2.4853528362539e-127	TOM1
TOM1L1	420.368415481879	-0.586880355722289	0.0612707061071752	-9.57848200240605	9.84816844921633e-22	1.65756783781527e-21	TOM1L1
TOM1L2	10822.3181234519	1.23786253589411	0.036127023943948	34.2641712700908	2.68293390553949e-257	2.77400880147136e-256	TOM1L2
TOMM20	8554.67514481373	-0.319113379138305	0.0172613400225695	-18.4871729959006	2.6193104275464e-76	7.89918026575016e-76	TOMM20
TOMM20L	3.36036875413038	-1.52196786090293	0.0927194499057845	-16.4147637032948	1.49963513433785e-60	3.90551679010644e-60	TOMM20L
TOMM22	2260.07507250578	0.255882387876003	0.0223514702709767	11.4481233124188	2.40291398800751e-30	4.53072742203029e-30	TOMM22
TOMM34	1133.07563999614	-0.118645139873551	0.0215348579459876	-5.50944613477969	3.59964522781283e-08	4.80727158883143e-08	TOMM34
TOMM40	2820.32743054493	0.0519164521205624	0.0304022832123933	1.70764977609968	0.0877013464499679	0.0965100829836087	TOMM40
TOMM40L	1057.39125763946	0.999265081561605	0.0441473464979431	22.6347710752709	1.970847496439e-113	8.12207549986229e-113	TOMM40L
TOMM5	1883.07150402681	-0.0693756288217063	0.03049659403597	-2.27486481735893	0.0229140404714154	0.0259729011098765	TOMM5
TOMM7	9616.45705145849	-0.168709914578027	0.0387863409914032	-4.3497249357814	1.36308401797048e-05	1.7193522113017e-05	TOMM7
TONSL	324.660117219019	0.00490613516614613	0.0564160940820523	0.0869633966330704	0.930700607097807	0.934959631026711	TONSL
TOP1	2862.88199685894	-0.418504735771126	0.0184261187224692	-22.7125821815526	3.36479257868766e-114	1.39464957883851e-113	TOP1
TOP1MT	825.979178859345	-1.39652060501971	0.0426566891063577	-32.738607573075	4.41058228658064e-235	4.03429327950905e-234	TOP1MT
TOP2A	346.642241357622	-1.79525045645729	0.103133319285642	-17.4070850127988	7.29026487661216e-68	2.03903135556084e-67	TOP2A
TOP2B	6977.41827405876	-0.17344864997099	0.0178948320246536	-9.69266711931303	3.23956258413953e-22	5.49160618486635e-22	TOP2B
TOP3A	1341.05947168777	-0.556837808117831	0.0160659774073999	-34.659441750575	3.21953189298801e-263	3.44969009557602e-262	TOP3A
TOP3B	8.64181278809475	0.132858680442883	0.0514617108012117	2.58169964376224	0.00983151082172195	0.0113221819654415	TOP3B
TOPAZ1	0.393734395678847	-0.005074942323693	0.209624259100031	-0.0242097090550539	0.980685333695089	0.982332908669462	TOPAZ1
TOPBP1	1513.80609119637	-0.541077761742899	0.0162284926244578	-33.3412211635384	9.76461303346809e-244	9.3496169795457e-243	TOPBP1
TOPORS	957.833094478851	-0.236669098434704	0.0176066772387261	-13.4420081214499	3.43000494075103e-41	7.30001406224395e-41	TOPORS
TOR1A	1311.1888750209	-0.311091984924409	0.0169049889464601	-18.4023773046921	1.25725917965326e-75	3.76884637684235e-75	TOR1A
TOR1AIP1	3794.3349639147	-0.498134382117958	0.0334127163545172	-14.908526946227	2.90081717886574e-50	6.81870070994543e-50	TOR1AIP1
TOR1AIP2	3095.94966445106	-0.243560530349243	0.0348885836088324	-6.98109539441386	2.92887344355584e-12	4.25079826311768e-12	TOR1AIP2
TOR1B	929.833168414415	-0.0384628783952979	0.0194536020515008	-1.97715972052233	0.0480235790017061	0.0535475994555074	TOR1B
TOR2A	417.14310803569	-0.00525779141700691	0.0347209300732374	-0.151430028110323	0.879636503576432	0.886978305001084	TOR2A
TOR3A	1666.23252755915	-0.544494976190177	0.0298443745810753	-18.2444760137627	2.28921427904015e-74	6.78323394847766e-74	TOR3A
TOR4A	552.186809009854	3.03440317694637	0.0432496899427672	70.1601140022466	0	0	TOR4A
TOX	70.3108205494898	0.0360363635894237	0.0706531800743361	0.510045882598757	0.610019317567715	0.628380986296791	TOX
TOX2	237.426131902577	-0.378417503892252	0.0610358438804898	-6.19992253458814	5.64909586576163e-10	7.83793546165986e-10	TOX2
TOX3	69.0604715562206	-5.55728512951818	0.134264912492015	-41.3904498678958	0	0	TOX3
TOX4	5397.7885662975	-0.496360265836555	0.030331967118827	-16.3642622943655	3.44172959134321e-60	8.92460016908227e-60	TOX4
TOX4P1	2.23932484235503	-0.579840530733447	0.0948542458158544	-6.11296337603192	9.77978216993466e-10	1.3511847328344e-09	TOX4P1
TP53	1773.5423621664	-0.981757220779638	0.0413582456814621	-23.7378835732312	1.46574378624209e-124	6.53575771517066e-124	TP53
TP53AIP1	403.741428660056	-7.00580618985555	0.143008103403137	-48.9888756171133	0	0	TP53AIP1
TP53BP1	1892.59728126982	0.142295250366302	0.0224527930289334	6.33753004282968	2.33477694802859e-10	3.26712685334753e-10	TP53BP1
TP53BP2	2043.33608636061	-0.42502853875898	0.0192073218751235	-22.1284644221774	1.682083515812e-108	6.65476601497403e-108	TP53BP2
TP53I11	4003.19951876488	0.688472437260803	0.0472114326103873	14.5827482707934	3.61659134299648e-48	8.33468963836635e-48	TP53I11
TP53I13	1874.43791146852	0.58880013181925	0.0312050700301967	18.8687329094111	2.06183152457828e-79	6.38593070783443e-79	TP53I13
TP53I3	467.393616567479	0.703858138369327	0.0509998485479285	13.8011809526818	2.50711509092417e-43	5.46176676167565e-43	TP53I3
TP53INP1	2285.85785376237	-0.0351965853073799	0.0322144271647678	-1.09257213010056	0.274581704864131	0.292556689509276	TP53INP1
TP53INP2	5604.03964676117	1.58100633876673	0.0601957596922145	26.264413753569	4.89281841888416e-152	2.63620545819616e-151	TP53INP2
TP53RK	710.539994834069	-0.468426711176053	0.0240734616719726	-19.4582199086647	2.48258887156169e-84	8.03182643367758e-84	TP53RK
TP53TG3D	5.82857472155466	0.893833179000983	0.0917058357348328	9.74674263462905	1.90482235115491e-22	3.23661573939395e-22	TP53TG3D
TP53TG5	33.015759507984	0.952466283378879	0.0293802042315948	32.418640655827	1.49925184435107e-230	1.33405993327551e-229	TP53TG5
TP63	6535.93236125592	-6.62428675209947	0.0862043076604196	-76.8440340382316	0	0	TP63
TP73	310.230601758036	-4.38415933006229	0.0999835254636455	-43.8488171899519	0	0	TP73
TP73-AS1	2056.32366437693	0.324165222498352	0.0219062646681642	14.7978319174356	1.51280732916109e-49	3.53295857968717e-49	TP73-AS1
TPBG	1108.28775182857	-0.835508918048426	0.0590202405323442	-14.1563116400814	1.70722357123513e-45	3.81618421778265e-45	TPBG
TPCN1	6723.21790700256	1.26923891795279	0.0291246421821759	43.5795540427121	0	0	TPCN1
TPCN2	1307.60678269039	-0.057344314365329	0.0252441062266841	-2.2715921827612	0.023111153483033	0.0261913796177334	TPCN2
TPD52	1464.41258629525	-1.14477352229695	0.0572983136295578	-19.9791835008982	8.35796204971676e-89	2.80745801188564e-88	TPD52
TPD52L1	2797.37649882905	-0.749336054818579	0.0450404836583603	-16.6369451203593	3.7633379001193e-62	9.96672731205644e-62	TPD52L1
TPD52L2	5996.34059537626	0.268209775457315	0.0143073175367804	18.7463355564603	2.073988603212e-78	6.3655360351951e-78	TPD52L2
TPGS1	230.995166992914	-0.10841703685494	0.0344881859373727	-3.14359929083586	0.00166883789068233	0.00197831747580985	TPGS1
TPGS2	1693.18202122116	0.178071177828944	0.034436954164698	5.17093285826909	2.32928254146037e-07	3.06031786211431e-07	TPGS2
TPH1	106.114495193201	-1.25226716554585	0.0471122781238159	-26.5804842265272	1.14138167269627e-155	6.32964001546689e-155	TPH1
TPI1	29750.9233881571	0.151516217690613	0.0538283117166097	2.81480531078703	0.0048806792050598	0.00568654410163634	TPI1
TPI1P1	75.6487417497372	0.102110007503819	0.0674292970445169	1.51432703556744	0.129942914869814	0.141575015771185	TPI1P1
TPI1P2	11.1706154683665	-0.0110977221654963	0.0557681103263372	-0.198997636831443	0.842264593161916	0.851871274385192	TPI1P2
TPI1P3	0.450476540503947	0.768940163072442	0.177583274612308	4.33002581324822	1.49091864036073e-05	1.8779670033681e-05	TPI1P3
TPI1P4	2.48171982427825	-3.19134992693321	0.199377474446771	-16.0065721355359	1.14971963210007e-57	2.90675605301031e-57	TPI1P4
TPK1	192.523965795108	0.402349676056304	0.0341211266297715	11.7918051306443	4.30219691941585e-32	8.296073566835e-32	TPK1
TPM1	143765.648034271	2.5393363814907	0.090748925247596	27.9819995064676	2.69086290374955e-172	1.68305153337025e-171	TPM1
TPM2	226837.890980786	-2.40501304658176	0.112946885827555	-21.2933099390955	1.30945029469679e-100	4.86610544071779e-100	TPM2
TPM3	113903.780446871	-4.05430545793043	0.104159651837629	-38.9239536269817	0	0	TPM3
TPM3P1	0.815885672572513	0.22007689860056	0.160579230577791	1.37051907527945	0.170524925028325	0.184416892486325	TPM3P1
TPM3P6	17.4166486299072	-0.827534322122895	0.0603247084423798	-13.7179995310434	7.92211427711595e-43	1.71835135681846e-42	TPM3P6
TPM3P7	1.64774384181522	-1.13691201694334	0.156927773066284	-7.24481074782806	4.33043452817737e-13	6.37645414656203e-13	TPM3P7
TPM3P8	8.53701408391713	-3.33891443771187	0.146675531791774	-22.7639497666994	1.04404864196699e-114	4.34641988992781e-114	TPM3P8
TPM3P9	262.599102466876	0.253075367056424	0.0329588274452209	7.67853066001959	1.60923646122769e-14	2.42550996722429e-14	TPM3P9
TPM4	14751.7683029095	-0.307094894667563	0.0569287650098343	-5.39437127460105	6.87639028656234e-08	9.12643969242857e-08	TPM4
TPMT	887.420910144241	0.291586974887232	0.0292835838256587	9.95735278247394	2.34216090706387e-23	4.03765930741781e-23	TPMT
TPMTP2	0.833901080488943	0.0657129101522513	0.164947427114599	0.398386997007214	0.690344941286255	0.705632802685473	TPMTP2
TPO	810.025095135897	1.07780210285155	0.0667190515605325	16.1543378936328	1.05848972501222e-58	2.70306051070294e-58	TPO
TPP1	5112.63925221147	0.573204308457952	0.0200820337832311	28.5431403335547	3.41736545223039e-179	2.24347175439822e-178	TPP1
TPP2	3499.42919066991	-0.551465149734489	0.0270271802959095	-20.404094829602	1.53782792935821e-92	5.33585978341888e-92	TPP2
TPPP	1505.04439944598	0.555013703642254	0.0551326582214072	10.0668772656195	7.73964753170568e-24	1.34363386265053e-23	TPPP
TPPP3	3051.61078894505	-1.48143981565816	0.0728506012856002	-20.3353134979681	6.2637993825508e-92	2.16129294010537e-91	TPPP3
TPR	6267.22545004731	-0.401154082772088	0.0152132924024023	-26.3686565775035	3.13645722164363e-153	1.70109570493543e-152	TPR
TPRA1	2283.71857230507	-0.307056915657069	0.0265328012897039	-11.5727288763973	5.6651656870637e-31	1.07606465688333e-30	TPRA1
TPRG1	1058.26942174648	-3.70818508663247	0.0753514930204458	-49.2118329443889	0	0	TPRG1
TPRG1L	4572.35131108615	-0.174443083152882	0.0209220048430645	-8.3377804594433	7.56979488418829e-17	1.18500632846572e-16	TPRG1L
TPRKB	942.95356803717	0.0147481599031865	0.0386005315921707	0.38207141961169	0.702408390407511	0.717108293768467	TPRKB
TPRN	904.381722583984	0.232634106979634	0.0455972166017711	5.10193657238715	3.36195434403728e-07	4.40102829954295e-07	TPRN
TPRXL	76.7245301023599	-3.18926346679399	0.115075795936709	-27.7144593338121	4.67490708613925e-169	2.84589118896154e-168	TPRXL
TPSAB1	995.439068703291	-1.9534634946182	0.0851195462351757	-22.9496464797991	1.48549848172065e-116	6.2668052893024e-116	TPSAB1
TPSB2	1009.82287748409	-1.87277577885518	0.0879419095586527	-21.2956005646674	1.24697759974932e-100	4.63586199361575e-100	TPSB2
TPSD1	177.187816186447	-2.09374623610296	0.102004344993431	-20.5260495152222	1.26012834774864e-93	4.41314598984887e-93	TPSD1
TPSG1	49.3050857933845	-1.66524261032942	0.0913758433663132	-18.2241011298106	3.32291009714428e-74	9.82679557395994e-74	TPSG1
TPST1	571.643714937718	-0.274601716520712	0.0531780149333143	-5.16382036571062	2.41959908953712e-07	3.17805204018662e-07	TPST1
TPST2	2179.64011143002	0.112419391061801	0.0357558763027508	3.14408155207629	0.00166609001428149	0.00197519009135149	TPST2
TPT1	145976.40794509	-1.0696384636504	0.0552187452315085	-19.3709302731503	1.35782011184723e-83	4.37325457744891e-83	TPT1
TPTE2	5.6583630476658	-1.17479961519278	0.0870303326542917	-13.4987375017788	1.59078811699433e-41	3.39890526931928e-41	TPTE2
TPTE2P1	17.8558608221264	0.783230389733143	0.0745446057807441	10.506868760388	8.03160481807919e-26	1.43117123668822e-25	TPTE2P1
TPTE2P5	41.0520330942425	-1.01070613219515	0.0579873826595607	-17.4297594724861	4.90518720188463e-68	1.37407835078004e-67	TPTE2P5
TPTE2P6	6.61687744268312	1.11810024279878	0.0870396994001381	12.8458651684752	9.07318539025925e-38	1.85893933769698e-37	TPTE2P6
TPTEP1	943.421966671324	-1.43486293376571	0.0443994591999286	-32.3171263709449	4.02012894452828e-229	3.5543389553268e-228	TPTEP1
TPX2	354.630425052329	-1.94804097983633	0.0726853805685387	-26.8010013100148	3.14555739277599e-158	1.77502127358497e-157	TPX2
TRA2A	2710.04749403505	0.00299992573950699	0.0274895847683176	0.109129539961785	0.913099745303665	0.918149285845787	TRA2A
TRA2B	4688.50722567556	-0.39919361909135	0.0161111299858149	-24.7775059504095	1.56711622831583e-135	7.5285986725149e-135	TRA2B
TRABD	2327.35933000871	-0.250575796354414	0.0204027359138976	-12.2814801608901	1.13895203029289e-34	2.25671717086431e-34	TRABD
TRABD2A	83.7635743306008	-0.607046603768428	0.0793866938820161	-7.64670468165127	2.06195136108801e-14	3.10136918874877e-14	TRABD2A
TRABD2B	384.612217133441	-0.341403743362874	0.0539218510730143	-6.33145443951075	2.42860886579385e-10	3.39763644930094e-10	TRABD2B
TRAC	262.553320233096	0.651666163007305	0.0797833016701106	8.16795180652996	3.1366916555969e-16	4.8671309794328e-16	TRAC
TRADD	940.796366080756	-0.370428204745873	0.0431383774180999	-8.58697584185095	8.9288399977759e-18	1.41810524792627e-17	TRADD
TRAF1	789.659145820742	-0.244266535913965	0.0434060527747361	-5.62747636099583	1.82865213592498e-08	2.45690155984367e-08	TRAF1
TRAF2	817.432594403768	-0.0108080398783003	0.0281870922397189	-0.383439334088904	0.701394043421261	0.716153952105849	TRAF2
TRAF3	1053.97059035015	0.0490869888251611	0.0246361763865637	1.99247594492515	0.0463188619424941	0.0516980303712076	TRAF3
TRAF3IP1	1160.34351064353	-0.636531749180153	0.0265646879283853	-23.961574511854	6.99925184684711e-127	3.17524023425138e-126	TRAF3IP1
TRAF3IP2	1903.82665432074	-1.39074757675509	0.0416164036546674	-33.4182546934018	7.44607702560603e-245	7.1908171962411e-244	TRAF3IP2
TRAF3IP2-AS1	271.055250009852	-0.153267844124392	0.0342683901628397	-4.472572052439	7.7284346746718e-06	9.8082030864895e-06	TRAF3IP2-AS1
TRAF3IP3	48.2295303746658	-0.142908706063218	0.0546841804502766	-2.61334639902233	0.00896603760453979	0.0103420250492965	TRAF3IP3
TRAF4	808.208339559	-1.31441308108352	0.076852035819259	-17.1031654148339	1.40558372050568e-65	3.83769339493747e-65	TRAF4
TRAF5	1009.99756902033	-0.283872174108972	0.0532503854260493	-5.33089426184896	9.77303127302331e-08	1.29270582662718e-07	TRAF5
TRAF6	1371.41654030448	0.115646280424302	0.0167094823156234	6.92099720624931	4.48475334936905e-12	6.48694616649195e-12	TRAF6
TRAF7	3372.39219859422	-0.798556189869629	0.0259382949571191	-30.7867649431002	3.94056058054157e-208	3.10977777335944e-207	TRAF7
TRAFD1	2183.21187387175	-0.096166451327385	0.0387131099940964	-2.48407971723403	0.012988672796228	0.0148733523540012	TRAFD1
TRAIP	139.564942802103	-1.10501437680712	0.0385384829030875	-28.6730118460007	8.28243770163764e-181	5.49142398037493e-180	TRAIP
TRAK1	8871.19317015694	0.509487482057549	0.0424161095797486	12.0116504579383	3.08623377846566e-33	6.01964397509594e-33	TRAK1
TRAK2	3774.3172452285	1.80732728032845	0.0312958154450024	57.7498063121107	0	0	TRAK2
TRAM1	3694.66222261884	0.108276750578233	0.0327448503541393	3.30668026902575	0.000944085826884432	0.00112905188478253	TRAM1
TRAM1L1	87.1130881026257	-0.680467718204243	0.0736273690989694	-9.24204852803531	2.41822387575705e-20	3.99142196841212e-20	TRAM1L1
TRAM2	1960.85797123878	0.480798579359747	0.0454789880593336	10.5718838495808	4.02330398235239e-26	7.19057734177179e-26	TRAM2
TRANK1	1025.04505884756	0.216642399052062	0.0578721388018045	3.74346626092393	0.000181498983053364	0.000221773227935352	TRANK1
TRAP1	3964.16899377947	-0.45931843344473	0.0386854057874577	-11.8731708791755	1.63163888534534e-32	3.15988505380329e-32	TRAP1
TRAPPC1	2513.28192630714	0.60363908109791	0.0213355647379131	28.2926226004812	4.2592442487691e-176	2.73628321634877e-175	TRAPPC1
TRAPPC10	1367.57380217056	-0.508938265174895	0.0226820603491928	-22.4379204243237	1.67915148199732e-111	6.81696116992193e-111	TRAPPC10
TRAPPC11	2011.99867040303	-0.55074113499032	0.0157273677372408	-35.0180109088581	1.19696981094408e-268	1.31864464913123e-267	TRAPPC11
TRAPPC12	2680.24373285661	0.122533869275486	0.0213273243323326	5.74539343830028	9.17074972103918e-09	1.23982475199719e-08	TRAPPC12
TRAPPC13	769.014625389347	0.177867843027497	0.0231136975264369	7.69534354354407	1.41114507192693e-14	2.12961288059663e-14	TRAPPC13
TRAPPC2	520.1581148568	-0.231381069383783	0.026146987137175	-8.84924401308218	8.81141263794685e-19	1.42012927653041e-18	TRAPPC2
TRAPPC2L	1581.54327670318	0.00374149719702343	0.022306036495547	0.167734738431472	0.866791966034199	0.874810617884145	TRAPPC2L
TRAPPC3	2355.43715033706	0.117434227617582	0.0156262109642059	7.51520812605063	5.68204677411972e-14	8.49734352254956e-14	TRAPPC3
TRAPPC4	1438.86758833477	0.0117083562084222	0.0206357552565927	0.56738200578734	0.570454672563501	0.589954875377202	TRAPPC4
TRAPPC5	1966.08682579032	0.104573561805134	0.0324944708345429	3.21819556125738	0.00128999832025319	0.00153640728879699	TRAPPC5
TRAPPC6A	787.781699608197	-0.877101467766612	0.030674078300743	-28.5942240600385	7.92701476578795e-180	5.226893509119e-179	TRAPPC6A
TRAPPC6B	265.166201741931	-0.411552742514834	0.0276654589635382	-14.8760496999975	4.71530957388978e-50	1.10593208650932e-49	TRAPPC6B
TRAPPC8	2914.22058952807	-0.607227117929667	0.0213949316227092	-28.3818209208549	3.39025212255119e-177	2.19130802362815e-176	TRAPPC8
TRAPPC9	2765.07848155304	-0.304179116887166	0.0391205208324563	-7.7754362778014	7.51878203886939e-15	1.13850601852025e-14	TRAPPC9
TRAT1	12.8956401553617	-1.79623258900129	0.10913015234346	-16.459544410312	7.16376005772534e-61	1.87243857701632e-60	TRAT1
TRAV1-2	0.470505623369152	-0.345795526439754	0.2092622456539	-1.65245061458275	0.0984427247249282	0.10801996268049	TRAV1-2
TRAV10	0.274986710963212	-0.194927222139801	0.260363602081897	-0.74867308863889	0.454054267669056	0.474675118898349	TRAV10
TRAV12-1	0.668922769985356	-0.925155360771654	0.188096509440952	-4.91851424314751	8.72035729333534e-07	1.13208677078703e-06	TRAV12-1
TRAV12-2	1.00706269431894	-0.884743157685882	0.174838196565604	-5.06035394476231	4.18478915013082e-07	5.46664655235885e-07	TRAV12-2
TRAV12-3	0.688915399444298	-0.825243446821768	0.200573697237946	-4.11441509124081	3.88162401855008e-05	4.83986381920898e-05	TRAV12-3
TRAV13-1	0.987416137991877	-0.704292698429105	0.16446083089906	-4.28243427069497	1.84859748383917e-05	2.32313622637453e-05	TRAV13-1
TRAV13-2	0.544394896781968	-0.573815158330796	0.199411965640126	-2.87753624256604	0.00400793868099958	0.00468395145080007	TRAV13-2
TRAV14DV4	0.570090573639388	-0.371719289249507	0.200433171896017	-1.85457968725033	0.0636562710235043	0.0705371828066544	TRAV14DV4
TRAV16	0.372019287104092	-0.320038956463917	0.203299238941246	-1.57422604300259	0.115435200582021	0.126135064081399	TRAV16
TRAV17	0.877684680157218	-0.786802435966191	0.173401813556968	-4.53745217438397	5.69379374120271e-06	7.24697596941172e-06	TRAV17
TRAV19	1.37899370628504	-0.54135995715395	0.137198994597727	-3.94580119731373	7.95335840210158e-05	9.83029419089746e-05	TRAV19
TRAV2	0.495691415895866	-0.640594703676416	0.213622338652129	-2.99872526308958	0.00271111657391413	0.00318910079376777	TRAV2
TRAV21	0.678026762501074	-0.622132361052194	0.187119216864374	-3.32479138956167	0.000884847152586468	0.00105905143575193	TRAV21
TRAV22	0.879172204491952	1.03766653100359	0.152015613959511	6.82605229802227	8.7283121896853e-12	1.25544025350799e-11	TRAV22
TRAV23DV6	0.366614408837792	-0.412274536374541	0.230808081949501	-1.78622227130133	0.0740632764221551	0.0818524704613958	TRAV23DV6
TRAV26-1	0.504417645320149	-0.709349873888773	0.193477485885707	-3.6663174045367	0.000246068475529654	0.000299633269837604	TRAV26-1
TRAV3	0.644261213164966	-0.853157452929397	0.18031057270694	-4.73159970666857	2.22757355081374e-06	2.86315969212411e-06	TRAV3
TRAV38-2DV8	0.650841160858067	-0.561535788957531	0.177364862899393	-3.16599229282552	0.00154554888683029	0.00183554961482035	TRAV38-2DV8
TRAV4	0.824276566111514	-0.958895956177969	0.171972100817059	-5.57588092267377	2.46280355530404e-08	3.29931731778135e-08	TRAV4
TRAV41	0.273751713625011	-0.047565802428847	0.229562152719389	-0.207202284285033	0.835851883424328	0.845908233739323	TRAV41
TRAV6	0.264979749664004	-0.237454473322916	0.260794567414818	-0.910503909942353	0.362556820664236	0.382644543197521	TRAV6
TRAV8-2	1.24580252683019	-1.56145238626441	0.170342731009139	-9.16653371126611	4.88473427119181e-20	8.02501611898547e-20	TRAV8-2
TRAV8-3	0.874317098194592	-1.2081056896512	0.163958916995805	-7.36834392289932	1.72760632251605e-13	2.56040189458352e-13	TRAV8-3
TRAV8-4	0.610303428858564	-0.911952543651231	0.184689651996179	-4.93775657593473	7.90263980933268e-07	1.0267442743255e-06	TRAV8-4
TRAV8-6	0.93380444767701	-1.27346067262956	0.171067362537711	-7.4442059182904	9.75292722311696e-14	1.45224950734824e-13	TRAV8-6
TRAV9-2	0.738808129029253	-0.959518133851958	0.180306114159178	-5.32160619359184	1.02855040625635e-07	1.36009225468453e-07	TRAV9-2
TRBC2	103.355339644699	-0.18870341858491	0.0580982536462242	-3.2480050043152	0.00116217226622578	0.00138654977229125	TRBC2
TRBV19	1.91923936350295	-1.08707630004895	0.151719912602017	-7.16502060543961	7.7774855048452e-13	1.14008563984298e-12	TRBV19
TRBV2	0.974384232328906	-0.829161552229038	0.166943810536423	-4.96671035341041	6.80981807404704e-07	8.85527235071305e-07	TRBV2
TRBV20-1	2.99678583724056	-1.49835322665345	0.139430516202784	-10.7462359565125	6.17295415719084e-27	1.11442531123851e-26	TRBV20-1
TRBV24-1	4.12676947581439	-3.45515395042264	0.205797714686055	-16.7890783223394	2.93365388870588e-63	7.84792742615462e-63	TRBV24-1
TRBV28	1.16060814665368	-0.599507044725788	0.1713234780384	-3.49926963653759	0.000466534539761537	0.000563781434629929	TRBV28
TRBV29-1	1.82868530667213	-0.711633079972057	0.157192917711993	-4.52713194926441	5.97896098603717e-06	7.60563046496044e-06	TRBV29-1
TRBV3-1	0.927981924033308	-0.830387028385793	0.174014820927976	-4.77193278111344	1.82466405810062e-06	2.35150184062638e-06	TRBV3-1
TRBV4-1	0.697015404533245	-0.605784002873987	0.212150138526483	-2.85544948064395	0.00429759594188037	0.00501822940774446	TRBV4-1
TRBV4-2	0.878129361782513	-0.733048001248104	0.171373782884983	-4.27748042266236	1.89020575737551e-05	2.374928026699e-05	TRBV4-2
TRBV5-1	1.50400399659461	-0.858057292375261	0.157279412340165	-5.4556237183761	4.88012388401333e-08	6.50045212639662e-08	TRBV5-1
TRBV6-5	1.0923100466187	-0.819040267403358	0.176807176183698	-4.63239267252591	3.61463734436599e-06	4.62584152110993e-06	TRBV6-5
TRDC	19.2912275258092	-0.650931704336513	0.0930924456902461	-6.99231499946204	2.70386937664561e-12	3.92708993456492e-12	TRDC
TRDMT1	349.476797039624	-0.0889610393965507	0.0251979416371809	-3.53048835009936	0.000414793281973956	0.000501760222351534	TRDMT1
TRDN	46458.6994590523	-1.74304351148434	0.162903779059103	-10.6998347217713	1.01959915946693e-26	1.83703377735604e-26	TRDN
TREH	9.15607897826332	1.11551212656016	0.0984796921360144	11.3273315783673	9.60875984177354e-30	1.79762300885227e-29	TREH
TREM1	61.0563153661876	2.0706585810063	0.0775706639825203	26.6938359773857	5.54999750545164e-157	3.10844757609319e-156	TREM1
TREM2	47.7264444867308	-0.475536492440057	0.128475893586015	-3.70136746409693	0.000214440657815663	0.000261545245703621	TREM2
TREML1	8.26961008101898	0.269964864372563	0.100273408256315	2.69228770685134	0.00709636981822608	0.00821701743843353	TREML1
TREML2	8.46999641665335	1.52220892223672	0.0755620871875433	20.145141285717	2.96861663942227e-90	1.0105534819637e-89	TREML2
TRERF1	690.503697916059	-0.524996687961698	0.0623411716491445	-8.42134778788526	3.72177635740067e-17	5.85370871206373e-17	TRERF1
TREX2	306.192158885416	-3.742041753123	0.119560975858031	-31.2981867726337	4.93907265268425e-215	4.05973729776115e-214	TREX2
TRGC1	11.0487185419676	-0.325669919081857	0.0994264798573478	-3.27548475566179	0.00105480806927459	0.00126037836408973	TRGC1
TRGC2	17.9769285437029	-0.468375278513212	0.0963048938111432	-4.86346290388638	1.15349652151215e-06	1.49296023035233e-06	TRGC2
TRGV1	0.209598091499835	0.5044720749403	0.239139778918201	2.10952806439141	0.0348990262160285	0.0391925491867695	TRGV1
TRGV2	1.25715513167746	0.680969587147118	0.147352057506926	4.62137820583273	3.81199103306056e-06	4.87355472912807e-06	TRGV2
TRGV3	1.92555398130263	0.274017072623454	0.114525079043411	2.39263814452017	0.0167277295685741	0.0190676203117973	TRGV3
TRGV4	2.60050159946623	0.501027052196454	0.11025396249394	4.54429973184857	5.51181819086735e-06	7.01933068650889e-06	TRGV4
TRGV5	0.97432557482578	0.626003654185352	0.156148195803896	4.00903546123286	6.09672616390868e-05	7.5619904689947e-05	TRGV5
TRGV5P	1.12211875015893	0.596782516550061	0.128416025183047	4.64725890479319	3.36374877234482e-06	4.30936172877227e-06	TRGV5P
TRGV8	0.781531452826694	-0.242271622671983	0.170891221967469	-1.41769495169332	0.156279844613483	0.169398054006582	TRGV8
TRGV9	3.41779234341497	0.0317689029594096	0.114219487812344	0.2781390773841	0.780905599341543	0.79293105221949	TRGV9
TRHDE	99.6256612961111	-1.94254522239148	0.0841173992963244	-23.0932629710577	5.41105971931553e-118	2.30652346690502e-117	TRHDE
TRHDE-AS1	594.531044948449	-3.8611835976835	0.108915683624111	-35.4511257626512	2.78709876633019e-275	3.17736319776502e-274	TRHDE-AS1
TRHR	4.26078701723592	-0.176296301058989	0.09079748960238	-1.94164290038222	0.052180345578548	0.058063819049233	TRHR
TRIAP1	1200.17801972206	-0.765665853009906	0.0315925838042935	-24.2356199085511	9.37564885694753e-130	4.33413084421963e-129	TRIAP1
TRIB1	2392.05179788352	-0.303266110976934	0.0576103922040256	-5.26408690124735	1.40887801683759e-07	1.85742003669938e-07	TRIB1
TRIB2	2858.30986221746	1.1804473258551	0.0378957174396133	31.1498872593225	5.08989267124283e-213	4.12531102994336e-212	TRIB2
TRIB3	621.350644913091	-0.901919626927704	0.0781143624119306	-11.5461433605704	7.72078782606616e-31	1.46466331180332e-30	TRIB3
TRIL	438.78490109964	1.19705625833238	0.0762365479231485	15.7018686042696	1.46851918824093e-55	3.63365139622335e-55	TRIL
TRIM10	26.0417856126385	-2.92371338443687	0.167903919534731	-17.4130144938761	6.5729908156657e-68	1.83927262043834e-67	TRIM10
TRIM11	867.681521605715	-0.304470923437963	0.0420761325316024	-7.23619080744368	4.61461982352631e-13	6.79324267609561e-13	TRIM11
TRIM13	1432.06976766401	-0.262459542496562	0.01925821505344	-13.6284459264921	2.71296120469559e-42	5.85283013491435e-42	TRIM13
TRIM14	583.364516297664	-1.41427783830316	0.070622384254338	-20.0259146336636	3.27444412683964e-89	1.10422009605171e-88	TRIM14
TRIM15	20.6012802032316	-4.65539861773577	0.184517169490963	-25.2301649249166	1.86993838164876e-140	9.29085310738597e-140	TRIM15
TRIM16	1904.02467584292	-0.401740754199393	0.045553028351532	-8.81918872877488	1.15291975020958e-18	1.85582656027208e-18	TRIM16
TRIM16L	936.719177008002	-0.414698330198588	0.065746598584518	-6.30752524277722	2.83532347885875e-10	3.96016898998575e-10	TRIM16L
TRIM17	72.7769180547836	-0.936697476715774	0.0908411992194652	-10.3113728656618	6.2600594248256e-25	1.10250787306805e-24	TRIM17
TRIM2	1069.47402095181	0.0962028847044709	0.0499805476243194	1.92480653528616	0.0542535661062361	0.0603148742266771	TRIM2
TRIM21	515.808583728087	0.587516570370057	0.0309597114304638	18.9768102874483	2.65216472121259e-80	8.28703647744279e-80	TRIM21
TRIM22	2008.00218562868	0.546797154224512	0.049292192820664	11.0929768576919	1.35695553195882e-28	2.50760255936667e-28	TRIM22
TRIM23	1008.16977213187	-0.270881665847543	0.0342059912718769	-7.9191292453569	2.39179631326784e-15	3.65272973913076e-15	TRIM23
TRIM24	1579.83511998751	-0.30187293764787	0.0253706873161732	-11.8984926929998	1.20504012571931e-32	2.33724030848759e-32	TRIM24
TRIM25	2893.75295992463	-0.485156061434475	0.0346832557628899	-13.9881925950441	1.84029551359015e-44	4.06368492886854e-44	TRIM25
TRIM26	2039.66916647051	-0.327240728002673	0.0239343129292877	-13.67245130326	1.48313423330916e-42	3.20888213146613e-42	TRIM26
TRIM27	2205.15774839879	0.0812233768600514	0.0199610413360385	4.06909516856755	4.71960678807314e-05	5.86967338716238e-05	TRIM27
TRIM28	10809.4252878983	-0.346477067688202	0.0212497463100317	-16.3049978401217	9.094215223596e-60	2.35005696583336e-59	TRIM28
TRIM29	33270.4233439428	-9.16765485972831	0.144820018143734	-63.3037820132668	0	0	TRIM29
TRIM3	1375.93377470712	-0.115267140701464	0.0198920979854378	-5.79461959145014	6.84762144102949e-09	9.28612577670422e-09	TRIM3
TRIM31	9.39771296029344	-2.61654668453136	0.127051598625935	-20.5943625489908	3.08318012443219e-94	1.08675005717454e-93	TRIM31
TRIM32	1181.52276416684	-0.718656641016767	0.0476090405658275	-15.0949616391262	1.74789527609533e-51	4.16408984449339e-51	TRIM32
TRIM33	2827.81140759209	-0.804086694175873	0.0208721498986993	-38.5243828775867	0	0	TRIM33
TRIM34	262.663162599705	-0.22071133666093	0.0570842157139152	-3.86641620456087	0.000110446388307857	0.000135811560620926	TRIM34
TRIM35	2055.98209991082	-1.56718178838896	0.0614727136003984	-25.4939418906473	2.30105291061153e-143	1.167782730305e-142	TRIM35
TRIM36	51.0812470346678	-1.59483707722313	0.0779741325000492	-20.4534122546618	5.60164256652388e-93	1.95114488854482e-92	TRIM36
TRIM37	1145.64149872794	0.196936544553668	0.0262992265805562	7.48830175482307	6.97704711917501e-14	1.04140816909013e-13	TRIM37
TRIM38	1651.34394170147	-0.618306584772745	0.0294071805648465	-21.0257009647457	3.81714325723746e-98	1.39178439889673e-97	TRIM38
TRIM39	1165.04961221179	-0.352728420467599	0.0163720303647236	-21.5445740454779	5.95285488773163e-103	2.25262436060663e-102	TRIM39
TRIM4	1646.86430446204	-0.753736914793018	0.0363950293199435	-20.7098861816273	2.82122266918364e-95	9.99701363542809e-95	TRIM4
TRIM41	2426.05823581133	-0.194426413464394	0.0269560022944818	-7.21273174487727	5.48403861667391e-13	8.06125911634388e-13	TRIM41
TRIM44	4947.73322532596	-0.0397889995251961	0.0169929396254893	-2.34150184736212	0.0192063309080475	0.021841756439179	TRIM44
TRIM45	1091.72807751756	0.114901537835097	0.0625284790134965	1.83758728259321	0.0661232441889765	0.0731942269490694	TRIM45
TRIM46	49.5626059391856	-1.03123396186769	0.0735503487523668	-14.0207895592678	1.16313368222625e-44	2.57439682943008e-44	TRIM46
TRIM47	1306.96673147462	0.489171027392613	0.0478216682178411	10.2290665638075	1.46928704916463e-24	2.57558050170538e-24	TRIM47
TRIM5	594.363777981099	0.520851070824657	0.0426037630506249	12.2254710271894	2.27260568916126e-34	4.48860818637172e-34	TRIM5
TRIM50	23.8410221560919	-1.18915089943644	0.0898421772780029	-13.2359982300607	5.43695277640504e-40	1.14001848489304e-39	TRIM50
TRIM51CP	0.0563895038802313	0.495658484777845	1.05582115814792	0.469453070676582	0.638745821783781	0.656020056936717	TRIM51CP
TRIM51HP	0.0544424653392077	0.570705500556546	0.989946460543225	0.576501379926523	0.564276337411095	0.584076059957026	TRIM51HP
TRIM52	1286.84137696682	0.533005116327545	0.0239637108884258	22.2421777165147	1.34278707423689e-109	5.35716093159092e-109	TRIM52
TRIM54	15259.1526773247	-0.0525062415960599	0.165172047805442	-0.317888179590215	0.750569759213156	0.763851551085257	TRIM54
TRIM55	1442.71736304123	2.00370656881574	0.146961048699954	13.6342696690104	2.504859046144e-42	5.40517474102591e-42	TRIM55
TRIM56	3684.77825784643	0.0990386128572326	0.0286794690582642	3.45329310860076	0.0005537869190554	0.000667428918714265	TRIM56
TRIM58	53.238178605198	0.338340322478944	0.0799219909171546	4.23338205913389	2.30202932303955e-05	2.88711975503623e-05	TRIM58
TRIM59	102.22818246439	-1.24248228881754	0.0661067351464246	-18.795093814049	8.28335710452356e-79	2.55235726187142e-78	TRIM59
TRIM6	122.632320650567	-0.205330897258815	0.0633767049965161	-3.23984809986732	0.00119593390901233	0.00142607354902829	TRIM6
TRIM62	845.956972801431	-1.0330007416087	0.0499822390196787	-20.6673562823385	6.81483299177633e-95	2.41009447318204e-94	TRIM62
TRIM63	38994.7656571534	-1.62225037351885	0.154619248200076	-10.491904419427	9.4112074657298e-26	1.67567898704849e-25	TRIM63
TRIM65	1309.42872096006	-0.177945796687882	0.019329593279918	-9.20587381798424	3.38902436911423e-20	5.57997143221671e-20	TRIM65
TRIM66	1589.29266693659	-1.11437569702043	0.0366939859801836	-30.3694370413244	1.3917003418567e-202	1.06107572442874e-201	TRIM66
TRIM67	10.4925542508226	-0.967563669627246	0.0922638970891108	-10.4869152523738	9.92147938635164e-26	1.76618424083975e-25	TRIM67
TRIM68	667.583687286269	0.518364444873079	0.0198371427911833	26.1310033571704	1.62048051833381e-150	8.64048276378168e-150	TRIM68
TRIM69	1885.55111108851	1.27033967405841	0.0422724070119935	30.0512737232587	2.10122717733237e-198	1.5642758651431e-197	TRIM69
TRIM7	3176.60276576397	-2.14223189622777	0.0789607258313971	-27.1303470639571	4.31941889784597e-162	2.50334383709354e-161	TRIM7
TRIM71	3.63679661111531	-1.22265812550474	0.13260829915038	-9.2200724489967	2.96899545145557e-20	4.89332421915873e-20	TRIM71
TRIM72	5850.97931013776	-5.82327343700232	0.149821360340986	-38.8681121553619	0	0	TRIM72
TRIM73	23.2534917395061	-0.286844045901797	0.0539079991605643	-5.3209922528832	1.03202798084834e-07	1.36459054526598e-07	TRIM73
TRIM74	14.223206720682	-0.35653749404175	0.0612162989305707	-5.82422492490311	5.73782577862899e-09	7.79756921645028e-09	TRIM74
TRIM8	6389.03120430207	0.00889332982833641	0.0234812681424906	0.378741462103721	0.704879860778957	0.719509065714885	TRIM8
TRIM9	167.558867481711	0.422688956835296	0.0505988536896138	8.35372594462667	6.61427087639758e-17	1.03650639893822e-16	TRIM9
TRIO	4923.68723666568	0.289374615181845	0.0258124601026721	11.210656172671	3.61503401806839e-29	6.7218497427176e-29	TRIO
TRIOBP	5085.41061931381	1.0945065523083	0.0263590044305688	41.5230611304495	0	0	TRIOBP
TRIP10	12430.6854524395	-0.494957866834253	0.053123368827644	-9.31714004132754	1.19518416483623e-20	1.98217340622969e-20	TRIP10
TRIP11	2512.25434655234	-0.360734262561904	0.0248341106557039	-14.5257572362089	8.32175797958581e-48	1.91022654157771e-47	TRIP11
TRIP12	10364.9647601191	-0.522410670965306	0.0292567999447719	-17.8560427644671	2.59390509584506e-71	7.49966039677271e-71	TRIP12
TRIP13	78.2873296346194	-0.957493695040707	0.0515044775421524	-18.5904942780377	3.83626347912535e-77	1.16452915493652e-76	TRIP13
TRIP4	1037.60643323352	-0.0496450296772715	0.0264489796258303	-1.8770111505091	0.0605165656197348	0.0671117975431769	TRIP4
TRIP6	2372.90648094335	-0.504709692187459	0.0568179111002954	-8.88293290643055	6.51202427847915e-19	1.05217618738805e-18	TRIP6
TRIQK	557.229728243143	0.990497343551618	0.0466386363477662	21.2376994937387	4.28360622520631e-100	1.58563018013446e-99	TRIQK
TRIT1	1156.93368244627	-0.0426894694050572	0.03413526243936	-1.25059736924225	0.211081410907845	0.226778661757811	TRIT1
TRMT1	2290.87548212592	-0.263677442250263	0.0213073537528852	-12.3749502311876	3.5711558977283e-35	7.11031714578113e-35	TRMT1
TRMT10A	232.034329732562	-0.174372373589279	0.0252544577157955	-6.90461761450601	5.03388363629286e-12	7.2736345590711e-12	TRMT10A
TRMT10B	394.051700622115	-0.204604596969372	0.0226247370095915	-9.04340222309024	1.51869834931143e-19	2.47874594124173e-19	TRMT10B
TRMT10C	1073.74021969278	0.157020408769023	0.0377485181826554	4.15964430734052	3.1874358448425e-05	3.98119849035594e-05	TRMT10C
TRMT11	705.026400038204	0.0424098341444652	0.0265706223555573	1.59611745547221	0.110462572192784	0.120826199309857	TRMT11
TRMT112	2663.40139877429	-0.224047743082123	0.0188698898720587	-11.8732936228673	1.62924611277764e-32	3.15559062579194e-32	TRMT112
TRMT12	527.454744773655	-0.220086416797743	0.0259257106667921	-8.48911798894865	2.08211250260882e-17	3.2883055939166e-17	TRMT12
TRMT13	788.465546789672	-0.203258699210372	0.0211740028090846	-9.59944612471504	8.03751663197579e-22	1.35471289224903e-21	TRMT13
TRMT1L	1449.04078166293	-0.144653832787453	0.057251283915108	-2.52664783905887	0.0115156909445477	0.0132169059355269	TRMT1L
TRMT2A	1673.08768558009	-0.263446206869217	0.0174766830636861	-15.0741537115025	2.39565888625269e-51	5.69597881540544e-51	TRMT2A
TRMT2B	973.072726014887	0.164323745047423	0.0290568449928894	5.65525077095038	1.55618892607043e-08	2.09380049766005e-08	TRMT2B
TRMT44	833.815770698442	-0.877463793124006	0.0233554643086674	-37.5699571426791	0	0	TRMT44
TRMT5	707.737561683866	-0.639156497012151	0.0187552997548361	-34.0787140364068	1.52487874898114e-254	1.55432289696543e-253	TRMT5
TRMT6	1055.24689572582	-0.721001488715685	0.0379258122350274	-19.0108384297116	1.38717580378651e-80	4.34875507557663e-80	TRMT6
TRMT61A	1128.7663364619	-0.470964911016352	0.023689377973047	-19.8808475069375	5.96182685036824e-88	1.99107319357103e-87	TRMT61A
TRMT61B	460.43439236137	0.226379570860347	0.0298531939339199	7.58309383449685	3.37410631962973e-14	5.06186247684431e-14	TRMT61B
TRMU	1250.96355260716	0.893604182282232	0.0179331295875561	49.8297956259853	0	0	TRMU
TRNAU1AP	812.098512416038	-0.0336485525155829	0.019800228232565	-1.69940225538622	0.0892434173147368	0.0981770308062444	TRNAU1AP
TRNT1	643.5666875899	0.0677295490313419	0.0240447541309391	2.81681187765577	0.00485029261771417	0.00565187191943765	TRNT1
TRO	1276.26122206881	-1.29507157007445	0.0624958899381411	-20.7225078538177	2.1707893447168e-95	7.69674591180758e-95	TRO
TROAP	138.302066964556	-1.33107029857706	0.0967433802808093	-13.7587739307172	4.51112415396802e-43	9.80852106481197e-43	TROAP
TRPA1	3.36289702714308	0.90059183993706	0.0903126776082504	9.97193155808712	2.02256543079518e-23	3.48837791700144e-23	TRPA1
TRPC1	537.139763213883	1.29976207728011	0.0466344108892177	27.8713090290291	5.94437292158046e-171	3.68600265109783e-170	TRPC1
TRPC3	28.0838857556601	0.391105290597379	0.0644584633088861	6.06755529872308	1.29871908295453e-09	1.79061291454232e-09	TRPC3
TRPC4	53.6240320202121	1.36406595760319	0.0554017068745382	24.6213706139456	7.4589005490485e-134	3.53894751669536e-133	TRPC4
TRPC4AP	6871.20816896592	-0.392260456099723	0.0197102171805558	-19.9013766569091	3.95904330046257e-88	1.32392231936888e-87	TRPC4AP
TRPC5	3.62520293019637	-0.328643971167134	0.104707329275841	-3.13869118274761	0.00169704191506438	0.00201135445832722	TRPC5
TRPC6	263.40171601882	-1.84976141785162	0.0680681536084479	-27.1751372674526	1.27800326596811e-162	7.44509281252167e-162	TRPC6
TRPC6P	0.440776385147744	0.340266027668013	0.196778406418597	1.72918377509462	0.0837762092455082	0.0923159902788741	TRPC6P
TRPM1	154.69520994492	-6.26663524048165	0.182473294628339	-34.3427527477131	1.80686337398678e-258	1.88334380979363e-257	TRPM1
TRPM2	184.390417305645	-0.156463911672992	0.0567763160146978	-2.75579542062025	0.00585496048712264	0.00679837087845544	TRPM2
TRPM3	26.7397665601047	-0.153307425382338	0.0490530101636162	-3.12534184693216	0.0017759854022736	0.00210325744910047	TRPM3
TRPM4	4064.1580550521	0.119227425385256	0.0346726665547513	3.43865751418296	0.00058460632617683	0.000703960029266781	TRPM4
TRPM5	3.7826196400756	-0.904940739431627	0.0974888803012213	-9.28250213394123	1.65544470015528e-20	2.73843595363859e-20	TRPM5
TRPM6	99.5457559382582	-1.06722854477549	0.0667400682099251	-15.9908219065436	1.48064555628555e-57	3.74026110843337e-57	TRPM6
TRPM7	2572.99015816623	0.575129658334366	0.0202857281181813	28.3514426982239	8.0341436510902e-177	5.17989326157861e-176	TRPM7
TRPM8	5.3629476307248	-1.93587573639011	0.131121223963736	-14.764015144684	2.49946723223366e-49	5.82357101312946e-49	TRPM8
TRPS1	2478.70106510795	-2.20820582511278	0.0674601547492407	-32.7334829473932	5.21700222117949e-235	4.76706888240873e-234	TRPS1
TRPT1	2187.65098703796	0.0268669684452147	0.0575847199929852	0.466564193565369	0.640811709910862	0.65795411761952	TRPT1
TRPV1	995.760398512635	0.270062206563379	0.0261156766320016	10.3409997898523	4.59716073866722e-25	8.11706625372719e-25	TRPV1
TRPV2	568.710022029998	0.915199703872787	0.0444213275788106	20.6027094136049	2.59510000300988e-94	9.15071403607853e-94	TRPV2
TRPV3	1076.60040080627	-3.18846037552614	0.080052565349058	-39.8295839942581	0	0	TRPV3
TRPV4	342.81360862008	-3.01818582498366	0.106067771917348	-28.4552580904175	4.19517270989947e-178	2.72625646032131e-177	TRPV4
TRPV5	4.0516677458294	-0.931252229708847	0.108241484405865	-8.60346876080336	7.73423113182574e-18	1.22924152043082e-17	TRPV5
TRPV6	346.491590733976	-5.68061239524554	0.123837239119129	-45.8716007854543	0	0	TRPV6
TRRAP	3785.71117264152	-0.47778123706499	0.023728680666758	-20.1351791856816	3.62997799598982e-90	1.23475498688233e-89	TRRAP
TRUB1	599.448339771649	0.458293113293688	0.0274787350737865	16.6781007955086	1.89137012077281e-62	5.02457992090192e-62	TRUB1
TRUB2	1498.8995827472	0.638204633995123	0.0251142365414325	25.4120658990464	1.85517409830084e-142	9.33864344057983e-142	TRUB2
TSACC	14.0964620223878	0.0190510367448828	0.0660359838284368	0.288494781790151	0.772968024328764	0.78558025101299	TSACC
TSC1	4349.07028631166	-0.0230313080079263	0.019083670863381	-1.20685942305368	0.227486286717193	0.243690826422053	TSC1
TSC2	6481.37543543691	-0.218519638559028	0.0185762377293351	-11.7633958901133	6.02608197436171e-32	1.15806022868032e-31	TSC2
TSC22D1	16821.713967403	-0.205050741260055	0.0435394811884584	-4.70953570559335	2.48281718480558e-06	3.18918168572036e-06	TSC22D1
TSC22D2	2073.2637240657	0.0971144483565785	0.027928711017899	3.47722629570479	0.000506630020736737	0.000611495708950114	TSC22D2
TSC22D3	32010.5697884965	-1.72984126656165	0.0529296628991537	-32.6818870896174	2.82495792394874e-234	2.57348520187253e-233	TSC22D3
TSC22D4	3258.34997725532	0.45033513015602	0.0307203449010669	14.6591821024893	1.17681975402829e-48	2.72217070062493e-48	TSC22D4
TSEN15	1248.55424591088	0.398462049858948	0.0329784998943856	12.0824795286333	1.30717467577304e-33	2.56155577385048e-33	TSEN15
TSEN2	645.5714264165	0.0412935082177179	0.0211381208227542	1.95350895020277	0.0507593177858524	0.0565244961004101	TSEN2
TSEN34	1502.47524885535	-0.322938245875966	0.0238302437779227	-13.5516131889154	7.75078326411784e-42	1.66176571626233e-41	TSEN34
TSEN54	1183.79126732808	-0.668758151577878	0.0370578018771513	-18.0463523928065	8.42760097048215e-73	2.46675195235202e-72	TSEN54
TSFM	1429.06217005967	0.21898831914827	0.0373192323399962	5.86797491312739	4.41149979223483e-09	6.00918711767077e-09	TSFM
TSG101	3749.96277852156	-0.103305746711935	0.0230850504238332	-4.47500632726716	7.64090499405866e-06	9.69780235479446e-06	TSG101
TSGA10	107.936445976876	-1.7913198792378	0.0454437307545692	-39.4184159067463	0	0	TSGA10
TSGA10IP	3.32839919969837	-1.45595258240693	0.123371753111807	-11.8013446812858	3.84123655466102e-32	7.41115747271737e-32	TSGA10IP
TSHB	1.82658886420742	0.9478825366273	0.141039530884379	6.72068696402821	1.80869790166034e-11	2.58543404492875e-11	TSHB
TSHR	21.8632024277538	-0.883311649430954	0.076503361850748	-11.546050108938	7.72916673710842e-31	1.46609831859524e-30	TSHR
TSHZ1	1753.36882420908	-0.0867033428414658	0.0263775554508512	-3.28701205852901	0.00101256497765198	0.00121022390031958	TSHZ1
TSHZ2	920.735614975081	-0.960129055755445	0.0608043279196438	-15.7904723003321	3.61860364149622e-56	9.01570714886829e-56	TSHZ2
TSHZ3	697.878296625513	0.426914961328532	0.0464456576726996	9.19170882102654	3.86649493716607e-20	6.35913890944965e-20	TSHZ3
TSKS	62.7502206387676	0.182607911384664	0.0734955507933954	2.48461178143962	0.0129692783649664	0.0148520885455665	TSKS
TSKU	3822.90730523657	-1.00307745344801	0.0707634072959029	-14.1750869803876	1.30681132490571e-45	2.92440460711433e-45	TSKU
TSLP	128.084874290995	1.75805378079962	0.042732839883481	41.1405791328936	0	0	TSLP
TSN	2831.97035848263	-0.191546253068513	0.0221905756223172	-8.63187401393383	6.0354842757324e-18	9.60522963906453e-18	TSN
TSNARE1	1255.81825313201	-0.863836412520622	0.0353050366853064	-24.4677953522745	3.25409760020072e-132	1.52663567634123e-131	TSNARE1
TSNAX	2685.77015025246	-0.8819742510742	0.0385899770672547	-22.8550084271129	1.30305774820279e-115	5.46004248729013e-115	TSNAX
TSNAXIP1	77.9103333980907	0.210342865920071	0.0500715815852455	4.2008432580059	2.65922654449688e-05	3.32907274688701e-05	TSNAXIP1
TSPAN1	155.743369328185	-0.846362301412163	0.050777551386159	-16.6680408626964	2.23810733663062e-62	5.93957985650712e-62	TSPAN1
TSPAN10	49.1636042989055	-1.14401596472205	0.0781408424623996	-14.6404355094141	1.55071741493131e-48	3.58337152582523e-48	TSPAN10
TSPAN11	312.77104238511	1.17937195004462	0.0765673295772197	15.4030701678736	1.56079461659844e-53	3.78599432601921e-53	TSPAN11
TSPAN12	608.746367189217	2.9195393911162	0.060902927889808	47.9375867839808	0	0	TSPAN12
TSPAN13	1591.9868927134	0.231980602734058	0.0614679581832383	3.77400859879736	0.000160645219692296	0.000196772904169912	TSPAN13
TSPAN14	6925.11079362964	-0.0566969138810169	0.0448061626446525	-1.2653820486853	0.205734407085716	0.221218867567647	TSPAN14
TSPAN15	1526.12645596987	-0.520496059718634	0.0626898657929745	-8.30271453184328	1.01759175822125e-16	1.59076589142342e-16	TSPAN15
TSPAN17	2133.60564031188	0.268456227362857	0.0331293917742389	8.10326459333331	5.35037003155474e-16	8.27138534335425e-16	TSPAN17
TSPAN18	2320.35490976426	3.4232063952551	0.0440542158344141	77.7043996906415	0	0	TSPAN18
TSPAN2	241.359485986781	0.889189301737973	0.0550187096093884	16.1615804523747	9.41174487312705e-59	2.4051791519188e-58	TSPAN2
TSPAN3	9193.96606436915	-0.753759689010055	0.0495017457263859	-15.226931453617	2.34334561045081e-52	5.62659254818262e-52	TSPAN3
TSPAN31	1307.75770381547	0.445912154972984	0.0161033284752139	27.6906824362012	9.04078990271004e-169	5.49251633610137e-168	TSPAN31
TSPAN32	133.014699295897	4.48641851527324	0.0562561994310138	79.7497619933402	0	0	TSPAN32
TSPAN33	658.863740806936	-0.0921640684986527	0.0484753981072415	-1.90125449397567	0.0572686864307581	0.0636118489719904	TSPAN33
TSPAN4	2600.80733149314	0.127305653712598	0.0446222921975586	2.85296087321043	0.00433139542347252	0.00505605661227734	TSPAN4
TSPAN5	1157.03181707705	-2.05224414309015	0.0752775410363314	-27.2623695572053	1.18570027744162e-163	6.96826336736097e-163	TSPAN5
TSPAN6	1051.013842341	-1.07430746877015	0.0582396872856341	-18.4463124518725	5.58269764133274e-76	1.67769850152973e-75	TSPAN6
TSPAN7	5958.8195798067	-1.62074207474876	0.0678883319201392	-23.8736470451996	5.75400780864382e-126	2.59333737014014e-125	TSPAN7
TSPAN8	1026.99187813537	-5.26415131493707	0.0839174660512664	-62.7301033103302	0	0	TSPAN8
TSPAN9	5250.39186881821	2.26208595672302	0.0359422368166157	62.93670503215	0	0	TSPAN9
TSPEAR	66.653910222468	3.29367013675269	0.109562182264539	30.0621078247611	1.5166813773201e-198	1.13050854961239e-197	TSPEAR
TSPO	5649.46421330305	-0.395341213394667	0.0518072636615074	-7.63099969876241	2.32940224222433e-14	3.50159246449104e-14	TSPO
TSPO2	5.27084144802158	-0.545205247965478	0.0732735007082476	-7.44068787072582	1.00162357038805e-13	1.49108715601681e-13	TSPO2
TSPY2	0.18091296091792	0.173982226874916	0.407447295647041	0.42700547710993	0.669375338374595	0.685600311014571	TSPY2
TSPY26P	152.745133115452	0.75640541903792	0.0407497715033748	18.5622002561481	6.49876939754353e-77	1.9707605782544e-76	TSPY26P
TSPYL1	6160.34919430582	-0.289658332981201	0.0490096492381871	-5.91023068892943	3.41628957457407e-09	4.66555106834898e-09	TSPYL1
TSPYL2	7439.81095228759	-0.0212027366613082	0.0415493838843887	-0.510302071393041	0.609839851787141	0.628232068903533	TSPYL2
TSPYL4	1484.69461741654	1.08017972991528	0.0327801037503601	32.9522974710968	3.92170559579753e-238	3.6539659642832e-237	TSPYL4
TSPYL5	1057.23171976302	0.70615967090673	0.032080113965324	22.0123803696593	2.19177241465682e-107	8.59004903902404e-107	TSPYL5
TSPYL6	6.23119142824068	1.20159977431682	0.0772359637525037	15.5575164202941	1.41483287043549e-54	3.46792027515103e-54	TSPYL6
TSR1	2830.21192794173	-0.910875442849985	0.0425862594644388	-21.3889516079852	1.69321493714364e-101	6.33407358344196e-101	TSR1
TSR2	2580.51437607493	0.0605759019217997	0.0152322303093739	3.97682418736284	6.98417622500773e-05	8.64961515145264e-05	TSR2
TSR3	1993.79634630664	0.281295681277011	0.0288398869836975	9.7537026215124	1.77860221553263e-22	3.02414456236921e-22	TSR3
TSSC2	164.878015792574	-1.0635522198417	0.0795073417352183	-13.3767800133933	8.26510814265528e-41	1.74973787693682e-40	TSSC2
TSSC4	2147.98026870243	-0.238893164808341	0.0282832462284893	-8.44645493938061	3.002818228556e-17	4.72993795346838e-17	TSSC4
TSSK3	247.27554370347	-0.413867185025982	0.034976717259798	-11.8326480427504	2.64658534938926e-32	5.11390971171705e-32	TSSK3
TSSK4	66.6270330216965	-0.464769734712713	0.0426711093778578	-10.891906526196	1.25975042343454e-27	2.29521936966044e-27	TSSK4
TSSK6	63.7603246497285	-1.07415013806016	0.060257467811225	-17.8260085774807	4.44010586358986e-71	1.28087092388592e-70	TSSK6
TST	1713.64310320886	0.753506684676059	0.0397498367894905	18.9562208435351	3.92342817414515e-80	1.22295464177986e-79	TST
TSTD1	738.758655044774	-1.55796654253651	0.0434803129411484	-35.8315393140166	3.56587374722196e-281	4.2063757092885e-280	TSTD1
TSTD2	842.178463492013	0.0376414974198464	0.0323145069067023	1.16484826856631	0.244080416590426	0.260970039144943	TSTD2
TSTD3	326.490333123217	-0.21034834183171	0.0238012289458851	-8.83770927585133	9.77011141322901e-19	1.5739374937313e-18	TSTD3
TTBK1	12.402921639277	2.01177022148896	0.0591327704898018	34.0212407574564	1.0810995930241e-253	1.0970052860218e-252	TTBK1
TTBK2	1661.07323903426	0.0279866465082459	0.0401293636362895	0.697410673189375	0.485545823964642	0.506244446984508	TTBK2
TTC1	2832.49206611628	0.655175332623848	0.0342040116301341	19.1549266123694	8.80493565088269e-82	2.79438728229089e-81	TTC1
TTC12	591.415085684393	-0.353623406324618	0.0319344546485164	-11.0734130335633	1.68844980259242e-28	3.11475557455074e-28	TTC12
TTC13	1036.10250139268	-0.384708603750623	0.0251689561202456	-15.285044080202	9.61978684607157e-53	2.31597944384291e-52	TTC13
TTC14	2339.07356264499	0.289048352496106	0.0332522417035372	8.69259748179199	3.54245656635658e-18	5.65668062192715e-18	TTC14
TTC16	11.2490291278769	2.0908974035226	0.0682570631486601	30.6326892349403	4.49417603769529e-206	3.49912036568136e-205	TTC16
TTC17	3443.4531531913	-0.229296350174841	0.0165702682802152	-13.8378176078549	1.50713194973476e-43	3.29406049382897e-43	TTC17
TTC19	2442.51498496288	0.142147062161016	0.0159206646285933	8.92846281716924	4.31969044341131e-19	6.99835727403898e-19	TTC19
TTC21A	293.619174150198	-0.31573378492455	0.0448134652017541	-7.04551151095078	1.84781434054583e-12	2.69070586831948e-12	TTC21A
TTC21B	1930.71723719988	-0.424831770897283	0.0194705717092383	-21.8191729160018	1.52594117217256e-105	5.89452082409406e-105	TTC21B
TTC22	947.151077257789	-5.58045723671417	0.137359599449734	-40.626627182007	0	0	TTC22
TTC23	1149.00325838711	-0.182791298218745	0.0266439063415627	-6.86052922853894	6.8605904317331e-12	9.88770923631926e-12	TTC23
TTC23L	34.3842826656814	-2.54589398821763	0.0973906982738743	-26.1410384496707	1.24615460507497e-150	6.66034116566346e-150	TTC23L
TTC24	15.6318756370599	-2.68817720017399	0.117729981245354	-22.8334122857942	2.13614368915897e-115	8.93625901662808e-115	TTC24
TTC26	209.444317628297	-0.263992826484379	0.0310294488151544	-8.5078155289516	1.77240886815647e-17	2.80213701349768e-17	TTC26
TTC27	911.583599922483	-0.298583593144669	0.0163262771017853	-18.2885290555321	1.02134073276881e-74	3.03836630814267e-74	TTC27
TTC28	1485.20115854162	0.189050487273917	0.0304228228256421	6.21410078733962	5.16193894360712e-10	7.16920476227697e-10	TTC28
TTC28-AS1	872.140038901706	-0.13389444318252	0.0225605814778721	-5.93488440507824	2.94052601562519e-09	4.01947063613555e-09	TTC28-AS1
TTC29	2.87402447431778	-0.468905230432056	0.137280984866619	-3.4156604491703	0.000636275324282782	0.000765051907849466	TTC29
TTC3	6880.06455891827	-0.0780255880209291	0.0238701967162746	-3.26874507773669	0.00108025579614881	0.00129018607925125	TTC3
TTC30A	258.364538441116	0.585078260336279	0.0372032833845722	15.7265221536577	9.95298518273361e-56	2.46849939755288e-55	TTC30A
TTC30B	115.782009949902	-0.250889768432599	0.051810767739295	-4.84242522124056	1.2826391227588e-06	1.65831981963522e-06	TTC30B
TTC31	1384.1993466542	0.0299993999377051	0.0209559541314289	1.43154540946018	0.152273962413612	0.165235010995686	TTC31
TTC32	440.141752235523	-1.08792997343991	0.0265036989287795	-41.0482316586595	0	0	TTC32
TTC33	1276.20454318125	-0.513318802926533	0.0484250693688722	-10.6002698523029	2.97121644596331e-26	5.32293662856145e-26	TTC33
TTC34	71.7703135296197	-0.898147880587242	0.0817784634190576	-10.9826945021559	4.6290693530918e-28	8.48466321403171e-28	TTC34
TTC36	31.5997981222402	-1.25724799776116	0.0877459276318699	-14.3282774675974	1.45689477807091e-46	3.29632515083641e-46	TTC36
TTC37	4994.79445584828	-0.532554600776258	0.0226079270331955	-23.5561004772486	1.08705934703925e-122	4.78556011397737e-122	TTC37
TTC38	1814.04427856995	0.313804018574166	0.0339185300647958	9.2516986430336	2.20952912582506e-20	3.64963606111001e-20	TTC38
TTC39A	700.45655094975	0.472765948734389	0.0691919714703156	6.83267059296343	8.33481970976116e-12	1.19932125975548e-11	TTC39A
TTC39B	1456.66296415897	-2.15469506674823	0.06202721049317	-34.7379005055449	2.11097330919718e-264	2.27815530808504e-263	TTC39B
TTC39C	1057.41023216876	-2.23715452517757	0.0823887426363129	-27.1536432477554	2.29322695838237e-162	1.33291502995935e-161	TTC39C
TTC3P1	204.333771361675	0.136674760825116	0.0350997341051163	3.89389732742146	9.86464155404604e-05	0.000121517424631754	TTC3P1
TTC4	2014.69564336982	-0.106439476996048	0.0333316341268974	-3.19334709455948	0.00140633794582101	0.0016728665408527	TTC4
TTC4P1	10.5794416509949	-4.38528233813196	0.202839108410684	-21.6195110129017	1.17717871590491e-103	4.47999874524403e-103	TTC4P1
TTC5	509.520755978434	0.054959667607489	0.0273739818072634	2.00773376684667	0.0446715903841917	0.049893485047207	TTC5
TTC6	170.457178679032	-7.83435629305418	0.201173931788248	-38.943198173909	0	0	TTC6
TTC7A	2043.98919176178	-0.5936053022731	0.0399884301841314	-14.8444262387839	7.55988469927183e-50	1.76987234323829e-49	TTC7A
TTC7B	2222.20846710734	-0.0464491955057363	0.0551417061686194	-0.842360505924462	0.399586192569426	0.420075398729326	TTC7B
TTC8	482.963681753721	-0.0150407975614341	0.053780567805628	-0.279669742718115	0.77973089414205	0.791872260956336	TTC8
TTC9	1027.14497498887	-2.27311134750244	0.0544815772243309	-41.722568679368	0	0	TTC9
TTC9C	583.211866592125	-0.41118794862939	0.0177148297207323	-23.2115100800636	3.48420119259118e-119	1.49580504812387e-118	TTC9C
TTF1	992.021492378777	0.0896228109809399	0.0261518657750082	3.4270140322679	0.000610257533812617	0.000734307878754072	TTF1
TTF2	906.009843747784	-0.594076365686728	0.0284594564767851	-20.8744803742589	9.13568283320578e-97	3.28115376457576e-96	TTF2
TTI1	1401.10929218794	-0.393604913398629	0.0280393580633027	-14.0375864707748	9.17856120977205e-45	2.03326704820461e-44	TTI1
TTI2	394.220788312519	-0.0816673242093454	0.025013995867808	-3.26486518351304	0.00109516188837324	0.00130790215302904	TTI2
TTK	57.9164133295942	-2.01599683716531	0.107772257640728	-18.7060833770958	4.41665127937423e-78	1.35234120904942e-77	TTK
TTL	3419.34586021428	-0.202276947028337	0.0470855103118067	-4.29594891695623	1.73947638703201e-05	2.18783639204606e-05	TTL
TTLL1	226.997139979414	0.812858436738499	0.0333365428287115	24.3834053493518	2.56523448909787e-131	1.19722027581672e-130	TTLL1
TTLL10	46.3298467964157	-0.280942964467411	0.0636468965212224	-4.41408740760414	1.01436971900481e-05	1.28363228905488e-05	TTLL10
TTLL10-AS1	20.3309053871314	-0.22532720152659	0.0806000149924132	-2.79562232771048	0.00517998942142527	0.00602786150204126	TTLL10-AS1
TTLL11	1252.80399612093	-1.05753907130608	0.0509903724429036	-20.739975423601	1.51002732763934e-95	5.36028434723641e-95	TTLL11
TTLL12	2575.57671752044	-0.991423097765614	0.0459734577906234	-21.5651192103245	3.81932590457759e-103	1.44679473081442e-102	TTLL12
TTLL3	4331.00102688578	-0.0849492536423382	0.0454903414449473	-1.86741297040261	0.0618439399087688	0.0685500469395164	TTLL3
TTLL4	1048.61892695301	-0.542367418303921	0.0300912406785966	-18.0240962510295	1.26054999471628e-72	3.68602346570627e-72	TTLL4
TTLL5	965.205645889497	-0.230357139581753	0.0192024834858644	-11.9962159973384	3.71914672442912e-33	7.24941637102853e-33	TTLL5
TTLL6	21.94459622101	0.584821038427074	0.0825722763737174	7.08253501187502	1.41540985025464e-12	2.06423014781121e-12	TTLL6
TTLL7	765.799388205866	-0.525469227810865	0.0527980255477575	-9.95244087935754	2.46072342655508e-23	4.24123730385082e-23	TTLL7
TTLL9	24.5578331819915	-1.63472248316507	0.0814617930337273	-20.0673520958255	1.42391428534162e-89	4.82346274942313e-89	TTLL9
TTN	516551.207677486	-0.974369691738256	0.152463091657863	-6.39085618127702	1.64959478827472e-10	2.31552992699105e-10	TTN
TTPA	13.1770634483964	-2.7482810900007	0.129910203249114	-21.1552366270309	2.46947342722214e-99	9.08873260344015e-99	TTPA
TTPAL	1118.77880963708	-1.12162142867959	0.0476253362034189	-23.5509398587526	1.22782615793076e-122	5.40261517206346e-122	TTPAL
TTR	12.303981046058	0.365673859845722	0.105753611692605	3.45779074580101	0.000544624224188678	0.000656473862302156	TTR
TTYH1	252.675652284574	-0.105805575339177	0.0853533567534237	-1.23961821026954	0.215116641887107	0.230907255254014	TTYH1
TTYH2	1040.74262727267	1.28625410788145	0.0391779549430706	32.8310681287604	2.12224074202391e-236	1.9580961351703e-235	TTYH2
TTYH3	1688.91525793245	0.22462618537154	0.0507607930076158	4.42519062572247	9.63571577060652e-06	1.22012183164524e-05	TTYH3
TUB	1208.43566451268	1.31391802960012	0.041993731681297	31.2884322729838	6.70423386404732e-215	5.50560738078083e-214	TUB
TUBA1A	4624.5656242501	1.17052671774382	0.0553802719715389	21.1361677375903	3.6992414830962e-99	1.35787206234125e-98	TUBA1A
TUBA1B	3054.40724130431	0.813375546246443	0.0373955686952957	21.7505863562055	6.82025294574147e-105	2.62052024068927e-104	TUBA1B
TUBA1C	1553.05581377117	-0.439816499667775	0.0533946462956863	-8.23708986163483	1.76449954853009e-16	2.74835652618242e-16	TUBA1C
TUBA3D	725.67827863655	8.17805683679436	0.0767062437859383	106.615269281294	0	0	TUBA3D
TUBA3E	432.190551378894	8.96627718518577	0.121919438412565	73.5426384990772	0	0	TUBA3E
TUBA4A	14148.7863336463	-0.927294323129476	0.0749165791516555	-12.3776917423356	3.45126486674431e-35	6.87465075426184e-35	TUBA4A
TUBA4B	8.24566210611137	-0.783116140952447	0.0897748578170343	-8.72311201593298	2.70658287263006e-18	4.33231355950682e-18	TUBA4B
TUBAL3	17.2171045230099	1.89601991262422	0.0763428498998783	24.8355925291078	3.70084294739406e-136	1.78363785531567e-135	TUBAL3
TUBB	12133.1079765662	0.4936419857375	0.0282288818891873	17.4871249833874	1.79591776375324e-68	5.0560393596062e-68	TUBB
TUBB1	11.8766613141227	1.34440440843032	0.0627312370954168	21.4311795953493	6.84245328369528e-102	2.56981017233045e-101	TUBB1
TUBB2A	1337.49402874831	-1.16908419385768	0.065324692094104	-17.8965128863301	1.25540647849575e-71	3.64023389487788e-71	TUBB2A
TUBB2B	145.640844873362	-0.404095191632206	0.0525704738108936	-7.68673291942957	1.50939768576662e-14	2.2763629139984e-14	TUBB2B
TUBB2BP1	1.19465589140105	-1.22669021566989	0.145171661510032	-8.4499288835729	2.91480316902143e-17	4.59290719936579e-17	TUBB2BP1
TUBB3	194.751665479845	0.883938251076728	0.0791507698354504	11.1677783161728	5.8628983792097e-29	1.08746041962034e-28	TUBB3
TUBB3P1	0.199650011441546	0.581792707386939	0.274008560132196	2.12326471518354	0.0337316757023882	0.0379075973479017	TUBB3P1
TUBB4A	108.536895812551	0.206948669721402	0.0625714657927279	3.30739686372273	0.000941673800482676	0.0011262421156394	TUBB4A
TUBB4B	11227.7594450027	1.34086283911921	0.0429553747015875	31.2152518383144	6.61615513483347e-214	5.39634837254813e-213	TUBB4B
TUBB4BP7	0.0219767809175253	0.558503229308734	1.06146108934556	0.526164580986269	0.598773860838335	0.617362292740184	TUBB4BP7
TUBB6	3909.44759032592	1.24145067302153	0.0619344647264138	20.0445854905738	2.25048448846132e-89	7.60341052492348e-89	TUBB6
TUBB8	5.31272357042073	-1.26097237306252	0.128694367126759	-9.79819397861062	1.14616556108177e-22	1.95454019183715e-22	TUBB8
TUBB8P1	5.01068103519071	-1.02037424748349	0.0812073348308533	-12.5650503074485	3.28665916443819e-36	6.62002367898085e-36	TUBB8P1
TUBB8P11	4.80990767974896	1.23552685414216	0.0773659409156507	15.9699066478001	2.07095610673909e-57	5.22045664156426e-57	TUBB8P11
TUBBP1	14.512219783353	0.313454885813538	0.0539760801524994	5.80729250675354	6.34911600804074e-09	8.61788849802001e-09	TUBBP1
TUBBP5	39.9877156186831	-3.30424616601638	0.129310139661948	-25.5528775597535	5.10086748199557e-144	2.60041675285761e-143	TUBBP5
TUBD1	396.955765058269	-0.091076449736233	0.0226163936442382	-4.02701028151921	5.64905632768878e-05	7.01204405976594e-05	TUBD1
TUBE1	927.808463304145	1.03948502116655	0.0277454137276631	37.4651115809512	3.40899660145573e-307	4.56587409395868e-306	TUBE1
TUBG1	1844.41820745259	0.201455539437594	0.0418042627252758	4.81901907376037	1.44265762817342e-06	1.86266532525819e-06	TUBG1
TUBG1P	4.65898508632972	-0.121520517468406	0.0739247943024515	-1.64383977818354	0.10020930231921	0.109884725331877	TUBG1P
TUBG2	981.650751232336	0.699286067872684	0.034492887082082	20.2733411734601	2.21122297724681e-91	7.59332789267833e-91	TUBG2
TUBGCP2	4434.89715378568	-0.1937543559136	0.0154563956408369	-12.5355458294356	4.77065468077329e-36	9.59193062756618e-36	TUBGCP2
TUBGCP3	1569.35528634661	-0.408626981662556	0.0169805551702764	-24.0644064675716	5.89920711924967e-128	2.69180297474305e-127	TUBGCP3
TUBGCP4	832.49098726508	-0.486712980188351	0.0297619528758394	-16.3535296967512	4.10497165721611e-60	1.06306423250679e-59	TUBGCP4
TUBGCP5	1174.48923327281	-0.334300881085318	0.0229666387225068	-14.5559341584326	5.35493956866979e-48	1.23124622781485e-47	TUBGCP5
TUBGCP6	5031.15777720203	-0.333804462494099	0.0186456333499945	-17.9025542457209	1.12635465835243e-71	3.26760841337663e-71	TUBGCP6
TUFM	10570.1246193913	0.438340313420537	0.0381395890981516	11.4930528562454	1.42968526964696e-30	2.70362060499158e-30	TUFM
TUFMP1	1.22749699524346	0.567520751174633	0.117437481722534	4.83253508888668	1.34805342378646e-06	1.74139287273628e-06	TUFMP1
TUFT1	4141.40143240707	-3.54908952375567	0.100755494678035	-35.2247739450518	8.35157578035796e-272	9.35511609348e-271	TUFT1
TULP1	21.0060994205082	-1.66472236083336	0.0903420994265878	-18.4268726474097	7.99746136097214e-76	2.40097234754602e-75	TULP1
TULP2	7.70880295546757	0.998982013926415	0.0687968913619636	14.5207435125293	8.95337999918667e-48	2.0541650951486e-47	TULP2
TULP3	1611.7717112627	-1.03504609951442	0.0345774015775312	-29.9341781710689	7.06990301552494e-197	5.21152023679215e-196	TULP3
TULP4	2062.49035329977	-1.34014939659132	0.0304619489741254	-43.9942105388481	0	0	TULP4
TUSC1	834.777055288093	0.0350156711376701	0.0273388609953556	1.2808021206011	0.200263179015508	0.215451678547583	TUSC1
TUSC2	1794.61119470915	0.31723094109196	0.0412568242231636	7.68917499262705	1.48086804076438e-14	2.23389806434255e-14	TUSC2
TUSC3	1069.26314028298	1.51166036540936	0.0509091708106214	29.693282002817	9.37612746577096e-194	6.75659209412902e-193	TUSC3
TUT1	1734.15041719571	-0.541376834557301	0.0182097440664003	-29.7300627940303	3.1396548493165e-194	2.26884491941174e-193	TUT1
TVP23A	70.9175635565819	0.972013936703374	0.03786380304576	25.6713234940678	2.44424409915046e-145	1.25998963427284e-144	TVP23A
TVP23B	763.988596716825	-0.0456557107046799	0.0211513379886806	-2.15852589226805	0.0308869675483159	0.0347932605029558	TVP23B
TVP23C	233.28723355809	-0.12952567837398	0.0467219137717538	-2.77226825525042	0.00556671409722481	0.0064703571036446	TVP23C
TVP23CP2	1.69561948706391	-0.820438124964526	0.125262997523822	-6.54972450909532	5.764332142895e-11	8.16266070675368e-11	TVP23CP2
TWF1	1111.04337969834	-0.575543105855919	0.0516824199876932	-11.136148539348	8.36595567076121e-29	1.54917773921791e-28	TWF1
TWF1P1	2.4167810676852	-0.540839699368526	0.0971129106284995	-5.56918432233466	2.55934627644324e-08	3.42763130141022e-08	TWF1P1
TWF2	5699.15364398875	0.0386384422581288	0.0599712329244029	0.644282939902781	0.519391976307491	0.53990731451817	TWF2
TWIST1	694.30681432516	-2.45567874026988	0.0929178079001858	-26.4285048879739	6.44631005628145e-154	3.51849688669261e-153	TWIST1
TWIST2	950.912772845608	-2.42181377609701	0.0872042438772481	-27.7717421586275	9.52130359567355e-170	5.84161506563461e-169	TWIST2
TWSG1	1077.52111372029	-0.201591113566879	0.0342111445340881	-5.89255683527376	3.80265239688409e-09	5.18768819979617e-09	TWSG1
TXK	61.0964255842361	-0.593387883600313	0.0569028538014707	-10.4280865362323	1.84567552327486e-25	3.27523709527512e-25	TXK
TXLNA	4139.92276801301	-0.042762867317598	0.020375639965633	-2.09872511438781	0.035841139461441	0.0402279805116223	TXLNA
TXLNB	10287.7500122195	-0.669332260376557	0.139414711619913	-4.80101599464884	1.57862658345793e-06	2.03661270901069e-06	TXLNB
TXLNG	1110.32618551062	-0.588420535519648	0.0304345096973725	-19.3339909652117	2.78054169575492e-83	8.92838584824908e-83	TXLNG
TXN	3072.60901340642	-0.554611574014148	0.0334214425039742	-16.5944834352436	7.63982624030646e-62	2.01885660821721e-61	TXN
TXN2	4640.05378917196	0.403929718010133	0.0364395004014385	11.0849411644016	1.48447979976837e-28	2.74241798805731e-28	TXN2
TXNDC11	2725.64890018763	-0.480894898787731	0.0308935404036336	-15.5661957970725	1.23539527373235e-54	3.02974800033462e-54	TXNDC11
TXNDC12	1621.86992723191	0.0503510960754443	0.0201167082298099	2.50294906603216	0.0123163267431907	0.0141160547966314	TXNDC12
TXNDC15	2129.82916996589	0.515737172039251	0.0209128427981541	24.6612656642153	2.78633651631339e-134	1.32619893257952e-133	TXNDC15
TXNDC16	471.391820137145	-0.644945755275657	0.0301385569820377	-21.399357496115	1.35461812184691e-101	5.07059280752054e-101	TXNDC16
TXNDC17	674.633983097342	0.519990806998209	0.0240868122189106	21.5881953274815	2.31892455097393e-103	8.80096159436678e-103	TXNDC17
TXNDC2	3.29632528154967	-0.372988756481085	0.117923201401992	-3.16298024516475	0.00156162928127973	0.00185403566101546	TXNDC2
TXNDC5	4566.30828737787	0.425998318012552	0.0385979567860869	11.0368100667471	2.53887121643534e-28	4.67064085508968e-28	TXNDC5
TXNDC9	705.21573120005	0.304324384150427	0.0251231396988665	12.113310191248	8.97957279452801e-34	1.76291078497436e-33	TXNDC9
TXNIP	126861.094155474	-0.801092535800006	0.0450097057023877	-17.7982175910452	7.29540690135322e-71	2.10052174714106e-70	TXNIP
TXNL1	4331.33598188418	-0.18236008125314	0.0438503910834656	-4.15868768207866	3.20081182145556e-05	3.99735074219658e-05	TXNL1
TXNL4A	2384.30346284577	0.0207617561463411	0.0271797433555055	0.763868733960494	0.444945471322407	0.465504093297376	TXNL4A
TXNL4B	565.188449293045	0.107771285307987	0.0253897873367332	4.24467065748388	2.18914707760896e-05	2.74650380150815e-05	TXNL4B
TXNRD1	5285.67119074654	0.64353035209077	0.0565500857109174	11.3798298269693	5.2702469819863e-30	9.89566245152138e-30	TXNRD1
TXNRD2	1633.18959039043	0.588613156379662	0.0274558908305823	21.4385014863194	5.84661377535165e-102	2.19717942735084e-101	TXNRD2
TXNRD3	445.252703228324	-0.7286169390504	0.0206329435408202	-35.3132812877089	3.67282802107645e-273	4.13992343189713e-272	TXNRD3
TYK2	4266.9861377885	0.00141623685440949	0.0159091332099016	0.0890203655801969	0.929065724982182	0.933473549643015	TYK2
TYMP	1725.53360786397	0.507404731795354	0.058398342554671	8.68868378105654	3.66662686487871e-18	5.85392019465026e-18	TYMP
TYMS	37.1768740155565	-0.234468233962599	0.0784804337479705	-2.9876011480207	0.00281176235716985	0.00330576279742763	TYMS
TYR	180.106582815177	-7.53519684935082	0.228286758154305	-33.0075949664044	6.32006630809138e-239	5.9161473537157e-238	TYR
TYRO3	1455.95500990841	-1.76125485233335	0.0810575134233832	-21.7284589416638	1.1044687795512e-104	4.23913486155674e-104	TYRO3
TYRO3P	4.50987035719997	-0.31024512214394	0.0805663180494451	-3.85080427721094	0.000117730559539362	0.000144640172144967	TYRO3P
TYROBP	498.737641060862	0.263737761269449	0.0624366311267381	4.22408699044151	2.39911375736689e-05	3.0072033107974e-05	TYROBP
TYRP1	1548.61332553224	0.0930884582664197	0.145420313162307	0.640133804157892	0.522085613745512	0.542613344863335	TYRP1
TYSND1	1421.67529909138	-1.02566987983914	0.0474151550856896	-21.6316888131132	9.04120785668031e-104	3.44446100800217e-103	TYSND1
TYW1	1217.15588244423	-0.583094050704594	0.0261533867880504	-22.2951641188977	4.11659259311867e-110	1.65113153450822e-109	TYW1
TYW1B	261.641196443464	-0.936528190672703	0.0310443670787655	-30.1674113147984	6.34087309291644e-200	4.76584787246717e-199	TYW1B
TYW3	916.767606863455	0.702866140872314	0.0198953301383041	35.3281969178837	2.16779223106497e-273	2.4496188293409e-272	TYW3
TYW5	486.23107972777	-0.243421490932208	0.0220379003896294	-11.0455844989098	2.30264203935991e-28	4.2390938178071e-28	TYW5
U2AF1	25.2478089329797	-0.769641726828192	0.0663692831730796	-11.5963543680455	4.30008835659627e-31	8.18330589989318e-31	U2AF1
U2AF1L4	801.463185353513	-0.0186990129229737	0.0243806675620941	-0.766960661571302	0.443104904883841	0.463740197256629	U2AF1L4
U2AF2	5610.15557602992	0.0225014709528158	0.0142987623251938	1.57366563910005	0.115564769599115	0.126261314490997	U2AF2
U2SURP	4694.10831904933	-0.447565676229146	0.0152648437423317	-29.3200299841904	5.76198080461134e-189	4.01554070707738e-188	U2SURP
U3	14.6622673971995	-0.373104667707186	0.0472615866679361	-7.89445920063267	2.9157675631287e-15	4.4468975602711e-15	U3
UACA	11565.2752280149	-1.18735542090896	0.058156288027493	-20.416630104515	1.18994874198596e-92	4.13199600781042e-92	UACA
UAP1	3003.72255060033	-0.305903259890111	0.0453903509720099	-6.73938961341689	1.59053377797402e-11	2.27592993142371e-11	UAP1
UAP1L1	1132.54686243915	0.34261002475794	0.0507281084377385	6.75384979470395	1.43972803748787e-11	2.06292640315363e-11	UAP1L1
UBA1	16976.746862379	-0.37084008421262	0.023575359387696	-15.7299864707964	9.42312098637031e-56	2.33837332334783e-55	UBA1
UBA2	6019.53407200193	-0.829702111096521	0.0253535670746718	-32.7252614455736	6.8295464955851e-235	6.23737526468936e-234	UBA2
UBA3	2143.18365124402	0.600444945431206	0.0186751477687487	32.1520853739107	8.25885106424861e-227	7.18895444910731e-226	UBA3
UBA5	2121.51458359349	0.326679515234741	0.0197541275849854	16.537278795498	1.97755942651921e-61	5.20515385827933e-61	UBA5
UBA52	21415.9728414404	-0.514942772713212	0.0216155154816246	-23.8228310192725	1.93732400738145e-125	8.70321174366697e-125	UBA52
UBA52P5	2.19315289429943	-0.335425766075728	0.0801477522696767	-4.18509261428949	2.8504985785455e-05	3.56604523680573e-05	UBA52P5
UBA52P8	5.89038183191008	-0.392327588164441	0.0579883255092186	-6.76563057683174	1.32729824136185e-11	1.90304226545239e-11	UBA52P8
UBA6	1841.6955423748	-0.481692510678106	0.0215011992864275	-22.4030531628146	3.67509358308006e-111	1.48998557632937e-110	UBA6
UBA7	1793.59374066334	0.721265983754593	0.0492146822088841	14.6555042394319	1.24230933798518e-48	2.87292014299477e-48	UBA7
UBAC1	9055.36335299207	-0.794467321610099	0.0658868078078772	-12.0580636403987	1.75869213129138e-33	3.43998881401457e-33	UBAC1
UBAC2	3648.69495684473	-0.547667878357202	0.0228689411889131	-23.9481082151154	9.66920871707864e-127	4.37875285826748e-126	UBAC2
UBALD1	1875.43058380545	0.142095015491488	0.0295400126890523	4.81025573642184	1.50737310064164e-06	1.94510560463442e-06	UBALD1
UBALD2	3148.37000830097	-0.967468597374608	0.0511445460420909	-18.9163590694187	8.36363704415937e-80	2.59978985377159e-79	UBALD2
UBAP1	5394.30101200619	-0.846991016328295	0.0395268684884981	-21.4282347354372	7.28917701657399e-102	2.73644370125857e-101	UBAP1
UBAP1L	145.458572363941	-0.509895612705739	0.0306516618611523	-16.6351702239015	3.87652647830962e-62	1.02649828090691e-61	UBAP1L
UBAP2	3347.05670910861	-0.868636619147449	0.0310192696893767	-28.0031292756365	1.48829709865151e-172	9.33803976048306e-172	UBAP2
UBAP2L	7734.2038661678	-0.308603554855109	0.0158322441183358	-19.4920917431854	1.28134778275587e-84	4.15445631076881e-84	UBAP2L
UBASH3A	11.5919818812277	-0.535570642248567	0.0914727470243957	-5.85497494795615	4.77081925302574e-09	6.49323433946139e-09	UBASH3A
UBASH3B	483.008381017049	-1.10219744129819	0.0757343958552054	-14.5534592156178	5.55228711843957e-48	1.27613279390999e-47	UBASH3B
UBB	8918.42029564204	0.186232713175734	0.0477151353839078	3.90301131239254	9.50032605319487e-05	0.000117061653284661	UBB
UBBP4	87.0577044874956	0.164697068959995	0.0513067593901784	3.21004621842328	0.00132713631223136	0.00157990746355907	UBBP4
UBC	58468.0907651523	-0.976290878581189	0.0568395998332082	-17.1762447562271	3.99979937525943e-66	1.09890702921314e-65	UBC
UBE2A	3136.03841732259	0.191336793914087	0.0275552523296365	6.94375038287339	3.81824932719193e-12	5.52866040369867e-12	UBE2A
UBE2B	6646.60916176102	0.00800584031668266	0.0484521959215973	0.165231733348831	0.868761588933395	0.876651009719718	UBE2B
UBE2C	126.48615129211	-1.88376807992348	0.0987983553991408	-19.0667959230004	4.76628588953734e-81	1.50127580573161e-80	UBE2C
UBE2CP1	2.36669813234554	-1.08724460999615	0.108720729960486	-10.0003431764237	1.51869844683474e-23	2.62437273125392e-23	UBE2CP1
UBE2CP3	0.982550722302045	0.496044009270415	0.152258870277864	3.25789892152203	0.00112240377522927	0.00133972484304105	UBE2CP3
UBE2D1	3022.82708502723	-0.48242717886525	0.0801809452064825	-6.01673100289477	1.77974459132246e-09	2.44577314210211e-09	UBE2D1
UBE2D2	4900.80382198983	-0.272337565422225	0.0295695243165884	-9.21007597235662	3.25894189605503e-20	5.36775670883765e-20	UBE2D2
UBE2D3	14931.9554752622	-0.318438431633733	0.0267338565117111	-11.9114289213843	1.0319350903822e-32	2.0034365360192e-32	UBE2D3
UBE2D3P1	6.62565696041665	-0.159729603442495	0.0624708719389824	-2.55686527952593	0.0105620113984614	0.0121409174446809	UBE2D3P1
UBE2D3P2	1.37585660337084	-0.292944258658265	0.114214999610491	-2.56484927248869	0.0103220633699917	0.0118711642424751	UBE2D3P2
UBE2D4	3401.18133417336	-0.478682763075438	0.0685114568698578	-6.986900949789	2.81024492644937e-12	4.07994345681225e-12	UBE2D4
UBE2E1	1023.29505651163	-0.410755253122024	0.0220161803243971	-18.6569716939885	1.10837168161979e-77	3.37936968848879e-77	UBE2E1
UBE2E2	1208.43225051936	0.180544529413859	0.0215456367760982	8.37963302222503	5.30929804922491e-17	8.33385718382435e-17	UBE2E2
UBE2E3	3449.35378122748	-0.746663814769597	0.0317441615569612	-23.5212958272594	2.46996919451865e-122	1.08390822697538e-121	UBE2E3
UBE2F	2038.03383343915	0.234536454231796	0.0373203034558293	6.28441980675166	3.29080347795178e-10	4.59100623162132e-10	UBE2F
UBE2G1	6595.53536287405	-1.01401240924996	0.0600337838177259	-16.8906962840906	5.26776526501528e-64	1.4174146866299e-63	UBE2G1
UBE2G2	7133.88759800428	-0.0680917420030568	0.026186330028737	-2.60027815766213	0.00931482236537937	0.0107360812779609	UBE2G2
UBE2H	8941.37001611145	0.0979583517609502	0.0308906051963121	3.1711373454297	0.00151843332001759	0.00180382222620185	UBE2H
UBE2I	3257.38092637044	0.119025083354925	0.0123009229629398	9.67610997268446	3.80935230876322e-22	6.45081382032424e-22	UBE2I
UBE2J1	2083.71507736524	-0.0103328589169147	0.0228648217151981	-0.451910758177767	0.65133327388753	0.668185459807912	UBE2J1
UBE2J2	2328.88622619101	-0.0408452887382169	0.0192245605885283	-2.12464095343693	0.0336165838810681	0.0377829749277664	UBE2J2
UBE2K	3436.08810592927	-0.36834855212815	0.0177109659971998	-20.7977674501994	4.53428676152393e-96	1.61691156882314e-95	UBE2K
UBE2L3	4258.27527686231	0.189953034124231	0.0257846079957935	7.36691572566159	1.74620792527614e-13	2.58775737736855e-13	UBE2L3
UBE2L4	2.62472573556424	0.183590657290519	0.0802559433505383	2.28756462918441	0.0221628877060982	0.0251420558102769	UBE2L4
UBE2L6	1401.25007691453	0.202521976430826	0.0461508702828125	4.38825909868592	1.14261603976196e-05	1.44419543124245e-05	UBE2L6
UBE2M	3842.99268976122	0.394614206128524	0.038019233033094	10.3793310555484	3.07925193365709e-25	5.44548718516173e-25	UBE2M
UBE2N	3030.15243879656	0.237211521831698	0.0214756590189956	11.0455991884523	2.30226544165774e-28	4.23883402017808e-28	UBE2N
UBE2O	3461.17082525985	0.106314274477948	0.0302356352429764	3.5161911970295	0.000437785596004676	0.000529182011394048	UBE2O
UBE2Q1	3248.35933757419	-0.00789306825203189	0.0154464447273327	-0.51099579167658	0.609354003554557	0.627767493732363	UBE2Q1
UBE2Q2	1936.37881531934	-0.00638886629762933	0.0283269600737001	-0.22554013141569	0.821559109129923	0.832285751783879	UBE2Q2
UBE2Q2P1	244.39309127478	-0.41182059023152	0.0366937737781624	-11.2231735204245	3.13803365497205e-29	5.83792309044562e-29	UBE2Q2P1
UBE2QL1	3237.66923144323	-0.378196198746548	0.110604210893211	-3.41936528177665	0.000627674044377599	0.000754961945265346	UBE2QL1
UBE2R2	6626.49809767466	-0.448112537904809	0.0272341609206962	-16.4540607367959	7.84290673767148e-61	2.04905898671733e-60	UBE2R2
UBE2S	504.578277966531	1.07301661292847	0.032168678286049	33.3559434238185	5.97364773464108e-244	5.73196337266919e-243	UBE2S
UBE2SP1	5.82189372287933	0.739662504373654	0.060407939900992	12.2444583540831	1.79873917769767e-34	3.55775232806678e-34	UBE2SP1
UBE2SP2	1.17312946129368	0.938093129338482	0.102378194844437	9.16301689792351	5.04663046699417e-20	8.28872217485056e-20	UBE2SP2
UBE2T	213.600837419744	0.802967613484289	0.0635695838994501	12.6313177502368	1.41882115615548e-36	2.86775203592575e-36	UBE2T
UBE2U	2.97027184105074	2.48286488321469	0.155194927560782	15.9983636207586	1.31177821321496e-57	3.31508067051559e-57	UBE2U
UBE2V1	5612.83681844882	-0.0115095005240425	0.0163064232889504	-0.705826183957929	0.480296236671719	0.500916138837057	UBE2V1
UBE2V1P1	2.65674730509536	0.410402860254016	0.0918039128258212	4.47042884798025	7.80629113056364e-06	9.90212434932536e-06	UBE2V1P1
UBE2V1P2	2.24504437445619	0.0816838226594494	0.0945229146843538	0.864169528967882	0.387494768482413	0.407959605067956	UBE2V1P2
UBE2V2	1997.38362918143	-0.603707404551059	0.0340652828905249	-17.7220722484878	2.83282048878846e-70	8.10065156770152e-70	UBE2V2
UBE2W	1634.57281025876	-0.119043025118126	0.0287579950430272	-4.1394758202029	3.48100286503437e-05	4.34395373126403e-05	UBE2W
UBE2Z	4023.13414377148	-0.100061910721508	0.0187413598785774	-5.33909552827517	9.34114181431941e-08	1.23585104953376e-07	UBE2Z
UBE3A	6247.28531558932	-0.629609451720708	0.046548248624553	-13.5259536142592	1.09909087732634e-41	2.35196563037939e-41	UBE3A
UBE3AP2	0.82138564351645	-0.405963254677365	0.152043770635465	-2.67004200817073	0.00758417577775248	0.00877170060237229	UBE3AP2
UBE3B	4040.94901227413	0.190435156695942	0.0270976568715205	7.02773518754267	2.09912799592929e-12	3.05418712049169e-12	UBE3B
UBE3C	5710.39344487191	-0.478695460898887	0.0355170020873412	-13.4779241705623	2.10958914272531e-41	4.50097358755461e-41	UBE3C
UBE3D	154.497157337037	-0.39167725232475	0.02041174340493	-19.1888191299794	4.58949988304282e-82	1.4593815120059e-81	UBE3D
UBE4A	2191.22318217795	-0.468241027545087	0.0297923814257908	-15.7168042679441	1.1603039251944e-55	2.87457073457533e-55	UBE4A
UBE4B	5375.21062657262	-0.26520970867028	0.0382732737612205	-6.92937087966062	4.22716246568883e-12	6.1168128251499e-12	UBE4B
UBFD1	6084.92068516763	-0.852218673160264	0.0636985887595398	-13.3789254951529	8.02998166801834e-41	1.70056117654115e-40	UBFD1
UBIAD1	1220.66149573718	-0.493222060178723	0.0326748135751381	-15.0948699078121	1.75032776723162e-51	4.16933308693084e-51	UBIAD1
UBL3	2976.2872148488	-0.736746443245416	0.0227177089931073	-32.4304903927131	1.02058794666454e-230	9.09935791377339e-230	UBL3
UBL4A	3385.80508386446	0.265694253961528	0.0431349964524824	6.15959837284831	7.29296660776903e-10	1.01024003006118e-09	UBL4A
UBL5	4079.31681965626	0.848286091300683	0.030761531503807	27.5761982525382	2.14749147698209e-167	1.2920118341295e-166	UBL5
UBL5P2	1.56145165366302	0.712080888771089	0.0925294856241826	7.69571865624838	1.40701096187303e-14	2.12355196819623e-14	UBL5P2
UBL7	3084.43189855298	-0.179984328786115	0.0378403589935421	-4.75641176704563	1.97064310621725e-06	2.53726818932957e-06	UBL7
UBLCP1	1104.69882880401	-0.0971129526203276	0.0178572656753111	-5.4382879431868	5.37949859798188e-08	7.15874578711257e-08	UBLCP1
UBN1	4145.52240282528	0.204348668167281	0.0205337049060978	9.95186543791209	2.47499647580179e-23	4.26461295691663e-23	UBN1
UBN2	3096.48452057852	-0.739345262304714	0.027069463542124	-27.3128893431592	2.98173994430763e-164	1.75750821013365e-163	UBN2
UBOX5	1082.10620293634	-1.09161969185333	0.0296181755143771	-36.8564124189026	2.30861699092152e-297	2.94942615000556e-296	UBOX5
UBP1	3234.01160186004	0.0673998618602584	0.0175677421205326	3.83656940077027	0.000124764949684524	0.000153188313162207	UBP1
UBQLN1	8638.17285179372	-0.711623231584288	0.0348219009372936	-20.4360822479439	7.99016268040675e-93	2.77934141855076e-92	UBQLN1
UBQLN2	2702.45729949622	-0.102876290567562	0.0291286510980374	-3.53179040873932	0.000412756362389139	0.000499329790280033	UBQLN2
UBQLN3	2.1488255986527	0.493180625224038	0.160770950304367	3.06759787318766	0.00215786783458423	0.00254780131774568	UBQLN3
UBQLN4	3792.43766009733	-0.550417477724398	0.0341279526239213	-16.1280544364854	1.620452809512e-58	4.13052549193225e-58	UBQLN4
UBQLNL	31.8549397972211	0.968527007574783	0.0628312011647493	15.4147460118614	1.30282055674492e-53	3.16321457269561e-53	UBQLNL
UBR1	2302.08678459982	-0.115778149259336	0.0282464189908703	-4.09886114401821	4.1518801529213e-05	5.17217955935892e-05	UBR1
UBR2	4348.82777494747	-0.432460456936334	0.0251099393967453	-17.2226802344409	1.79480623069819e-66	4.94313141964476e-66	UBR2
UBR3	10319.9608477876	-0.634178455394025	0.0680464058633533	-9.31979356363867	1.16566877412873e-20	1.93375758944717e-20	UBR3
UBR4	17005.4812191138	-0.874813151793585	0.0341236579825676	-25.6365584322903	5.97119946944998e-145	3.06756739867492e-144	UBR4
UBR5	6713.61013386211	-0.781163043389075	0.0225201225328688	-34.6873353929999	1.22294971047113e-263	1.31507274421689e-262	UBR5
UBR7	1902.79991889283	0.110760572424026	0.0181597637904256	6.09922979738441	1.06580756322718e-09	1.47117567254447e-09	UBR7
UBTD1	2016.3043749939	-0.0172839187621935	0.0434074249302203	-0.398178855114725	0.690498351278268	0.705749535621173	UBTD1
UBTD2	917.338280532953	0.0105724844298663	0.024045734945522	0.439682315962448	0.660167212342261	0.6766695131177	UBTD2
UBTF	5858.24404076957	-0.260884023182282	0.019708650630425	-13.2370311937817	5.36270622564682e-40	1.12458148611217e-39	UBTF
UBTFL6	4.17948226247086	-0.955512335718392	0.13888596541069	-6.8798336310866	5.99225007853872e-12	8.64730588935189e-12	UBTFL6
UBXN1	6978.6057618102	-0.813375436586895	0.029747270684723	-27.3428592897637	1.31310991786541e-164	7.76520750049119e-164	UBXN1
UBXN10	119.857665939275	0.579601430888427	0.0612037649422025	9.47002903229517	2.79765926708661e-21	4.67905458207061e-21	UBXN10
UBXN11	804.240893983143	0.146707902229138	0.0369600243064331	3.96936703863592	7.20638050270372e-05	8.9217369621162e-05	UBXN11
UBXN2A	1322.16858473206	0.000522437010078782	0.0325884561413392	0.0160313519552115	0.987209379662441	0.98841737823592	UBXN2A
UBXN2B	1127.68039734622	0.172020435870796	0.0304888011037846	5.64208593461035	1.68002204637024e-08	2.25940058697876e-08	UBXN2B
UBXN4	6859.76499431813	-0.637486891340788	0.0183234875905942	-34.7906962683252	3.36292251544067e-265	3.64674507231612e-264	UBXN4
UBXN6	8958.73200342061	-0.270623141017995	0.0289927275868026	-9.33417320628992	1.0178251329632e-20	1.6902094297482e-20	UBXN6
UBXN7	2413.97712075861	-0.394720733504259	0.0236189557796813	-16.7120315218942	1.07123021706376e-62	2.85339081641975e-62	UBXN7
UBXN7-AS1	0.460864567562629	0.153361014757516	0.101039035675703	1.51783925620338	0.129054926151438	0.140650101450145	UBXN7-AS1
UBXN8	275.338419932381	-0.191083068955614	0.0279904555648502	-6.82672236301763	8.68765937563595e-12	1.24969279543569e-11	UBXN8
UCHL1	847.414139859335	-0.726832273613136	0.0747580937933264	-9.72245594734546	2.41875931417778e-22	4.10407073376513e-22	UCHL1
UCHL3	934.127564287435	-0.507196301347012	0.0361362884733578	-14.0356501116863	9.43274342212652e-45	2.08931726764734e-44	UCHL3
UCHL5	1716.93377292924	-0.0637696846940425	0.0321567311964948	-1.98308977067276	0.0473574030202318	0.0528277010452496	UCHL5
UCK1	2323.16348533935	-0.0184944580783848	0.0291552335010562	-0.634344364887861	0.525856109281832	0.546342827148924	UCK1
UCK2	1326.04545152599	-0.781200925806122	0.0422983355797793	-18.4688337046429	3.67947962433594e-76	1.10778245053807e-75	UCK2
UCKL1	3256.12500240099	0.253731869322433	0.0300107811215652	8.45469060917265	2.79828329205156e-17	4.410849171648e-17	UCKL1
UCN	94.3115510434691	0.601067386031394	0.0578703598517391	10.3864463184832	2.85804144113033e-25	5.05876145346971e-25	UCN
UCN2	127.856611835164	-3.43341013282124	0.114720857426526	-29.9283862572262	8.40981307560608e-197	6.19415078453294e-196	UCN2
UCP1	7.18673366665264	-0.464757611425412	0.203369504293739	-2.28528664137438	0.0222960257163736	0.0252899028935376	UCP1
UCP2	3213.22359890267	-1.82444366194775	0.0746486447777627	-24.4404123796128	6.36400003476291e-132	2.97941130366104e-131	UCP2
UCP3	8495.68495490401	-5.78749831570107	0.134045365223957	-43.1756689687225	0	0	UCP3
UEVLD	1337.12746611305	-0.486361999175927	0.0213639965648465	-22.7654969752342	1.00784723000227e-114	4.19765339825795e-114	UEVLD
UFC1	3145.15648884047	-0.0815306697933888	0.0185112896248506	-4.40437546198496	1.06089064807834e-05	1.34184180410752e-05	UFC1
UFL1	2231.64040553072	-0.346678861878309	0.0275931370035171	-12.5639524724615	3.33259623048667e-36	6.71179959107076e-36	UFL1
UFM1	2495.41707337884	0.0348051688640273	0.0184634385575186	1.88508596357064	0.0594182327853327	0.0659384506731259	UFM1
UFSP1	67.7415530696898	-0.51131346718568	0.0519369369789532	-9.84489068719787	7.2117581290929e-23	1.23343333094348e-22	UFSP1
UFSP2	1719.54319039088	-0.203190158187094	0.0319975371590149	-6.35018117729877	2.15061488135702e-10	3.01223299714501e-10	UFSP2
UGCG	2850.89120867884	-0.478466100908054	0.0553411927916055	-8.64574969877828	5.34531714251263e-18	8.51287745575244e-18	UGCG
UGDH	1006.15485727728	0.0188882416889111	0.0545470099157654	0.346274556902008	0.72913638786527	0.742878883742514	UGDH
UGGT1	3325.96137793518	-0.192552321413321	0.0330384619401455	-5.8281260720357	5.60532274348492e-09	7.62037721512515e-09	UGGT1
UGGT2	927.712889367058	0.11619492938233	0.0355962290817622	3.26424827515966	0.00109754942935411	0.00131057958725064	UGGT2
UGP2	16744.1151760136	-0.084319430713517	0.063772157600863	-1.32219817998405	0.186102166983575	0.200780647759744	UGP2
UGT1A1	15.8725520169575	-5.38824619462924	0.223240707285711	-24.1364859489232	1.03529841248503e-128	4.7517610206892e-128	UGT1A1
UGT1A10	0.801394719374527	-1.37595492771889	0.234466605416738	-5.86844734359198	4.39895056405627e-09	5.99254647370796e-09	UGT1A10
UGT1A2P	0.758797320680059	-1.82220496021889	0.230878941134151	-7.89246932296048	2.96265169583262e-15	4.51801873743502e-15	UGT1A2P
UGT1A4	1.12179788948024	-2.14386966193746	0.216908251822782	-9.88376257667246	4.89592985433802e-23	8.40229128686611e-23	UGT1A4
UGT1A6	10.5437753178962	-5.31109314948734	0.238950814881359	-22.2267212276482	1.89478666824445e-109	7.55271364372638e-109	UGT1A6
UGT1A7	11.4320326307236	-5.22753749460962	0.229692387464756	-22.7588626349741	1.17247745785551e-114	4.87994606216346e-114	UGT1A7
UGT2A1	1.03541065839129	-2.16813840473085	0.259536639724861	-8.35388177572664	6.6055462183078e-17	1.03522930067699e-16	UGT2A1
UGT2A2	0.0130248864809526	0.528513035049275	1.34312212091949	0.393495890520707	0.693953258603738	0.709172153415836	UGT2A2
UGT2B11	3.98095468873529	-3.91442170791251	0.304777654984551	-12.8435324699605	9.35083536624666e-38	1.91560700384439e-37	UGT2B11
UGT2B17	2.67676758147772	-0.609844014503376	0.180058539137667	-3.38692081710775	0.000706817848209068	0.000848567966227253	UGT2B17
UGT2B28	1.68852672795407	-2.74930931442628	0.313281666680259	-8.77583850839341	1.69635112206271e-18	2.72302626611833e-18	UGT2B28
UGT2B7	9.22444035327323	-3.35311677924925	0.167574482762376	-20.0097098554321	4.53279096853926e-89	1.52713401131715e-88	UGT2B7
UGT3A2	208.658884939095	-7.35307007904517	0.214121746363911	-34.3406039036701	1.94536530547881e-258	2.02653477221783e-257	UGT3A2
UGT8	55.4577530718634	-2.78658849967027	0.10520624441501	-26.4869116387992	1.37162726437379e-154	7.53223379682509e-154	UGT8
UHMK1	4585.64878606569	-0.765229266122453	0.03915059758775	-19.5457876321635	4.48022847467264e-85	1.45811955835441e-84	UHMK1
UHRF1	86.9576098240785	-1.15672742408842	0.0735538432353672	-15.7262676320932	9.99306434850764e-56	2.47809824132093e-55	UHRF1
UHRF1BP1	2185.74709249978	-0.0367571796035852	0.0519984930373745	-0.706889324218791	0.47963525883911	0.500255767678476	UHRF1BP1
UHRF1BP1L	1562.11033363988	-0.956460568398615	0.0429134311012664	-22.2881401895266	4.81585985505767e-110	1.92988186221935e-109	UHRF1BP1L
UHRF2	2418.91539478492	-0.674507121808561	0.0192010407962097	-35.1286750008733	2.46071910602927e-270	2.73428423627364e-269	UHRF2
UHRF2P1	4.73340859959949	-1.22640886918838	0.0908199653316736	-13.5037363723884	1.48642265493478e-41	3.17629323498111e-41	UHRF2P1
UIMC1	1856.7480468767	-0.129236664344102	0.0161071540646167	-8.02355672675918	1.02726514688841e-15	1.58009056730225e-15	UIMC1
ULBP1	18.1000871979319	2.07594362472451	0.0771416343577808	26.9108068814869	1.64143500593531e-159	9.33864460867304e-159	ULBP1
ULBP2	33.8272212318935	2.00788391877037	0.0687601371732944	29.201278550535	1.86806800285595e-187	1.29285244595963e-186	ULBP2
ULBP3	66.8644337113486	-0.278895421927125	0.0754807164613378	-3.69492282270504	0.000219953587064197	0.000268160143633093	ULBP3
ULK1	10405.2905817878	-0.623968553031326	0.0401996611059951	-15.5217366481299	2.47267239888633e-54	6.04681101105187e-54	ULK1
ULK2	1623.76401001794	-0.465088936718022	0.0210272158636643	-22.1184268870189	2.10128685906049e-108	8.30594307201316e-108	ULK2
ULK3	4863.93972924301	-0.742107381632291	0.0353073740372039	-21.0184813192372	4.44427274984936e-98	1.61880521590527e-97	ULK3
ULK4	216.295343769742	0.136442405543439	0.0574561003851141	2.37472443533236	0.0175620558713573	0.020002187139532	ULK4
ULK4P2	4.41812533168315	0.0967890809725987	0.0718848183356972	1.34644676321779	0.178158478359753	0.192452638559404	ULK4P2
UMODL1	8.8991061589032	1.42820707979908	0.113563879393113	12.5762442022185	2.85273318052916e-36	5.74793485367198e-36	UMODL1
UMPS	811.996507398918	-0.814112791938772	0.0367293867614741	-22.1651615701002	7.45021676028978e-109	2.95399453528582e-108	UMPS
UNC119	1181.73310439566	0.403937156986433	0.0519227958295619	7.77957254675516	7.27700060048513e-15	1.10226596944911e-14	UNC119
UNC119B	1211.22234013427	0.303358705429571	0.030094064773097	10.0803499865117	6.74853121381977e-24	1.17270306380896e-23	UNC119B
UNC13A	29.3964530467351	0.346071223685688	0.0623769757340749	5.54806031573343	2.88856235528785e-08	3.86422495225451e-08	UNC13A
UNC13B	5175.70692282926	-0.437940972861966	0.0352904328497746	-12.4096231612178	2.31740910142352e-35	4.62582404465787e-35	UNC13B
UNC13C	232.933894314592	-4.70210585630932	0.119794147896778	-39.2515489184073	0	0	UNC13C
UNC13D	1004.76623710347	-0.260388507137584	0.0370946362795038	-7.01957299636494	2.22547323854208e-12	3.23618577970725e-12	UNC13D
UNC45A	3048.31512472047	-0.500719201751405	0.0434237978740209	-11.5309859170787	9.2083083048213e-31	1.74574784407676e-30	UNC45A
UNC45B	9514.45334224223	0.695734412863045	0.169418708382181	4.10659731446884	4.0153033903246e-05	5.00342491549447e-05	UNC45B
UNC50	1308.82350375399	-0.0772204251342149	0.0132313981252848	-5.83615007295782	5.34207832048198e-09	7.26634062618983e-09	UNC50
UNC5A	51.1526043161783	-1.93046570644565	0.0934620990240668	-20.6550647439295	8.79032579504196e-95	3.10507564043466e-94	UNC5A
UNC5B	1192.21513972907	1.65010785945552	0.0570858239050456	28.905737827315	1.01127065057953e-183	6.81283045699181e-183	UNC5B
UNC5C	170.238426926638	2.02648022562004	0.065159804610617	31.1001581071324	2.39668631793734e-212	1.93638915660638e-211	UNC5C
UNC5CL	145.009139867665	-0.330253085523665	0.0482417052668407	-6.84580040645178	7.60494498125254e-12	1.09517291686022e-11	UNC5CL
UNC5D	6.48483893626129	-1.40128318949924	0.139232819571827	-10.0643166877501	7.94370262022643e-24	1.37892565927383e-23	UNC5D
UNC79	66.2043674363407	-0.306728899994537	0.0790962149273869	-3.87792134271058	0.000105352765486752	0.000129627828539099	UNC79
UNC80	17.05796589961	-0.114283024375578	0.0868035368281412	-1.31657105864064	0.187982445179727	0.202736324706744	UNC80
UNC93A	299.647136282057	-9.1727016274804	0.267122029975692	-34.3389934117942	2.05607857322114e-258	2.14062871003781e-257	UNC93A
UNC93B1	899.832277137175	-0.639637284726207	0.051577151175301	-12.4015629043217	2.5627569376587e-35	5.11216618293376e-35	UNC93B1
UNG	2415.10286576628	-0.683854818348343	0.0315185280249	-21.6969148371425	2.19398261722569e-104	8.3886748285216e-104	UNG
UNGP3	8.40562306593535	-3.02447691847101	0.11018105179219	-27.4500639563272	6.93538958246532e-166	4.12570878631719e-165	UNGP3
UNK	1987.56707993011	-0.380021356832884	0.0299685626963721	-12.6806667601342	7.56852901028751e-37	1.53476501874716e-36	UNK
UNKL	1384.33522523133	-0.848300030638335	0.0273480340732446	-31.0186841352612	3.01818044404992e-211	2.42329465536765e-210	UNKL
UPB1	92.9921230390488	2.48142786256069	0.0617897590601502	40.1592092331208	0	0	UPB1
UPF1	6547.42308655854	-0.338113626792632	0.0165590036027412	-20.418718112765	1.14016863891683e-92	3.95990269518463e-92	UPF1
UPF2	2928.09359336516	-0.672533570910637	0.0222012560509023	-30.2925910754182	1.43517292418351e-201	1.08777043403062e-200	UPF2
UPF3A	2167.94566362908	-0.110394434664197	0.0164653916800253	-6.70463459415426	2.01910975135387e-11	2.8827724170464e-11	UPF3A
UPF3AP1	2.8568329900124	-0.319424636282469	0.0785899534241148	-4.06444618383571	4.81466458521778e-05	5.98706667577406e-05	UPF3AP1
UPF3AP2	5.26994628531285	-0.508856141355914	0.0706194834364324	-7.20560554388587	5.77864633663281e-13	8.49154389434507e-13	UPF3AP2
UPF3AP3	8.74867547440714	0.504498438915247	0.0516184029860995	9.77361579844121	1.4614125868907e-22	2.48788424216186e-22	UPF3AP3
UPF3B	857.189857250874	-0.497843911852595	0.0201188836003442	-24.7451062266734	3.50013261604955e-135	1.67479764012514e-134	UPF3B
UPK1A	217.543260433638	-6.5204475962855	0.172729957050895	-37.7493731117193	0	0	UPK1A
UPK1B	15.1347455050213	-1.59594692467032	0.168895506714697	-9.44931547152544	3.41053731394359e-21	5.69720510284879e-21	UPK1B
UPK3A	179.042731610834	-5.91911025567729	0.179454962075115	-32.9838204930757	1.38585793430902e-238	1.29526628637055e-237	UPK3A
UPK3B	114.657910013437	-1.435863543952	0.0817666505743288	-17.5605033820818	4.9434888581635e-69	1.39829891476746e-68	UPK3B
UPK3BP1	24.7926755980756	-1.68130917572885	0.0710869121737193	-23.6514588173436	1.14021684324908e-123	5.05169662695708e-123	UPK3BP1
UPP1	1004.51144012067	0.67313178243857	0.0528996980730846	12.7246809898346	4.31232429240664e-37	8.76141643201038e-37	UPP1
UPP2	2.62683557953673	-0.871299512060115	0.125645212751306	-6.93460174869301	4.073671193977e-12	5.89612890269196e-12	UPP2
UPRT	491.415625412125	0.175473583821406	0.026560354787877	6.60659788706956	3.93252283462384e-11	5.58583946548282e-11	UPRT
UQCC1	3937.15758298098	0.45365799422287	0.0453588252788816	10.0015375493881	1.50048993929155e-23	2.59340560702709e-23	UQCC1
UQCC2	1746.34186476871	1.47674098958505	0.0550714581004565	26.8149971059656	2.16035203288469e-158	1.21983992923329e-157	UQCC2
UQCR10	3069.45269711556	1.05093607174328	0.0634176996540541	16.5716523537779	1.11713355172833e-61	2.94774568523331e-61	UQCR10
UQCR11	7417.12509798395	1.11068019702657	0.0561531538990287	19.7794802233857	4.47276959144271e-87	1.48249540444781e-86	UQCR11
UQCRB	17461.0641032693	1.47552766005157	0.0621779333373639	23.7307285857457	1.73756008895913e-124	7.74395126549971e-124	UQCRB
UQCRBP1	5.92726797529967	1.35555735204392	0.0650974952393476	20.823494775949	2.65126078997838e-96	9.46931457944461e-96	UQCRBP1
UQCRC1	21593.6252677304	1.09366888770291	0.06418202943195	17.0401107191927	4.13947196489615e-65	1.12440976067746e-64	UQCRC1
UQCRC2	20421.2894761366	0.77383711430765	0.0580442757885075	13.3318420084564	1.51119715421585e-40	3.18835677133609e-40	UQCRC2
UQCRFS1	10595.9484955289	0.580775369527101	0.0683592959420721	8.49592380265666	1.96364791112623e-17	3.10202949084539e-17	UQCRFS1
UQCRFS1P1	153.342545721269	0.273733290900657	0.0936671861483611	2.92240326796074	0.00347341494890654	0.00406878001530986	UQCRFS1P1
UQCRH	7716.65454827794	1.66616899408372	0.046242564590689	36.0310681042807	2.72996919066862e-284	3.27833058046871e-283	UQCRH
UQCRQ	6521.23259122718	1.3883430725159	0.0591372417376928	23.4766287997332	7.06906669010594e-122	3.0916003277113e-121	UQCRQ
URB1	2615.42255607445	-0.23548268263922	0.0301187896273808	-7.81846433912284	5.34716288161019e-15	8.11655949336917e-15	URB1
URB2	767.166824726807	-0.726730344724728	0.0472872683661244	-15.368414582504	2.66613745243547e-53	6.44635866773552e-53	URB2
URGCP	3124.82886728867	0.0899666536070798	0.0251378452957162	3.57893258347052	0.000345000443012988	0.000418290090568922	URGCP
URI1	3469.12058716412	-0.788026638088542	0.0254720591764007	-30.9369035550385	3.81173898569762e-210	3.04010250250522e-209	URI1
URM1	2897.27005391949	0.419155406709481	0.0165916536962377	25.2630276875009	8.14594333771803e-141	4.05854209859569e-140	URM1
UROD	2503.11780593083	0.321390068239654	0.0247292269915064	12.9963653271507	1.28297461270337e-38	2.64788190819462e-38	UROD
UROS	2512.21290880849	0.568639102609199	0.0387115152528446	14.6891460821187	7.56612464032894e-49	1.75535261825701e-48	UROS
USB1	1495.42415531238	0.926196120086349	0.022132936010168	41.8469614542258	0	0	USB1
USE1	1097.38551657817	0.326718387202895	0.028165967372034	11.5997573556552	4.13248255230515e-31	7.86683781980171e-31	USE1
USF1	2294.2991318944	0.00198032500627912	0.0161957544614465	0.122274328805937	0.902681762069428	0.908638058436043	USF1
USF1P1	0.330074532318061	0.443706186294552	0.205625356716009	2.15783789208137	0.0309404376841271	0.0348491314448737	USF1P1
USF2	8901.21754891927	0.18989686267061	0.0290224338365201	6.54310605858478	6.02540664325119e-11	8.52699253028024e-11	USF2
USH1C	8.41797816079155	0.839685937215037	0.106133896406101	7.91157175651162	2.54159374934591e-15	3.88084053626056e-15	USH1C
USH1G	115.469432255223	-7.12577527512685	0.201550198172501	-35.3548413235897	8.44764626417942e-274	9.57594964744923e-273	USH1G
USH2A	32.9020105260649	2.90770924973835	0.0559017119112758	52.0146727233204	0	0	USH2A
USHBP1	1075.08854043168	1.77165672107602	0.0575889599604366	30.7638256063861	7.98872896666908e-208	6.29344026822801e-207	USHBP1
USO1	13454.2518699838	-1.21703813208522	0.0688773169691312	-17.6696507012702	7.18403376797994e-70	2.04846811115804e-69	USO1
USP1	1478.66732506908	-0.404534731718645	0.015871593785048	-25.4879716049525	2.67992442991793e-143	1.35929331256559e-142	USP1
USP10	3608.17685455152	-0.474431787373687	0.033600441261745	-14.1198082393591	2.86770595336338e-45	6.38722777363206e-45	USP10
USP11	3449.50070892872	0.430053297051271	0.0239214577349147	17.9777211663645	2.91218133040158e-72	8.48804665294024e-72	USP11
USP12	2172.26403828038	-0.0742014793095099	0.024783462749629	-2.99399160073467	0.00275353524554659	0.00323794015907265	USP12
USP13	16601.6271916463	-0.955157819704143	0.105377558314911	-9.0641483345984	1.25581445337027e-19	2.05228470041927e-19	USP13
USP14	4331.00618408932	-0.545561633466599	0.0329089202386692	-16.5779256660492	1.00643206733688e-61	2.65641988916878e-61	USP14
USP15	4405.13057551263	-0.479058892045191	0.0224125998745847	-21.3745346245364	2.30610657281483e-101	8.61606982508089e-101	USP15
USP16	2351.49099033516	-0.156791227519572	0.027775549889786	-5.64493693704438	1.65241806983585e-08	2.22294131044879e-08	USP16
USP17L2	3.02422726191469	-1.359130282706	0.142104057061386	-9.56433131334798	1.12929121251534e-21	1.89931524960186e-21	USP17L2
USP17L4	0.0667822353227787	0.336593725766323	0.610890100730169	0.550989000090208	0.581641215139039	0.600592182281756	USP17L4
USP17L7	1.10686476609096	-0.659910114415135	0.161268844412106	-4.09198761745203	4.27691494496208e-05	5.32462451927951e-05	USP17L7
USP18	178.478214062981	-0.364873230374158	0.0498810013877763	-7.31487380410877	2.5762338601988e-13	3.80651610583917e-13	USP18
USP19	6594.22251808027	-0.59564692569481	0.034289491412003	-17.3711216225944	1.36530875007607e-67	3.80919448389947e-67	USP19
USP2	5996.05780647286	0.202540961982573	0.0895102152848283	2.26276924190242	0.0236499179040951	0.0267732955280559	USP2
USP2-AS1	41.4729098252326	1.67459075040783	0.0538125608217492	31.1189567051978	1.33464853599428e-212	1.07977565377227e-211	USP2-AS1
USP20	2277.94197997058	-0.446875877381101	0.0182286093613443	-24.5150833243894	1.0200382126968e-132	4.80170184800082e-132	USP20
USP21	1543.3216648953	-0.352735033144838	0.0185422951895326	-19.0232670518568	1.09446333208052e-80	3.43529807162712e-80	USP21
USP22	8767.15664791605	-0.11224153045055	0.0352886613542753	-3.18066841141174	0.00146935706376287	0.00174655946281005	USP22
USP24	8629.92376097882	-0.996675261231976	0.0456791215855186	-21.819054890669	1.52988409361197e-105	5.90848392385947e-105	USP24
USP25	5063.20166490431	-1.02547289123362	0.0534747766332754	-19.1767587598581	5.78777498066543e-82	1.8397622713572e-81	USP25
USP27X	182.957898534099	-0.163122612108734	0.0254363904651131	-6.4129622609962	1.42718859582999e-10	2.00552864274283e-10	USP27X
USP28	3783.10361163534	0.937621240525882	0.0708394526729768	13.2358622934922	5.4467993215142e-40	1.14195008835986e-39	USP28
USP3	1024.93161760672	-0.672070421541456	0.025459024037209	-26.3981219609679	1.43991427116392e-153	7.83551898283605e-153	USP3
USP3-AS1	167.235601547316	-1.07809267404689	0.0469085591132659	-22.9828563150643	6.91843415050134e-117	2.92481759378052e-116	USP3-AS1
USP30	1119.33221364238	-0.486592834256219	0.0194251062280068	-25.0496871700324	1.75960459894786e-138	8.63539868747557e-138	USP30
USP31	1962.29827637825	-0.0252263448636914	0.0347255389032014	-0.726449341333785	0.467563352450636	0.488145685388232	USP31
USP32	3276.62788841298	-1.00011697863418	0.0322359832347802	-31.0248634685703	2.4911924367092e-211	2.00196227916082e-210	USP32
USP32P2	296.072101207834	0.313203978629564	0.0774574474372169	4.04356183933677	5.26452625738899e-05	6.53924490472393e-05	USP32P2
USP32P3	135.057626758891	0.845818016445781	0.0497088954822326	17.015425674628	6.31128508243675e-65	1.71124330123428e-64	USP32P3
USP33	2596.2517784095	-0.345864025770822	0.0199244995725205	-17.3587308685951	1.69427346966995e-67	4.72041738547109e-67	USP33
USP34	4225.27026695149	-0.628901506879236	0.0314247678081413	-20.0129245415237	4.24969792364459e-89	1.43202568932097e-88	USP34
USP35	668.43025114712	0.44640098240416	0.0269769918244724	16.547470722781	1.66971525079501e-61	4.3987332400938e-61	USP35
USP36	4475.84632863189	-0.635320729286349	0.0253277419443205	-25.0839861951773	7.43755505598583e-139	3.65601934906611e-138	USP36
USP37	355.889819988972	-0.945798201757765	0.0272831846762377	-34.6659751411465	2.56660185695299e-263	2.75336114582901e-262	USP37
USP38	3173.75684370076	-1.39234647925706	0.0627253897694249	-22.1974942583099	3.63136779407366e-109	1.44460224665458e-108	USP38
USP39	3057.30418359764	-0.537041998910204	0.027917264369818	-19.2369134667368	1.81711693570808e-82	5.79654828277179e-82	USP39
USP4	3588.06991989619	-0.0163178852360935	0.0130273649070133	-1.25258525822891	0.210356682571417	0.226013527692974	USP4
USP40	2574.58471990955	-0.298208768934327	0.0183674776741548	-16.2356951904148	2.82034555977304e-59	7.24340710821438e-59	USP40
USP42	912.384008197232	-0.567056400249159	0.0189668610578177	-29.8972190770297	2.13860015913057e-196	1.57066264645081e-195	USP42
USP43	146.641519151893	-4.2398706882896	0.10921865666098	-38.8200223103855	0	0	USP43
USP44	58.9087221548647	-0.691097303468006	0.0580299983915582	-11.909311091219	1.05848146425167e-32	2.05453146840568e-32	USP44
USP45	692.302678339948	-0.22719341855626	0.0206629044263761	-10.9952315448088	4.02878172028223e-28	7.38664694915465e-28	USP45
USP46	1642.40318016908	1.0636964703085	0.0329153593276166	32.3161129648079	4.15409725464914e-229	3.66918079886846e-228	USP46
USP47	5526.23537307891	-0.616102539806446	0.0465120765943026	-13.2460768238826	4.75413609121746e-40	9.97542881198339e-40	USP47
USP48	3170.86059231821	-0.188689702666321	0.0158770681514397	-11.8844172530185	1.42626310182459e-32	2.76363424068293e-32	USP48
USP49	765.272723971547	-0.480643163368564	0.0203691202667395	-23.5966579348741	4.17097229266427e-123	1.84159117587073e-122	USP49
USP5	5156.6234994201	-0.584092453140661	0.0339939297595337	-17.1822574580937	3.60601333657028e-66	9.90869272959879e-66	USP5
USP50	89.764531486819	-1.00257152291155	0.0576082126937494	-17.4032742213564	7.79190140413513e-68	2.17865823510153e-67	USP50
USP51	73.977487285062	0.905456111310676	0.0473682056604823	19.1152714924574	1.88436933875156e-81	5.96142925603986e-81	USP51
USP53	5210.05772809359	-0.730740784093443	0.0423404016704893	-17.2587116622174	9.6234150217174e-67	2.65732618202078e-66	USP53
USP54	9874.48578674159	-1.84109123983247	0.0763512887259501	-24.1134271674281	1.80748135174655e-128	8.27478937253041e-128	USP54
USP6	2192.17913589661	-4.01993005557384	0.116589885136104	-34.4792350629823	1.64265016317025e-260	1.7292014963291e-259	USP6
USP6NL	808.079205792133	-0.822148767796747	0.0506158590976763	-16.2429084965287	2.50748304585722e-59	6.44632994979661e-59	USP6NL
USP7	8821.10230326486	-0.622781574891145	0.0266532535788763	-23.3660619724386	9.46377112181973e-121	4.10499624009342e-120	USP7
USP8	1976.53188298654	-0.303357518703883	0.0153108094993436	-19.8132906504315	2.28641311442725e-87	7.60068743726777e-87	USP8
USP8P1	1.67876630305112	-0.266910162535874	0.102527726230413	-2.60329739426817	0.00923318228503671	0.0106447107924264	USP8P1
USP9X	8748.42828592653	-0.633852975276818	0.0380764567728715	-16.6468476585884	3.18967321967465e-62	8.45366720073078e-62	USP9X
USP9Y	1612.96688100847	0.25517303004067	0.125507974923156	2.03312204022815	0.0420401947837831	0.0470215947746291	USP9Y
USPL1	1348.3047018041	-0.238102722220571	0.0189279548507482	-12.5794215010587	2.7402920375281e-36	5.52199674997686e-36	USPL1
UST	644.653875753938	-1.01719625158261	0.0509431765724053	-19.9672717726362	1.06092229791466e-88	3.56233208072407e-88	UST
UTP14A	833.355419172564	-0.419637303404817	0.0209207187029636	-20.0584554174696	1.70291941767742e-89	5.76424453509049e-89	UTP14A
UTP15	794.406473509057	-0.684985908971403	0.0214263489925266	-31.969324741715	2.91145908875181e-224	2.51362949911853e-223	UTP15
UTP18	1516.79395311523	-1.47398633942216	0.0247644359148859	-59.5202872574275	0	0	UTP18
UTP20	1511.18308439819	-0.612638173267968	0.0186954524287886	-32.7693686794433	1.60885121355421e-235	1.4775985048566e-234	UTP20
UTP23	631.521034770092	0.0290327193124671	0.0186474776290155	1.55692474285595	0.119488354165643	0.130468874398625	UTP23
UTP3	1136.33390370092	-0.152764132913244	0.0228356522042536	-6.68972059772346	2.23597090421614e-11	3.18885376697787e-11	UTP3
UTP6	1827.14951700484	-0.370999936177139	0.016623866184329	-22.3173076625745	2.50953610208021e-110	1.00835177173094e-109	UTP6
UTRN	5681.93821462445	-0.156919734581438	0.0342108199581589	-4.58684517861181	4.4999412580487e-06	5.7416673225216e-06	UTRN
UTS2	1.66017502792367	-0.575058219110266	0.172345452762645	-3.3366602361261	0.000847915352074236	0.0010153887874327	UTS2
UTS2R	60.5421322872406	1.68687309598499	0.10444478020481	16.1508607005265	1.11988103773275e-58	2.85942958301096e-58	UTS2R
UTY	1057.98248537175	-0.981918629354368	0.132309820904166	-7.421358616044	1.15924959312056e-13	1.72374458332754e-13	UTY
UVRAG	2076.24066624698	-0.679315178011252	0.0242699275362981	-27.9899961380301	2.15067812396589e-172	1.34752373510303e-171	UVRAG
UVSSA	3423.31405591653	-0.692048172167004	0.030965234726677	-22.3491983275939	1.22931038526838e-110	4.95717209794268e-110	UVSSA
UXS1	1225.2332617415	0.316755938090542	0.0229764458167737	13.7861155992759	3.08953290730874e-43	6.72731122105535e-43	UXS1
UXT	1698.64942708093	0.151175324080094	0.0193342529910163	7.81904137441141	5.32271152001604e-15	8.08012565962293e-15	UXT
VAC14	2116.70511834235	-0.242068815426915	0.0175897670545831	-13.7619113815293	4.31953744101043e-43	9.39308933022817e-43	VAC14
VAC14-AS1	12.8123689211303	-1.00616074019596	0.0714443162985006	-14.0831460405071	4.82146546337445e-45	1.07136402673995e-44	VAC14-AS1
VAMP1	822.418160372025	0.135001318789229	0.0340123570176094	3.96918445608855	7.2119039725585e-05	8.92796117254835e-05	VAMP1
VAMP2	7326.05115115548	-0.0223821894709977	0.0168284998972769	-1.33001691223942	0.183512699128213	0.198105672983925	VAMP2
VAMP3	5366.87297890342	-0.420903297659518	0.0161761849318179	-26.0199360624036	2.94620096674204e-149	1.56259763118219e-148	VAMP3
VAMP4	1393.89179278152	-0.291684980313553	0.0214989838726433	-13.5673844885624	6.25131716757033e-42	1.34171885457772e-41	VAMP4
VAMP5	2096.49828451219	-0.199151889045564	0.0470184309499542	-4.23561324829275	2.279287921196e-05	2.85899671586992e-05	VAMP5
VAMP7	1664.65846155786	-0.388181292829884	0.020176881291039	-19.238914440275	1.74831615872817e-82	5.57806436959693e-82	VAMP7
VAMP8	1792.92264793544	-2.52767878859531	0.0682298361782061	-37.0465316960954	2.04230516115918e-300	2.6486696834313e-299	VAMP8
VANGL1	709.12737664782	0.289874810745188	0.0575512440643954	5.03681224372561	4.73348673059911e-07	6.17848558027079e-07	VANGL1
VANGL2	1773.79199001979	-1.77045384144144	0.0847330401007322	-20.8944921524908	6.00924045394605e-97	2.16214945855452e-96	VANGL2
VAPA	7731.26160449951	-0.146276837520609	0.0245403847001908	-5.96065788322674	2.51224441578321e-09	3.43978943702088e-09	VAPA
VAPB	4799.07376032548	-0.147597784223678	0.0491221469378209	-3.00470955413467	0.00265834566586032	0.00312743482982495	VAPB
VARS2	2059.08396112006	-0.0282225318036538	0.025039482762839	-1.12712119778843	0.259691242050577	0.277134340061207	VARS2
VASH1	781.424141172865	2.07800901816838	0.0440687158857475	47.1538363758051	0	0	VASH1
VASH2	97.1642892917957	0.423010406876402	0.0640883095895549	6.60043008757005	4.0996668556805e-11	5.82233554785835e-11	VASH2
VASN	2343.89584832638	-0.587211766160766	0.0627152165110447	-9.36314659867837	7.73966805438984e-21	1.28668050098884e-20	VASN
VASP	2809.58717053577	0.653623569667135	0.0425445880880154	15.3632600300403	2.88685439504438e-53	6.97721079017103e-53	VASP
VAT1	10429.3566771031	-0.701573834321748	0.05779243802581	-12.1395438276618	6.51884462865236e-34	1.28162649803813e-33	VAT1
VAT1L	149.907862952301	4.49279182381456	0.076147002253973	59.0015587065366	0	0	VAT1L
VAV1	135.023450178553	0.147361168821587	0.0544153049184107	2.70808312188156	0.0067673070894683	0.00784204293276161	VAV1
VAV2	904.854530684264	0.202325461821444	0.0453299525105124	4.46339452428332	8.06713181792187e-06	1.02301120010153e-05	VAV2
VAV3	2145.02430931884	-3.5484593933095	0.10131952291004	-35.0224644904825	1.0239838484013e-268	1.13014918792592e-267	VAV3
VAX2	39.4688886107018	-0.986775347289951	0.0616130206085091	-16.015695019401	9.92910231322504e-58	2.51206986283013e-57	VAX2
VBP1	2457.23742993518	0.120052747319667	0.0546421365177625	2.19707271659557	0.0280152532997086	0.031625647475734	VBP1
VCAM1	594.312144354887	-0.0288995923128752	0.0743153830713395	-0.388877660566358	0.697366648332534	0.712243803496961	VCAM1
VCAN	3311.23900401759	0.528811236165663	0.0633985081019865	8.34106751084721	7.3622846171214e-17	1.15272232228236e-16	VCAN
VCL	19282.3795296207	0.604475930000618	0.0527315800938833	11.4632622220766	2.01769013396879e-30	3.80917043540348e-30	VCL
VCP	23481.3774045543	-0.000819076302955389	0.040073415176939	-0.0204393935315686	0.983692858912708	0.985170532618652	VCP
VCPIP1	1268.00941746681	-0.636213726644355	0.0298092579843112	-21.3428233262029	4.54646651779068e-101	1.69478036419031e-100	VCPIP1
VCPKMT	503.492832031256	-0.118864276792324	0.0233194428212654	-5.09721770384366	3.44681860589237e-07	4.51080928569019e-07	VCPKMT
VCX	1.45298268815053	0.81629357774375	0.127171093209834	6.41886105670926	1.37297645880627e-10	1.92980004958005e-10	VCX
VCX3A	1.76654468907046	0.718473912163876	0.119085514494962	6.03326034413925	1.60684224919687e-09	2.21069759460356e-09	VCX3A
VCX3B	3.87578016130497	0.730470934755602	0.0947483060035249	7.70959361245389	1.26219010051399e-14	1.90577788956151e-14	VCX3B
VDAC1	22678.7385101249	0.0551146034337401	0.0691925051723749	0.79654007751904	0.425718190685098	0.446296264080278	VDAC1
VDAC1P1	20.4650662980796	-0.0414308192410279	0.0876019536970511	-0.472944009722726	0.63625312545427	0.653534522756195	VDAC1P1
VDAC1P11	1.1865528307479	-0.383576980331051	0.130295862515701	-2.94389225356123	0.00324112814654958	0.00380088259062143	VDAC1P11
VDAC1P3	1.21974857030586	0.0150396302118438	0.163617045759383	0.0919197027549397	0.926761837198014	0.931210707864998	VDAC1P3
VDAC1P4	1.4621896605813	-0.0214790957809517	0.13156098866982	-0.163263411123019	0.870311041019564	0.878017656750164	VDAC1P4
VDAC2	9519.44024372541	0.502740812574697	0.0475300075369157	10.5773350064005	3.79601918544331e-26	6.78773630248982e-26	VDAC2
VDAC3	10097.5900217591	0.239531714929824	0.0708905257134588	3.37889601634521	0.000727775296569587	0.000873320652859752	VDAC3
VDR	1363.58985219144	-3.88799385455722	0.0778497392175505	-49.9422848892563	0	0	VDR
VEGFA	14107.6891336281	0.176023435111135	0.0598239334966536	2.94235809688076	0.00325723029352257	0.00381901924794501	VEGFA
VEGFB	6420.92719841575	0.95895351706794	0.0372462084376368	25.7463392192943	3.54254445493528e-146	1.83561723469459e-145	VEGFB
VEGFC	637.289452448475	0.865343064861616	0.0654512144370433	13.2211918801595	6.62064493303723e-40	1.38708367597303e-39	VEGFC
VENTX	115.171631782254	0.398358102805745	0.0570031129017222	6.98835699538981	2.78123961613918e-12	4.03848466000818e-12	VENTX
VEPH1	71.4508099028372	-1.7240516036414	0.0888537019862097	-19.4032613734988	7.2427473611425e-84	2.33649991483739e-83	VEPH1
VEZF1	3942.14387262511	-0.235658882291751	0.0431180997110132	-5.46542829742469	4.61790431611731e-08	6.15481234965405e-08	VEZF1
VEZT	3452.30472131871	-0.656319936513366	0.0389514815962984	-16.8496783592369	1.05486816808864e-63	2.83286317973498e-63	VEZT
VGF	21.5453656046047	-1.73327980528878	0.109454337181128	-15.8356429715572	1.76644252080628e-56	4.41696510863089e-56	VGF
VGLL2	2163.3142844024	-6.25047803078688	0.17877786623941	-34.9622588202086	8.43303794722825e-268	9.23376618540485e-267	VGLL2
VGLL3	1461.42726488032	-0.701632672021595	0.0579795639151097	-12.1013789108329	1.03851913296943e-33	2.03686891616722e-33	VGLL3
VGLL4	1658.54274058118	-0.448598975501735	0.0330856367657072	-13.5587227375567	7.03504331961641e-42	1.50921004405214e-41	VGLL4
VHL	1270.38017240741	-0.332274386026001	0.0183551375325191	-18.1025277221336	3.04373466128713e-73	8.93222491650302e-73	VHL
VIL1	8.36043586209825	-0.73289964483033	0.0918968082192031	-7.97524592020793	1.52077705530245e-15	2.33022708312048e-15	VIL1
VILL	514.153163000763	-0.107110813678037	0.0581936634064067	-1.84059238426026	0.0656813146235851	0.0727184540586232	VILL
VIM	32678.8383350472	-0.684207916014321	0.0610090193153255	-11.2148650100076	3.4471195375383e-29	6.41161384534273e-29	VIM
VIP	54.4998940852548	2.29760106484535	0.0719857412565524	31.9174467712551	1.52935821902275e-223	1.31785434660739e-222	VIP
VIPAS39	1223.36412113154	-0.0379945324100058	0.0156725065331362	-2.42427925167389	0.0153388055325753	0.0175099142870117	VIPAS39
VIPR1	1553.72576217576	-1.89810592329896	0.0872194480354508	-21.7624161359914	5.26973712257423e-105	2.02866847612187e-104	VIPR1
VIPR2	334.247844042432	2.19583242329366	0.0720819226142531	30.4630113023576	8.05627190450935e-204	6.20012614592017e-203	VIPR2
VIT	1284.66817255248	0.472765483710398	0.0478122396695815	9.88795937980656	4.69500394897547e-23	8.05977170374856e-23	VIT
VKORC1	1547.9120367663	0.424085831958691	0.0361398539963178	11.7345751314297	8.47508298601028e-32	1.62643890011909e-31	VKORC1
VKORC1L1	2986.29436204712	-0.762905208705224	0.0341333144735988	-22.350750885775	1.18730320782339e-110	4.78885167914605e-110	VKORC1L1
VLDLR	2852.12328506073	1.4689860383882	0.0649641587198963	22.6122537001052	3.28339262356478e-113	1.35126544620004e-112	VLDLR
VMA21	1338.9054806756	0.0194974396906205	0.014374029852761	1.35643517443199	0.174960748053226	0.189077770649344	VMA21
VMAC	332.850580196949	-0.363264218857586	0.0348057964375007	-10.4368885656699	1.68234626987334e-25	2.98628490326299e-25	VMAC
VMO1	97.961036725872	-1.7809670605326	0.0943090300412378	-18.884374696186	1.53343083228406e-79	4.75590772087273e-79	VMO1
VMP1	4723.92435731816	-0.222256441638012	0.0527556731727485	-4.21293916410153	2.52068972566362e-05	3.15761557074954e-05	VMP1
VN1R1	93.5744666384042	0.46440719379826	0.0475239824263093	9.77205970729347	1.48403833056734e-22	2.52592416684405e-22	VN1R1
VN1R5	0.902216025197871	-0.655339209476924	0.160026887293814	-4.09518188199027	4.21837088516454e-05	5.2535557149472e-05	VN1R5
VNN1	60.650808161536	0.00518343626686046	0.0693384666418009	0.0747555652425635	0.940409196640798	0.944238395176875	VNN1
VNN2	84.5009414728639	1.72334975824966	0.0719835078376661	23.9408971585002	1.149499539461e-126	5.20164434636439e-126	VNN2
VNN3	16.1560718366763	1.39511112103348	0.0877315967189419	15.9020372728753	6.13371639801934e-57	1.53864310034485e-56	VNN3
VOPP1	1307.05274582485	0.0943663742372762	0.0312386922723208	3.0208170500431	0.0025209362882566	0.00296830024364907	VOPP1
VPREB3	16.3123697057637	-0.0204874744224152	0.0674870958178173	-0.303576175180535	0.761450804902939	0.774487283255611	VPREB3
VPS11	2710.26056059559	-0.284747939649676	0.0143516606220203	-19.840765967722	1.32425704522339e-87	4.41198428115238e-87	VPS11
VPS13A	4964.71242819658	-0.361513222295365	0.0357406072862288	-10.114915490948	4.74426278279116e-24	8.2593302082228e-24	VPS13A
VPS13B	2436.21566050008	-0.666655154686832	0.0185605359603749	-35.9178827653513	1.60647889065301e-282	1.90879382908547e-281	VPS13B
VPS13C	4192.62506496919	-0.251746079740352	0.0232574287907326	-10.8243298090056	2.64003421513951e-27	4.78920244953405e-27	VPS13C
VPS13D	9784.92682867021	0.0405291139305655	0.0311130103127582	1.30264199841653	0.192697012378776	0.207497692159499	VPS13D
VPS16	2174.5936251565	-0.269100365963562	0.0143125598352372	-18.8016936915116	7.31430566440912e-79	2.25569327162975e-78	VPS16
VPS18	1515.22898792048	0.331548041266524	0.0238259750908629	13.9154028325024	5.10713800986212e-44	1.12237323056438e-43	VPS18
VPS25	1658.12971560991	-0.136558058809734	0.0194758338108188	-7.01166687579125	2.35495383237142e-12	3.42198288154004e-12	VPS25
VPS26A	3140.18836151971	-0.620774341374848	0.0152578064633307	-40.6856872163613	0	0	VPS26A
VPS26AP1	1.17071431786366	-1.86991671627623	0.169390558990682	-11.0390846303252	2.47542042514233e-28	4.5543788913519e-28	VPS26AP1
VPS26B	2967.72404032103	-0.0200454099054711	0.030526680760048	-0.656652128773385	0.51140462203507	0.53200384889351	VPS26B
VPS26BP1	0.934710074372567	-0.152431859684934	0.159868007017401	-0.953485706920349	0.340344034651334	0.359981959442897	VPS26BP1
VPS28	5697.31061544267	0.136241325098539	0.016731375902976	8.14286439373503	3.8603454167224e-16	5.982272541875e-16	VPS28
VPS29	2838.49518996767	-0.0393577924503872	0.0304810827953338	-1.2912202861905	0.196627302659231	0.211603280634233	VPS29
VPS33A	1284.85198511441	-0.60875098830883	0.0266664455008775	-22.8283513934693	2.3983179799169e-115	1.00306974805957e-114	VPS33A
VPS33B	895.598061853819	-0.721826876818929	0.0358857394030442	-20.114588380411	5.49936323462788e-90	1.86816451380518e-89	VPS33B
VPS35	4090.8651046774	0.280850324878696	0.0183296863337779	15.3221566242051	5.43827415411909e-53	1.31172950620793e-52	VPS35
VPS36	3616.70292621775	-0.320549469746058	0.0220140840062743	-14.5611086818192	4.96460559593252e-48	1.14193541186278e-47	VPS36
VPS37A	2145.90169031183	-0.0115618713072757	0.0384374728106037	-0.300796864670202	0.763569399382662	0.776422796039502	VPS37A
VPS37B	1395.46482311244	0.588228827824869	0.0410614167027833	14.325585307557	1.51446739055899e-46	3.42572599867459e-46	VPS37B
VPS37C	1979.46569104867	-0.434435011579951	0.022113115801811	-19.6460333981687	6.25113296861598e-86	2.05078630523157e-85	VPS37C
VPS37D	112.053376547531	0.232751894397055	0.042459901765533	5.48168706753798	4.21288937623282e-08	5.62082876234561e-08	VPS37D
VPS39	6252.68580040535	-0.119517633297503	0.0167118987704292	-7.15164895020687	8.57416138254811e-13	1.25543744141247e-12	VPS39
VPS41	1807.37820127454	0.174033180660322	0.0274185167442124	6.34728648102591	2.1914581846955e-10	3.06920087004619e-10	VPS41
VPS45	1971.65134441415	0.772773694167721	0.01651357792595	46.7962604853402	0	0	VPS45
VPS4A	6779.29843768764	-0.496771768400273	0.0397534881568228	-12.4963063980843	7.82010298418424e-36	1.56881392865597e-35	VPS4A
VPS4B	2160.04047896277	-0.694524845567681	0.032857451454546	-21.1375141656517	3.59521983591623e-99	1.31995823508725e-98	VPS4B
VPS51	5969.42027869332	-0.504939233194674	0.024420008651182	-20.6772749513434	5.54880238470659e-95	1.96312876822137e-94	VPS51
VPS52	2640.79448880236	-0.52545959952955	0.0200763575434306	-26.1730544693099	5.38696762253847e-151	2.88603583849152e-150	VPS52
VPS53	2500.69274558948	-0.484570369048496	0.0214642766612915	-22.5756673143506	7.51665778704734e-113	3.08709461155919e-112	VPS53
VPS54	1797.29769665579	-0.291488469441539	0.0153419113284548	-18.9994886035427	1.72214244234319e-80	5.39416845390982e-80	VPS54
VPS72	1958.05261214896	-0.586281965233257	0.0343164860485771	-17.0845570960657	1.93406105374995e-65	5.27180996798197e-65	VPS72
VPS8	2848.93582271612	0.541341877718141	0.0329415976657306	16.4333825945942	1.10329198166035e-60	2.87664527257647e-60	VPS8
VPS9D1	899.878945956053	0.614546956902391	0.0257695281832825	23.8478156267163	1.06688894671091e-125	4.8036688168442e-125	VPS9D1
VPS9D1-AS1	56.2480517946289	-0.45864444378227	0.0672406460863192	-6.82094046499036	9.04464219466303e-12	1.30073183786953e-11	VPS9D1-AS1
VRK1	335.130160848956	-0.387629927484516	0.0238984258413684	-16.2198937309722	3.64825409119437e-59	9.36035089731895e-59	VRK1
VRK2	513.121051302606	-0.0206010138970867	0.0281937049670408	-0.730695519484574	0.464965152908312	0.485517589042435	VRK2
VRK3	1493.17856810235	-0.253894675352879	0.0177701340860696	-14.2877186026364	2.61021117126737e-46	5.89171301491962e-46	VRK3
VSIG1	13.103735991604	-2.28099995933508	0.127283950337678	-17.9205622805051	8.15001987952697e-72	2.36817607508257e-71	VSIG1
VSIG10	1115.0302540097	-0.647541599647161	0.0315736854931058	-20.508901306075	1.7929878167876e-93	6.2731921652077e-93	VSIG10
VSIG10L	1032.56925454756	-3.66575893882894	0.10055825358697	-36.4540831614435	5.92734609047806e-291	7.31310191738832e-290	VSIG10L
VSIG2	150.219844989296	1.43219132445679	0.0614045996539949	23.3238443459767	2.54023402290364e-120	1.10025872584909e-119	VSIG2
VSIG4	1109.73564942866	0.249500628151689	0.084818813871488	2.94157176649176	0.00326551165232314	0.00382847956581143	VSIG4
VSIG8	238.756533769865	-4.88858352133586	0.14266161537559	-34.2669856111297	2.43608908434545e-257	2.52023216133922e-256	VSIG8
VSNL1	347.276305160391	1.32529037018296	0.101070560272725	13.1125262055226	2.79142928589547e-39	5.80169940831364e-39	VSNL1
VSTM2A	3.34623906585671	-1.06871020843261	0.147982981923359	-7.2218453402034	5.1286783917905e-13	7.54382576651583e-13	VSTM2A
VSTM2L	238.136194232726	4.36234466753537	0.0710452289179002	61.4023592291679	0	0	VSTM2L
VSTM4	1656.98277920951	1.10048173710883	0.0428218224228681	25.6990869337953	1.19667706931111e-145	6.17939871619886e-145	VSTM4
VSTM5	19.5488632132776	0.15545832237229	0.0706311281619704	2.20098880504635	0.0277368163767474	0.0313231136510558	VSTM5
VSX1	18.9376277067319	-0.578959445358966	0.118978208131266	-4.86609652685483	1.13823941540113e-06	1.47352099621149e-06	VSX1
VTA1	2273.99849558209	-0.607282027298258	0.0378016247825042	-16.0649715664954	4.49070282073783e-58	1.13967491154803e-57	VTA1
VTCN1	467.094249014178	-4.63124497223972	0.134172035743745	-34.5172147576632	4.4263037131027e-261	4.67593269598367e-260	VTCN1
VTI1A	931.964416586717	-0.590275721779967	0.0170653799734612	-34.5890758188753	3.68786613235558e-262	3.9212868824103e-261	VTI1A
VTI1B	3309.0873232322	0.128277734548598	0.024693431382794	5.19481203564037	2.04926784139528e-07	2.69497884372856e-07	VTI1B
VTI1BP1	1.02415754205697	0.515109834114886	0.119915125982973	4.29562017212097	1.74205635854792e-05	2.19092828269554e-05	VTI1BP1
VTI1BP2	1.87003571582025	-0.868984570338384	0.128932503466948	-6.73984097858727	1.58560071887924e-11	2.26905147790326e-11	VTI1BP2
VTN	503.030385615772	6.30354802882053	0.066199794243077	95.2200546979757	0	0	VTN
VTRNA2-1	0	NA	NA	NA	NA	NA	VTRNA2-1
VWA1	1771.92105520659	0.567474320379648	0.0548733079487286	10.3415365610885	4.57148002608265e-25	8.07251441529467e-25	VWA1
VWA2	328.105194328564	-3.69173848752085	0.0884923400017347	-41.7181700410283	0	0	VWA2
VWA3A	56.7699559613057	1.02952430589334	0.0731361302992184	14.0768222447824	5.27280024006008e-45	1.17093112658921e-44	VWA3A
VWA3B	10.7834865813647	0.321778009794096	0.103709483191123	3.1026864650468	0.00191772694304689	0.00226738934001886	VWA3B
VWA5A	1475.22965646207	-1.88814618199816	0.0578594968934501	-32.6332976153463	1.38293588194454e-233	1.25474943603244e-232	VWA5A
VWA5B1	21.9256411771328	0.838040219816496	0.102396639074837	8.18425514146035	2.73993030625305e-16	4.25625521598733e-16	VWA5B1
VWA5B2	20.7549464124735	-0.197163845486421	0.0604749856067594	-3.26025452520957	0.00111312274418994	0.00132882303323583	VWA5B2
VWA7	418.246984608081	0.760669908423066	0.0775859543221438	9.80422184748411	1.07976006254786e-22	1.84213338339327e-22	VWA7
VWA8	2548.97128474234	0.0607376453588731	0.0577903934049505	1.05099899447423	0.29325905165846	0.311755518154133	VWA8
VWC2	351.442747120044	4.60683603347456	0.0976735741319524	47.1656338412572	0	0	VWC2
VWCE	212.16809032854	-0.59192654685559	0.0516277951386501	-11.4652687620289	1.97146593244117e-30	3.72268522499459e-30	VWCE
VWDE	33.8763363376595	-4.00989510947088	0.143223957234389	-27.9973768837332	1.74875818698679e-172	1.09607925222664e-171	VWDE
VWF	24439.2125905746	1.37982400749409	0.0578804510674665	23.8392061921865	1.31047000419883e-125	5.89449538870144e-125	VWF
VWFP1	35.3111131570342	1.18794659503568	0.0728388208340877	16.3092507735893	8.48268078687817e-60	2.19234367328922e-59	VWFP1
WAC	7415.53742645233	-0.165575230166715	0.014437768515922	-11.4682009192846	1.90580246992033e-30	3.59907157585352e-30	WAC
WARS2	593.477886936896	-0.0751281175345294	0.020088088130027	-3.73993368847433	0.000184068807737937	0.000224867499700754	WARS2
WAS	202.421016876925	0.280245569822138	0.0455516857580361	6.15225463467504	7.6389099201527e-10	1.0576726211266e-09	WAS
WASF1	389.451813242476	-1.20703838271644	0.0548615305993497	-22.0015440606528	2.78340548341781e-107	1.08874580849639e-106	WASF1
WASF2	7818.44122618325	-0.222265802338091	0.0421370146317748	-5.27483506556927	1.32875536660188e-07	1.75268742977948e-07	WASF2
WASF3	693.003609342538	-0.332977540596368	0.0426661482387561	-7.80425593454217	5.98536172193257e-15	9.0791688174356e-15	WASF3
WASF4P	9.09389576176447	1.94345219679302	0.0852251924677138	22.8037290444286	4.21069289632257e-115	1.75740048288205e-114	WASF4P
WASH2P	418.253442029823	-0.178305059511872	0.0273216390970732	-6.52614796932051	6.74826562050104e-11	9.53796556490572e-11	WASH2P
WASH3P	564.57749796325	-0.399930601734762	0.030671741571596	-13.0390574920964	7.33582714271007e-39	1.51906389504111e-38	WASH3P
WASH4P	58.3385493548095	-0.581178066249825	0.0313618189071052	-18.5313890106723	1.1527257257914e-76	3.48801744662481e-76	WASH4P
WASH5P	69.9430072447837	-0.804071630557574	0.0495921740655796	-16.2136797933942	4.03658542105228e-59	1.03493197784307e-58	WASH5P
WASH6P	541.502779745805	-0.252384244379962	0.0299674867101175	-8.42193564049377	3.7031448773548e-17	5.8249135736861e-17	WASH6P
WASH7P	114.237018929999	-0.547435385125109	0.040154857677597	-13.6331048542237	2.54517071286945e-42	5.49150401562543e-42	WASH7P
WASL	3094.63240845085	-0.467496175660754	0.0189056016077426	-24.7279184952938	5.35836005045506e-135	2.5619080814938e-134	WASL
WBP1	2743.34663814482	0.225875767623226	0.0263892832994485	8.55937484395215	1.13481185793085e-17	1.7985339192299e-17	WBP1
WBP11	4913.54756548097	-0.251501291889529	0.0237416906917547	-10.5932342879386	3.20328928416038e-26	5.73641169957928e-26	WBP11
WBP1L	5745.35653171513	-0.931719573197711	0.033806270323342	-27.5605550179368	3.30727616549425e-167	1.98513765438686e-166	WBP1L
WBP1LP2	15.4826767880947	1.61084237491925	0.0491164367392091	32.7964014057504	6.62646616348195e-236	6.10143311554162e-235	WBP1LP2
WBP2	12014.0931344026	0.0506703560658737	0.0307975785175196	1.64527078117682	0.0999139825802929	0.109580917591412	WBP2
WBP2NL	48.9503353470959	-1.61826709650101	0.0538654970367312	-30.0427395183508	2.71619569104308e-198	2.02125831477745e-197	WBP2NL
WBP4	1628.48807728257	-0.103900233236301	0.0416197773852473	-2.49641492011272	0.0125455760013143	0.0143714467099184	WBP4
WDFY1	2086.5765559709	-0.406689891006901	0.0200688015269435	-20.2647821525813	2.6312244466882e-91	9.03216461953362e-91	WDFY1
WDFY2	2932.74021529247	-1.24892166827958	0.065704621296027	-19.008125207094	1.46080666167814e-80	4.5787882146732e-80	WDFY2
WDFY3	3188.8976593707	-0.433789670062306	0.0207752223957267	-20.8801456754337	8.11441037498478e-97	2.91610104132763e-96	WDFY3
WDFY4	128.009404605677	-0.0268263269871653	0.0572481616424055	-0.468597177927443	0.639357594855047	0.656573453419231	WDFY4
WDHD1	193.68642982578	-0.799494645741531	0.0394952038270458	-20.2428287050401	4.10895549140971e-91	1.40886300573078e-90	WDHD1
WDPCP	518.339181100249	0.404233571777731	0.0269667949694884	14.9900487705381	8.52905752255395e-51	2.01643767354207e-50	WDPCP
WDR1	11802.0646099988	0.221016771020441	0.0196886304672158	11.2256041063122	3.0529285239525e-29	5.68076972913675e-29	WDR1
WDR11	2931.10315664656	-0.339910998915771	0.0285203184509676	-11.9182048931238	9.51362936824576e-33	1.8474093015943e-32	WDR11
WDR12	1252.11201846994	-0.0441846403176933	0.0325396530383138	-1.35787066523629	0.17450472708594	0.188630252343361	WDR12
WDR13	6050.62074231138	0.924363635061411	0.0232728106665282	39.7186076192706	0	0	WDR13
WDR17	78.8667817608695	-0.175902459758962	0.0638145061379382	-2.75646511122	0.00584298457195486	0.00678490293379948	WDR17
WDR18	1332.07904266222	0.119235215975881	0.025662979237537	4.64619539579709	3.38112768205973e-06	4.33100970645109e-06	WDR18
WDR19	1321.82837149656	-0.412251134690863	0.0369535956316405	-11.1559139954945	6.70007236083179e-29	1.2418451664676e-28	WDR19
WDR20	1278.53243985292	-0.44284314243286	0.0148063426489159	-29.9090162191596	1.50228385489126e-196	1.10423077467936e-195	WDR20
WDR24	1033.0704032174	-0.216881369626868	0.0216106401108519	-10.0358605073415	1.06030806571668e-23	1.83684010114194e-23	WDR24
WDR25	488.898725073423	-0.399195466472109	0.0245861441488589	-16.2366031881675	2.77891766123987e-59	7.13802751426639e-59	WDR25
WDR26	9645.22594947274	-0.818084452479176	0.0235902979962782	-34.6788519843304	1.64171394831492e-263	1.7632752257528e-262	WDR26
WDR27	1188.65167667479	-0.459026810111751	0.0383964667108806	-11.9549231852022	6.11901302105143e-33	1.18976402454036e-32	WDR27
WDR3	1594.90429467627	-0.885999447521063	0.0317087660123259	-27.9417826343875	8.2965215733464e-172	5.17124947513188e-171	WDR3
WDR31	306.895236174611	2.30631499141949	0.0433166478230606	53.2431549375727	0	0	WDR31
WDR33	3782.972696978	-0.173338359927876	0.0123317584321125	-14.0562565251436	7.05190430999861e-45	1.5638946591633e-44	WDR33
WDR35	766.06620200275	-0.269193435176303	0.0267910607404995	-10.0478826793658	9.38624125976578e-24	1.62760551890034e-23	WDR35
WDR36	1569.07837665432	-0.516826062654657	0.0187701233720866	-27.5345053630942	6.78471130261029e-167	4.06157592811067e-166	WDR36
WDR37	2235.97712628177	0.337652382567755	0.0284702685474473	11.8598242937203	1.91376303251424e-32	3.70306872495849e-32	WDR37
WDR38	2.3930692649206	0.596735137848825	0.0923957051012451	6.45847268760962	1.05764946201752e-10	1.48949678968685e-10	WDR38
WDR4	437.695719139277	-0.565538650230248	0.0307074595156965	-18.4169794294174	9.60141234818739e-76	2.88106390531291e-75	WDR4
WDR41	1246.49301842391	0.0205861614540759	0.0162571338779429	1.26628479587085	0.205411138315274	0.220884462414172	WDR41
WDR43	2329.34608439022	-1.36450204608327	0.0340730691952356	-40.0463497510248	0	0	WDR43
WDR44	956.072405925493	0.0350059907500212	0.0219809662539943	1.59255923263428	0.111259105208507	0.121667890945771	WDR44
WDR45	4630.54851979648	0.0999803757966001	0.0239443619132313	4.17552892655504	2.97294471463006e-05	3.71716175648091e-05	WDR45
WDR45B	4081.96246791939	-0.253810606739419	0.0233767166843487	-10.8574103954193	1.8389006384081e-27	3.34364145373578e-27	WDR45B
WDR46	2095.02328129308	-0.707453664615606	0.0216283953064627	-32.7094846654765	1.14491373883453e-234	1.04458146035278e-233	WDR46
WDR47	2083.8993892407	-1.19220722652819	0.040299334199236	-29.5837946263338	2.41506976251352e-192	1.72446135640642e-191	WDR47
WDR48	2114.30854098394	-0.209175862684427	0.0139029755957608	-15.0454024207744	3.70076305084328e-51	8.78510295110508e-51	WDR48
WDR49	6.54822168816456	1.89663135037951	0.0760735915634815	24.9315342078574	3.38695603267984e-137	1.64557612805047e-136	WDR49
WDR5	2652.75537367205	-0.36641922940893	0.0241126264873011	-15.1961558232532	3.74990518796905e-52	8.98828805441157e-52	WDR5
WDR53	365.870942311303	-0.660124242569636	0.0245088095396646	-26.9341618368409	8.74530884005106e-160	4.98493680904874e-159	WDR53
WDR54	223.090930324462	-0.119207399088611	0.052612716008011	-2.26575261901439	0.0234665338529101	0.0265773924679901	WDR54
WDR55	1547.79153119652	-0.413998076290238	0.0176910031359954	-23.4016168053177	4.1146240301871e-121	1.79122967756706e-120	WDR55
WDR59	2986.34417915248	-0.195653268712674	0.017786524460218	-11.0000843138456	3.81774788935792e-28	7.00328948907896e-28	WDR59
WDR5B	292.709309372635	0.0695046468955211	0.0288253985113897	2.41122934928577	0.0158988471142943	0.0181388735520606	WDR5B
WDR6	5992.64070598817	0.252116561527169	0.0287932620676969	8.75609581625065	2.02129905854565e-18	3.24146141228332e-18	WDR6
WDR61	1844.52248543721	-0.469287657690512	0.0142690766335999	-32.8884390869037	3.21593877381612e-237	2.97788651581605e-236	WDR61
WDR62	1651.47278235468	0.785966990638233	0.0932135326779973	8.43189790213538	3.40103653098348e-17	5.35251430269572e-17	WDR62
WDR64	2.27141964124418	0.47473610986755	0.120248821072209	3.94794814314621	7.88238725823404e-05	9.74324335888698e-05	WDR64
WDR7	1191.7968897527	-0.124537289100846	0.0248037332920785	-5.02090905567911	5.14275060657308e-07	6.70976688185272e-07	WDR7
WDR70	1377.28415271933	-0.799314535187335	0.0183246489278222	-43.6196370438366	0	0	WDR70
WDR72	114.552772479123	-4.57885390456668	0.158595015960197	-28.8713606593781	2.73327705825957e-183	1.83383228944206e-182	WDR72
WDR73	114.993056045089	-0.061097910604318	0.0210948150833909	-2.89634729495323	0.00377534332770122	0.00441728665856026	WDR73
WDR74	1145.85960854276	-0.865332925995826	0.0320556533604972	-26.9947056222598	1.70531415269212e-160	9.76379136851489e-160	WDR74
WDR75	1798.94526088327	-0.3149825964132	0.0194910511727568	-16.1603698857177	9.59840218429152e-59	2.4521833340822e-58	WDR75
WDR76	195.725604571049	-0.660615415923033	0.0521728185812961	-12.6620610863424	9.59467803811965e-37	1.94344322453237e-36	WDR76
WDR77	1384.16628845976	0.248206924492778	0.0434260739950766	5.71561971088886	1.09304939220899e-08	1.47496117759776e-08	WDR77
WDR81	2772.83104858396	-0.838763050667228	0.0241480826684372	-34.7341468962061	2.40522263422967e-264	2.59415294420422e-263	WDR81
WDR82	7270.15167396427	-0.324848729282891	0.0241516359177585	-13.4503820109358	3.062858670367e-41	6.52247946590279e-41	WDR82
WDR83	264.973796741165	0.143950456756171	0.0314478023778105	4.57744089799234	4.70698714579646e-06	6.00329287313888e-06	WDR83
WDR83OS	2268.07574785081	0.105901902218464	0.0185356510061849	5.71341692736484	1.10729940465852e-08	1.49385419944975e-08	WDR83OS
WDR86	210.326496344204	-1.52830193201772	0.0874531479098106	-17.4756651823882	2.19569979773156e-68	6.17381944063821e-68	WDR86
WDR86-AS1	27.7745378325784	-0.740735017851089	0.129751845899772	-5.70885918974345	1.1373593678501e-08	1.53371832951305e-08	WDR86-AS1
WDR87	12.5448423392946	-2.48837456947787	0.133123108850347	-18.6922810845352	5.72136448706433e-78	1.75004727496423e-77	WDR87
WDR88	16.5466323238253	-0.257661617389416	0.0432423907733536	-5.9585423650579	2.54497676562197e-09	3.48354701223945e-09	WDR88
WDR89	338.269371185216	-0.476938527849922	0.023198711691844	-20.5588368089251	6.41525632965514e-94	2.25416804977791e-93	WDR89
WDR90	1390.43701811054	-0.238970526964758	0.0356336788953874	-6.70631083774209	1.99606304252103e-11	2.85031975475338e-11	WDR90
WDR91	1503.59831996073	-0.964306583456898	0.0258738701238394	-37.2695147205062	5.11828197620291e-304	6.76462509938535e-303	WDR91
WDR93	20.1862373180866	-1.7884359530947	0.0845805366419681	-21.1447695190821	3.08291943365564e-99	1.13256393316806e-98	WDR93
WDSUB1	412.544811994575	0.338131329627808	0.0206167466479061	16.4008092742483	1.88707384512764e-60	4.9067190937661e-60	WDSUB1
WDTC1	7294.08872864291	-0.0514070991755765	0.0353950534941071	-1.45238088661556	0.146395727837968	0.159000210981734	WDTC1
WEE1	2395.38575176533	0.0693008444815889	0.0580254633678021	1.19431781254923	0.232353672447797	0.248668160388394	WEE1
WEE2	5.86753392544546	-1.0475843589135	0.0720905761891199	-14.5315020948828	7.65238105458856e-48	1.75724596713418e-47	WEE2
WFDC1	147.074402793935	0.42268766914911	0.0731392148996313	5.77922076042467	7.50474002075784e-09	1.0171886538187e-08	WFDC1
WFDC12	146.293800577741	-9.53456195356649	0.263065341412603	-36.2440825627884	1.23162445753877e-287	1.49901770521673e-286	WFDC12
WFDC2	420.856187217127	-3.85593353771454	0.110104933160904	-35.0205338400196	1.09567440107027e-268	1.20779148154721e-267	WFDC2
WFDC3	145.782195580832	-3.50954839317125	0.123671191217148	-28.3780592604547	3.77270483549223e-177	2.43763315662942e-176	WFDC3
WFDC5	2530.50018202602	-9.72994649583002	0.198906366420413	-48.9172200514918	0	0	WFDC5
WFIKKN1	102.468511659073	-1.34016611487928	0.0669185511798009	-20.0268250171531	3.21514099039324e-89	1.08442482608336e-88	WFIKKN1
WFIKKN2	57.2975622057722	-1.32856174083261	0.0768358472061121	-17.2909102865586	5.50756402930789e-67	1.5250216903795e-66	WFIKKN2
WFS1	3736.88684708054	1.18901960485673	0.0334795423008609	35.5148106318693	2.90393329958189e-276	3.3252991937515e-275	WFS1
WHAMM	2094.32402197236	-1.04972542103894	0.0299132919604591	-35.0922734424056	8.84245633350635e-270	9.80733557975649e-269	WHAMM
WHAMMP2	288.253729153166	0.105407719185794	0.0435926624753157	2.418015170454	0.0156054261904818	0.0178097557126014	WHAMMP2
WHAMMP3	236.876903913701	0.151736481749926	0.0441840070608782	3.43419467457667	0.000594317197295258	0.000715318525575818	WHAMMP3
WIF1	235.392265655939	-5.33803913229857	0.134946833229611	-39.5566091070544	0	0	WIF1
WIPF1	1665.87899264151	0.0461994580143893	0.0467474395065658	0.98827782873328	0.323016600676061	0.34231848750558	WIPF1
WIPF2	2233.97445484602	-0.413412771960962	0.0335745653348724	-12.3132724977252	7.68429893502828e-35	1.52491528088903e-34	WIPF2
WIPF3	1718.21848676673	-1.35683637785984	0.0953809547676446	-14.225443445866	6.36992794541479e-46	1.43098805622628e-45	WIPF3
WIPI1	2559.24516298436	0.0460637872175172	0.0528502073422116	0.871591419107375	0.38343131353971	0.40379962996714	WIPI1
WIPI2	4093.41191220417	-0.220022666283197	0.0211206381831786	-10.4174250974307	2.06467287877575e-25	3.66097089153293e-25	WIPI2
WIZ	3836.78223589099	0.0348290117023758	0.0171947107926115	2.02556542662769	0.0428093374735137	0.0478491700627582	WIZ
WLS	2297.32128083346	0.662940041638581	0.0466238125881996	14.2189152889305	6.99284412927513e-46	1.56994496347071e-45	WLS
WNK1	19788.6506991131	-0.134027159459716	0.0323955828152185	-4.1372047610378	3.5156236323204e-05	4.38654890173976e-05	WNK1
WNK2	5956.24521849479	1.42809424110531	0.0717364007606015	19.9075256907737	3.50188667606225e-88	1.17191786681161e-87	WNK2
WNK3	97.1695278890113	0.285339342752949	0.0526816697872894	5.41629268595798	6.08474671961584e-08	8.08589441162001e-08	WNK3
WNK4	104.259980868598	-3.69077533160219	0.12164569766045	-30.3403688135708	3.36640376928561e-202	2.55906394640668e-201	WNK4
WNT10A	169.206763164822	-4.13965517914189	0.125827639116011	-32.8994107194937	2.24091961156039e-237	2.07610879710234e-236	WNT10A
WNT10B	79.8217569114981	-0.94536826560916	0.0814279317508887	-11.609876921611	3.67143684371266e-31	6.9943416894562e-31	WNT10B
WNT11	650.592029959821	-0.767339697206005	0.0556762420703366	-13.7821747422646	3.26292563379937e-43	7.10228831124818e-43	WNT11
WNT16	193.704442377789	-4.93516580561082	0.137483211061271	-35.8964979615686	3.46428969461344e-282	4.09997888183672e-281	WNT16
WNT2	62.5124614410353	-1.26456104324343	0.117567825665626	-10.7560128469157	5.55206906986243e-27	1.00313956967373e-26	WNT2
WNT2B	844.469651427187	-0.651328689186654	0.0564270248047257	-11.5428501049041	8.02223070378939e-31	1.52136720289626e-30	WNT2B
WNT3	896.194254033079	-3.27040999054453	0.117317840333134	-27.8764933044958	5.14360166972711e-171	3.1916571408741e-170	WNT3
WNT3A	61.916987073366	-6.21715396188705	0.167552639484211	-37.1056760491852	2.27556679611732e-301	2.96399984782257e-300	WNT3A
WNT4	861.620070748985	-5.98173450352128	0.103170194160007	-57.9792890012808	0	0	WNT4
WNT5A	342.956572930926	-0.861821863616592	0.0548788560417514	-15.7040785063181	1.41823464754715e-55	3.50971156042015e-55	WNT5A
WNT5B	242.069035388744	0.36967077553937	0.0568777072034413	6.49939657759277	8.06428183630778e-11	1.13792535341676e-10	WNT5B
WNT6	149.722544722623	0.557422875133187	0.0573978937587296	9.71155627201754	2.69195059813723e-22	4.56632140190995e-22	WNT6
WNT7A	22.9907785563729	-5.13529837484961	0.177229064852267	-28.9754864933144	1.34020055344915e-184	9.07977047897559e-184	WNT7A
WNT7B	703.701154777555	-8.53878398424104	0.182521766552985	-46.7822777825365	0	0	WNT7B
WNT9A	1551.18991486726	-1.00334714130693	0.0931048943420114	-10.7765241386907	4.44360943778748e-27	8.03832916185433e-27	WNT9A
WNT9B	73.6958856138803	1.64795994625305	0.0887366692012146	18.5713523066347	5.48051269804445e-77	1.66253301445059e-76	WNT9B
WRAP53	409.09965062205	-0.0724234108695933	0.0189941090087184	-3.81294067736215	0.000137323082093129	0.000168412099792779	WRAP53
WRAP73	890.89461530312	0.0194887712532211	0.0149934235428066	1.2998212981565	0.193662224052388	0.208512093735692	WRAP73
WRN	945.538370353166	-0.815693109856128	0.0301313363984024	-27.0712556214194	2.14713794287949e-161	1.23880224710813e-160	WRN
WRNIP1	2396.83588718867	-0.0483025634985147	0.0200004452227474	-2.41507441262248	0.0157319953177398	0.0179519269549689	WRNIP1
WSB1	10835.7097208775	0.525231739743349	0.0306905354527745	17.1138017631382	1.17100618043929e-65	3.20207842231317e-65	WSB1
WSB2	4036.46855599024	-0.0204209027049904	0.0493502182363129	-0.413795590674092	0.679023813441763	0.694929084414417	WSB2
WSCD1	693.155018510148	-0.646648504649721	0.0672065314876511	-9.62181041538411	6.46825325169575e-22	1.09195373519437e-21	WSCD1
WSCD2	86.5763072278209	-1.30070717937263	0.0843756652808846	-15.4156672429498	1.2843738677375e-53	3.11926794294964e-53	WSCD2
WT1	88.0733847765905	7.40188273477558	0.117421078303481	63.0370870521644	0	0	WT1
WT1-AS	53.4230727972289	8.27825941760273	0.123022908089072	67.2903896208424	0	0	WT1-AS
WTAP	5970.82610845442	-0.993647218361421	0.0362103333683432	-27.4409850981962	8.9008001307212e-166	5.29139046080292e-165	WTAP
WTIP	1358.37321327788	0.480707338539635	0.0435171212858409	11.0463956331606	2.28193808739843e-28	4.20183792054614e-28	WTIP
WWC1	1105.68642143957	-3.29159175015698	0.129212034624103	-25.4743434675626	3.79461330283391e-143	1.92251151320893e-142	WWC1
WWC2	1151.09815725958	0.896768810339421	0.029526930598838	30.3712167892829	1.31839655163568e-202	1.00561255618618e-201	WWC2
WWC3	3109.84498306521	0.759834675699784	0.0241491196443631	31.4642805572063	2.67737763746931e-217	2.22509117507318e-216	WWC3
WWOX	470.923243314759	-0.485064970315757	0.0378973498042949	-12.7994430433968	1.65131300570532e-37	3.37021376595256e-37	WWOX
WWP1	6665.72312338351	-0.393081011341135	0.0511439373214169	-7.68577923265461	1.52068541161683e-14	2.29319411028856e-14	WWP1
WWP1P1	4.00391046422408	-0.221860359968186	0.100943101148095	-2.19787541144284	0.0279579855722177	0.0315649584975847	WWP1P1
WWP2	3319.35554905773	-0.596451925158738	0.021425895912089	-27.8378989427558	1.50935294792672e-170	9.3271069054682e-170	WWP2
WWTR1	3573.72074941138	0.284955928063422	0.0389374336810641	7.31830275198646	2.51126799055034e-13	3.71113497232548e-13	WWTR1
XAB2	3398.73593264668	-0.535279350585074	0.0176904536543977	-30.2580906653012	4.08341686543973e-201	3.0884700417975e-200	XAB2
XAF1	831.467592635528	1.83953267740069	0.0601724512468147	30.5710111402196	2.97329952512998e-205	2.30799330538443e-204	XAF1
XBP1	8141.06130057421	-0.992096044650364	0.0648208527491649	-15.3051989070469	7.05858696257895e-53	1.70141435341971e-52	XBP1
XCL1	7.13483689486623	1.16952779181929	0.0941161474858205	12.4264307779437	1.87835403938216e-35	3.75316362114755e-35	XCL1
XCL2	3.03676169358598	0.206766754659363	0.124385539415562	1.66230540648758	0.0964515543260477	0.10591254983366	XCL2
XCR1	131.666640975545	-5.40683044759457	0.132821955499311	-40.7073546483255	0	0	XCR1
XDH	162.707019908019	-4.97481794300992	0.10446542514362	-47.621669429579	0	0	XDH
XG	1059.29607738034	-4.67471200515163	0.0871970579229404	-53.6108914280441	0	0	XG
XIAP	2301.68587808931	-0.301482835463316	0.0238485344506979	-12.6415665535579	1.24547470667258e-36	2.51907754997901e-36	XIAP
XIRP1	33365.4241710415	1.85649470435101	0.170140984349282	10.911507955895	1.01557567537255e-27	1.85240426916418e-27	XIRP1
XIRP2	70167.8112045486	-1.25604179737713	0.183822033984078	-6.83292296442509	8.32016413559196e-12	1.19730813498114e-11	XIRP2
XIST	4299.00627037428	-0.273293265457077	0.167715255742914	-1.62950749021902	0.103205630544711	0.113073923033192	XIST
XK	342.261534405985	1.19003197516438	0.0782644331943902	15.2052717510728	3.26273997272149e-52	7.82370883827887e-52	XK
XKR4	73.7873629765541	1.46299237912494	0.0913178946393894	16.0208728519447	9.1358780756068e-58	2.31203347728101e-57	XKR4
XKR5	2.80041091763899	-2.27614186879768	0.147342971737701	-15.4479161235437	7.79222036039898e-54	1.89576643745833e-53	XKR5
XKR6	67.1542833394183	-0.446109074894334	0.0594776096900853	-7.5004539896414	6.35971780750359e-14	9.49973282324058e-14	XKR6
XKR8	454.051119022428	0.43895376518812	0.025200249041513	17.4186280645489	5.95888732773832e-68	1.66795103073577e-67	XKR8
XKR9	22.0066090103126	-1.26083709578771	0.0960536067365479	-13.1263899256369	2.32477780313307e-39	4.83627935215513e-39	XKR9
XKRX	311.575632376178	-6.80081567559131	0.144124731446187	-47.1870136884215	0	0	XKRX
XPA	761.332882688968	-0.354863656130603	0.016436242668965	-21.5903149690446	2.2149819987867e-103	8.40824355971307e-103	XPA
XPC	1651.69114035135	-1.22705035906051	0.0244891091300087	-50.1059614927721	0	0	XPC
XPNPEP1	2716.99217614307	-0.0906471956973808	0.0207213996845847	-4.37456914480618	1.21672553181975e-05	1.53603172019688e-05	XPNPEP1
XPNPEP2	290.100596039794	-1.17154437856912	0.0767073259528925	-15.2729138190607	1.15877368357896e-52	2.78864773771455e-52	XPNPEP2
XPNPEP3	1171.6442229006	0.575648213268306	0.0188325416301287	30.5666767966875	3.39501998043488e-205	2.63307861558846e-204	XPNPEP3
XPO1	5768.10944402877	-0.184353348753559	0.0261925995197597	-7.03837542411486	1.94494076958665e-12	2.83144996306747e-12	XPO1
XPO4	4702.39473180793	-1.02485314045581	0.0734956971909777	-13.9443964698061	3.40314579080174e-44	7.49358133091402e-44	XPO4
XPO5	2032.88242690002	-0.490384656487197	0.023463546027144	-20.8998527298428	5.37104286024696e-97	1.93329619130785e-96	XPO5
XPO6	3780.79427113872	-0.523287319064149	0.0234572863472009	-22.3080927315615	3.08366633312469e-110	1.23766059448333e-109	XPO6
XPO7	3935.78572110216	-0.36912712949314	0.0152517651437386	-24.202256329962	2.10630253651443e-129	9.70451803424529e-129	XPO7
XPOT	3253.85833624096	-0.532681542720369	0.0221055713524756	-24.097162395249	2.67693885037803e-128	1.22365607530866e-127	XPOT
XPOTP1	29.1953460794572	-4.22361104102771	0.144761063300934	-29.1764300753134	3.86148791651385e-187	2.66324306456574e-186	XPOTP1
XPR1	2131.5614576717	2.10477774501004	0.0306561559670097	68.6575886185821	0	0	XPR1
XRCC1	1284.13572621647	-0.346271972047009	0.0157410355742391	-21.9980426582415	3.00676216386886e-107	1.17534692099464e-106	XRCC1
XRCC2	48.959167360552	-0.474884393974859	0.0540091307832448	-8.79266870412553	1.46048650680769e-18	2.34692176477819e-18	XRCC2
XRCC3	890.541205028081	0.00110070516323031	0.0380929818371979	0.0288952219055603	0.976948156399293	0.978851372778786	XRCC3
XRCC4	241.975951107517	1.39185189528469	0.0390575244273757	35.6359476359729	3.88973776537955e-278	4.51445322466778e-277	XRCC4
XRCC5	10689.1074402205	-0.439781423729298	0.0157134539638541	-27.9875719711869	2.30186364102591e-172	1.44174834384508e-171	XRCC5
XRCC6	14730.6173833132	-0.258580820022763	0.0227784392583792	-11.35199901493	7.24862616617054e-30	1.35834394771222e-29	XRCC6
XRCC6P1	3.1503315531351	-0.943256752730955	0.117360254989926	-8.03727593137831	9.1857661137838e-16	1.41436126776343e-15	XRCC6P1
XRCC6P2	19.4737220295708	-0.229911456128392	0.050040853632728	-4.59447510259944	4.33839920205744e-06	5.53829686094859e-06	XRCC6P2
XRN1	3168.68692148599	-1.10379771597193	0.0220142357429304	-50.1401787852845	0	0	XRN1
XRN2	3781.49319344443	-0.461393861698842	0.0210660764795932	-21.9022209544239	2.47422011339381e-106	9.60708288636797e-106	XRN2
XRRA1	386.205232863171	0.0243661113198133	0.0463255857630501	0.525975244963833	0.598905406917556	0.617462556123879	XRRA1
XXYLT1	534.003488693282	-0.475551943079121	0.050609626776432	-9.39647204236205	5.64232447681484e-21	9.4009147452003e-21	XXYLT1
XYLB	102.067252265674	-1.10133146564711	0.0461881272622078	-23.844471099573	1.15562431004733e-125	5.20189877598451e-125	XYLB
XYLT1	1068.87511981062	-1.53244441470533	0.0606014663512237	-25.2872497477841	4.41209115227131e-141	2.20494316579777e-140	XYLT1
XYLT2	1288.55497517513	0.10876446488837	0.0338165159970788	3.21631196122527	0.0012984959670947	0.00154632349190736	XYLT2
YAF2	1655.54952650631	0.523671818395903	0.0485137874933827	10.7942884992711	3.66288553567952e-27	6.6360308502181e-27	YAF2
YAP1	6019.95904079054	-0.811731416124932	0.0221274171156931	-36.6844178821595	1.29417641585523e-294	1.62912375257413e-293	YAP1
YAP1P1	3.73370866284543	-2.40594990439211	0.138707152634592	-17.3455359633134	2.13180539718477e-67	5.93208053095115e-67	YAP1P1
YARS2	496.420429364051	-0.0175232385217471	0.0183890854413922	-0.952915172295837	0.340633052072186	0.360266484744502	YARS2
YBEY	349.978633891508	0.179356045229516	0.0275431561410114	6.51181891832858	7.42461927471842e-11	1.04823977697417e-10	YBEY
YBX1	36754.2467706125	-0.0470681500159739	0.0524580795851293	-0.897252632734894	0.369584125728921	0.389809799451943	YBX1
YBX1P1	115.767760405191	-0.141118732151108	0.064227934363142	-2.19715507824413	0.0280093726114389	0.0316209919334281	YBX1P1
YBX1P10	174.40215993308	-0.172392515079318	0.0796032605107383	-2.16564640660746	0.0303382173137218	0.0341858059382977	YBX1P10
YBX1P2	15.5757388346646	-0.0375162197889787	0.0725640825424086	-0.517008118542022	0.605150491524794	0.623651113410306	YBX1P2
YBX1P6	12.1127390288104	-1.83506228383187	0.092543795436049	-19.8291227973242	1.66925475939637e-87	5.55523293102126e-87	YBX1P6
YBX2	212.054268210942	-1.25182264090673	0.0454144230764766	-27.5644290096715	2.97191904788193e-167	1.78622753859508e-166	YBX2
YBX3	131150.469575212	-2.15290630434363	0.0854819086667475	-25.1855198125812	5.77234253454602e-140	2.85696832456318e-139	YBX3
YBX3P1	51.5563726918989	-2.17561143388117	0.104265232493918	-20.8661255707466	1.08802989658161e-96	3.90385213640932e-96	YBX3P1
YDJC	508.812541351836	-0.520887265027265	0.0488542018191403	-10.6620770707831	1.53138568451296e-26	2.75251859280258e-26	YDJC
YEATS2	1476.75198847124	0.0419758450119505	0.0265242279519455	1.58254728801151	0.113524686036867	0.124092656870879	YEATS2
YEATS2-AS1	80.8438309155563	-0.159603452754137	0.0457531228821133	-3.4883619455959	0.000485989717109872	0.000586976710795411	YEATS2-AS1
YEATS4	468.759244244313	-0.232900935389204	0.0262452834888717	-8.87401103851504	7.05575633118385e-19	1.13910914544969e-18	YEATS4
YES1	1877.79553235773	-0.132031538573793	0.0319795262454915	-4.12862709598167	3.64935701190476e-05	4.55214992525103e-05	YES1
YIF1A	2311.66649274721	-0.141755401517737	0.0296993686982108	-4.77301059689788	1.81492237583782e-06	2.33911489134793e-06	YIF1A
YIF1B	1200.66249108218	0.542019289620774	0.0216969303943759	24.981381226225	9.74272333883889e-138	4.75538944746309e-137	YIF1B
YIPF1	1322.18636914649	-0.513230522574095	0.0228413244609454	-22.4693854093981	8.27280813954048e-112	3.36844196606805e-111	YIPF1
YIPF2	896.4416806437	-0.35947433017717	0.019043536258614	-18.8764484334977	1.78171465839114e-79	5.52119909893251e-79	YIPF2
YIPF3	4119.40186817957	0.195842517690579	0.0127466319123575	15.3642561452422	2.8428273263517e-53	6.87172481558439e-53	YIPF3
YIPF4	2752.35421143593	0.326024008466729	0.0192927535061492	16.8987805894486	4.59307063995701e-64	1.23642686690394e-63	YIPF4
YIPF5	1272.6254462941	-0.137703674567527	0.0267593371028747	-5.1460047025131	2.66092754234668e-07	3.4917157522804e-07	YIPF5
YIPF6	2492.65343195132	-0.168452376079397	0.021298252906389	-7.90921099584019	2.59025277745914e-15	3.95379803672026e-15	YIPF6
YJEFN3	813.815000769386	0.872881970980684	0.0387046887493386	22.5523573289451	1.27319863260713e-112	5.21950548521085e-112	YJEFN3
YKT6	4229.69462256321	0.148470160280373	0.0235199299585678	6.31252561304027	2.74518009752756e-10	3.83515614556411e-10	YKT6
YLPM1	4368.63819135349	-0.394466443114251	0.0145296186379124	-27.1491257234351	2.59291558738475e-162	1.50613338136537e-161	YLPM1
YME1L1	7319.56612736795	-0.254306409062948	0.0308743447643566	-8.2368196314416	1.76848789798437e-16	2.75433039034579e-16	YME1L1
YOD1	1714.23442312078	-1.03470692463705	0.0555743311893745	-18.6184323318474	2.27785272559878e-77	6.93331533877301e-77	YOD1
YPEL1	430.870402700982	-0.988322247305379	0.0783178422449415	-12.6193753425225	1.65125860171929e-36	3.33568691387598e-36	YPEL1
YPEL2	2829.65004561769	-0.240296015014465	0.0303562610013536	-7.91586338659264	2.45543116152828e-15	3.74959419228627e-15	YPEL2
YPEL3	5898.09471739431	-0.393724829589474	0.0328177800322751	-11.9973023526351	3.67066258503503e-33	7.15568520610955e-33	YPEL3
YPEL4	151.028992548178	0.0384871159455478	0.0603226613749478	0.638020854324104	0.523460104933568	0.543947662004801	YPEL4
YPEL5	4226.39477300191	-0.256567164337812	0.0190075731317128	-13.4981547912473	1.60341857384236e-41	3.42548513502686e-41	YPEL5
YRDC	564.7817156386	-0.445852459704163	0.0320803167876269	-13.898006763952	6.51299530976923e-44	1.42906421954115e-43	YRDC
YTHDC1	4845.64222389334	-0.52544347523084	0.0159666327740175	-32.9088470103663	1.64231550210849e-237	1.52309744221818e-236	YTHDC1
YTHDC2	2540.79639550845	-0.45726530647733	0.0172526948032674	-26.5039932423039	8.71769809584801e-155	4.79460077676016e-154	YTHDC2
YTHDF1	3364.72020157851	-0.544204809624567	0.0277649370732625	-19.6004337480971	1.53311568053412e-85	5.00955080146936e-85	YTHDF1
YTHDF2	3393.16244419207	-0.607396552165606	0.0166772338344414	-36.4207013102633	2.00221457041858e-290	2.46187598921482e-289	YTHDF2
YTHDF3	3540.0663000821	0.0380432186236843	0.0340885225903602	1.11601253832111	0.264416767637371	0.282076936958653	YTHDF3
YWHAB	10494.9704322397	-0.160978784148442	0.0179730301063286	-8.95668583405748	3.34583299981958e-19	5.43429936206373e-19	YWHAB
YWHAE	23033.9326691371	-0.156436166772521	0.0353805819225552	-4.42152611042252	9.80062184123728e-06	1.24082848335991e-05	YWHAE
YWHAG	17922.1478209262	-0.348755801289771	0.0586030827491411	-5.95115111576417	2.66263096935849e-09	3.64265238481701e-09	YWHAG
YWHAH	4670.15668372776	0.318149290445684	0.0259809186884927	12.2454981003653	1.775834541378e-34	3.51283489882916e-34	YWHAH
YWHAQ	7091.23431080403	0.341730992581766	0.0319796269704178	10.6858967710248	1.18498228317404e-26	2.13329993793538e-26	YWHAQ
YWHAQP6	1.85396426324123	-0.823764983058428	0.101286865501067	-8.13298919838479	4.18831962656569e-16	6.48773269062981e-16	YWHAQP6
YWHAZ	18156.9277738985	-0.595810194540315	0.0392687688375298	-15.1726222180638	5.36883353909696e-52	1.28516452842133e-51	YWHAZ
YWHAZP2	2.27142028860374	-0.461890174174489	0.0904327231973478	-5.1075557369485	3.26352848033266e-07	4.2740470116019e-07	YWHAZP2
YWHAZP3	7.49063570498029	-0.429607857790557	0.0600816426231909	-7.15040133780784	8.65245526316055e-13	1.26679826915131e-12	YWHAZP3
YWHAZP4	4.13532673440069	0.362109026782835	0.0670462388954543	5.40088501231925	6.63129237182007e-08	8.80373877019936e-08	YWHAZP4
YWHAZP6	0.851271118058442	-0.642496890473155	0.12456048489252	-5.15811166781783	2.49452838583968e-07	3.27479619847579e-07	YWHAZP6
YY1	5554.22485582338	-0.358139587921039	0.0219897821220857	-16.2866364901968	1.22799781673563e-59	3.16920268086854e-59	YY1
YY1AP1	3891.94363528238	-0.590197008139565	0.029606092207779	-19.9349851374337	2.02365176582575e-88	6.78104159282006e-88	YY1AP1
ZACN	2.33470136002006	-1.11321139219073	0.0966384549696616	-11.5193417831464	1.05413156290799e-30	1.99615214221614e-30	ZACN
ZADH2	3241.65628464823	0.230619232105014	0.0319724710152176	7.21305625690453	5.47097981366303e-13	8.04272010010193e-13	ZADH2
ZAN	8.95161732497717	-3.33127316464563	0.149779973286925	-22.2411120227943	1.37506068394428e-109	5.4847036055132e-109	ZAN
ZAP70	147.483614340245	-0.267233661107988	0.0540451618100467	-4.94463615535536	7.62862086853238e-07	9.9150039172889e-07	ZAP70
ZAR1	1.14083589926931	-1.1669329572146	0.204891322676062	-5.69537519682834	1.2310090607824e-08	1.65913402988499e-08	ZAR1
ZBBX	1.38361109566429	-0.224631770190667	0.181853601344454	-1.23523410331141	0.216743390444782	0.232542482500687	ZBBX
ZBED1	6243.93252021526	-0.263501773561812	0.0463283839256069	-5.68769620768421	1.28764620986056e-08	1.73494905866018e-08	ZBED1
ZBED2	33.383803728682	-3.8412935255531	0.151954370950276	-25.2792565395179	5.40194046372937e-141	2.69737393308162e-140	ZBED2
ZBED3	680.118161260474	-0.195594675688117	0.0563123618043802	-3.47338789247697	0.000513932014884313	0.000620059664874834	ZBED3
ZBED4	996.095962585372	-0.288086815862457	0.0220267947968121	-13.0789258500811	4.34537242674219e-39	9.01787515030968e-39	ZBED4
ZBED5	2696.73879211531	0.1083224113488	0.0176713304623473	6.12983903954516	8.7968024461317e-10	1.21640221871883e-09	ZBED5
ZBED6	23.8083446966616	-0.628363361723286	0.0454432495324615	-13.8274302165479	1.74130813723574e-43	3.80081093468904e-43	ZBED6
ZBED6CL	208.6026177672	-0.882227010001687	0.0593522150871261	-14.8642642689346	5.62292125744436e-50	1.3182886891802e-49	ZBED6CL
ZBP1	22.4957903777308	-0.137918439092747	0.077326123984878	-1.78359436611253	0.0744896017455982	0.0822933178484419	ZBP1
ZBTB1	2147.99287001233	-0.396155617351376	0.0191755129777049	-20.6594534295891	8.02676907637124e-95	2.83702866962024e-94	ZBTB1
ZBTB10	1345.67853531181	0.323272504405108	0.0377331621639195	8.56733138348583	1.05910778887876e-17	1.67929175615314e-17	ZBTB10
ZBTB11	1432.30770816188	-0.661771575184783	0.0211139797719963	-31.3428156288421	1.218910501736e-215	1.00603429352361e-214	ZBTB11
ZBTB12	102.436695365157	-0.0437157364856162	0.0372027149946355	-1.17506844572822	0.239967333490956	0.256633315718316	ZBTB12
ZBTB14	459.246280429806	-0.403241995787867	0.0237062848465084	-17.0099194537966	6.9333028488927e-65	1.87904824725862e-64	ZBTB14
ZBTB16	18560.889027494	-1.10849231457424	0.0600916760861699	-18.4466865757695	5.54419074788461e-76	1.66668299353158e-75	ZBTB16
ZBTB17	2015.26516073498	-0.0579579587078595	0.0195166982924991	-2.96966002339313	0.00298129491048563	0.0035007364438129	ZBTB17
ZBTB18	2904.26260672276	-0.895411216906989	0.0577604473022956	-15.5021517098155	3.3546661841847e-54	8.18922511276224e-54	ZBTB18
ZBTB2	744.990221633842	-0.585717797953662	0.0252088581505983	-23.2346024740418	2.03596950393151e-119	8.75316146173181e-119	ZBTB2
ZBTB20	295.494651460075	-0.216193298002906	0.0445542654484628	-4.85235915858567	1.22001421445304e-06	1.57848601123907e-06	ZBTB20
ZBTB21	1098.13996123669	-0.531774510203872	0.0453352923921417	-11.7298131796333	8.96563361892555e-32	1.72021286265486e-31	ZBTB21
ZBTB22	1140.29813961515	-0.231603353682963	0.0312847864127913	-7.40306648180498	1.33075082860965e-13	1.97647241467016e-13	ZBTB22
ZBTB24	599.933642722652	-1.04989574940164	0.0230056622810977	-45.636406227882	0	0	ZBTB24
ZBTB25	1144.81371948911	0.128071941836523	0.022207024797414	5.76718146644466	8.06082436295274e-09	1.09116332800054e-08	ZBTB25
ZBTB26	543.995925777325	-0.0155838419580412	0.0228583365142723	-0.681757482584567	0.495392313126125	0.51606232804302	ZBTB26
ZBTB3	183.490258273208	0.312592107644178	0.0362558540465196	8.62183820695808	6.58877558525325e-18	1.04802111257527e-17	ZBTB3
ZBTB32	14.1619703199611	-0.643232866894557	0.0624635883706864	-10.2977251815463	7.21472080038839e-25	1.26915068042403e-24	ZBTB32
ZBTB33	1070.56162281243	-0.884732134670869	0.0283144563605008	-31.2466580112442	2.47853107390235e-214	2.02800172096891e-213	ZBTB33
ZBTB34	858.171631159543	-0.212639198243836	0.0237093406636663	-8.96858336384267	3.00352375050074e-19	4.88316754269905e-19	ZBTB34
ZBTB37	1526.342489554	-0.134840086266937	0.0266397460681512	-5.06161304698556	4.15724120634204e-07	5.43105442741585e-07	ZBTB37
ZBTB38	6173.87782125716	-0.388150319860511	0.0577696923041145	-6.71892655784262	1.83068143062414e-11	2.61581968825727e-11	ZBTB38
ZBTB39	410.802246068807	0.0527631104873022	0.029544641186573	1.78587751850177	0.0741190917867054	0.0819040989105269	ZBTB39
ZBTB4	6922.71684222879	0.214946638818815	0.0173050882726137	12.421007938976	2.01012864332862e-35	4.01512713144234e-35	ZBTB4
ZBTB40	2639.5319755287	-0.153686177614302	0.0216920287298039	-7.08491490254872	1.39129769005641e-12	2.03005185366827e-12	ZBTB40
ZBTB41	886.910268098783	-0.164858567017872	0.0264901684012894	-6.22338690039614	4.86535582912892e-10	6.76146609126454e-10	ZBTB41
ZBTB42	577.264292073527	0.113428790932603	0.040114678636563	2.82761310293078	0.00468964460875781	0.00546679786311679	ZBTB42
ZBTB43	3800.03142464409	-0.812759598737424	0.0508980764966104	-15.9683755198794	2.12241868713678e-57	5.34868525649576e-57	ZBTB43
ZBTB44	4650.18245604261	-1.03717476544037	0.0385350692763904	-26.915087605041	1.46258490587898e-159	8.32637283071709e-159	ZBTB44
ZBTB45	837.066515427688	-0.236258096202696	0.0216644309102713	-10.9053451337457	1.08680060196577e-27	1.98171572487702e-27	ZBTB45
ZBTB46	738.228324910185	1.35924107579205	0.0402746941362206	33.7492588073967	1.09617548299791e-249	1.08717657682895e-248	ZBTB46
ZBTB47	6863.59638756637	0.199343413008413	0.0641762036480108	3.10618892481951	0.00189515591465673	0.00224099728172737	ZBTB47
ZBTB48	1029.03427525521	-0.259293376821394	0.0238606392988117	-10.8669920187053	1.65569795105043e-27	3.01204838977856e-27	ZBTB48
ZBTB49	331.67599132495	-0.40675049007414	0.0208196083246374	-19.5368944377691	5.33298826936938e-85	1.73502840840264e-84	ZBTB49
ZBTB5	1275.08340126868	-0.614891884497209	0.0343285849952623	-17.9119496064889	9.51438636473096e-72	2.76239466050842e-71	ZBTB5
ZBTB6	507.369993681419	-0.354726696867434	0.0269015840670114	-13.1860895620056	1.05518379686696e-39	2.20531330864996e-39	ZBTB6
ZBTB7A	4366.58122798978	-0.566199791431064	0.0278846590728366	-20.305064155603	1.15992540541763e-91	3.99537260293204e-91	ZBTB7A
ZBTB7B	7300.56131986723	-1.34274584687156	0.0516298098451645	-26.007181721149	4.10740399399884e-149	2.17719020306164e-148	ZBTB7B
ZBTB7C	1475.03710851892	-2.80502936979394	0.0806728725896042	-34.7704163711087	6.81236007879862e-265	7.37841719485283e-264	ZBTB7C
ZBTB8A	461.035816725335	-0.285141639499056	0.0288885145195542	-9.87041543122779	5.59324770775642e-23	9.5871312118952e-23	ZBTB8A
ZBTB8B	6.68585551089767	-0.456274912562506	0.0803579919139827	-5.6780278065051	1.36256569013997e-08	1.83465816352828e-08	ZBTB8B
ZBTB8OS	792.339043217703	0.156017015080617	0.0293679049623235	5.31250067993522	1.08131023112172e-07	1.42922868569073e-07	ZBTB8OS
ZBTB8OSP1	0.312648111507859	-0.344119988692138	0.240179894921105	-1.43275934401244	0.151926623654023	0.164877985916445	ZBTB8OSP1
ZBTB9	293.937108099371	0.227809056428985	0.0369269442392509	6.16918245260162	6.86439837432859e-10	9.5138616520087e-10	ZBTB9
ZC2HC1A	500.292289332525	-0.774459670524962	0.0569733892975578	-13.5933578829259	4.38492044209645e-42	9.43496926585922e-42	ZC2HC1A
ZC2HC1B	4.00094284594402	-1.23894785665481	0.10300029853345	-12.0285851040757	2.51432672828484e-33	4.91000167453411e-33	ZC2HC1B
ZC2HC1C	215.441934687422	1.02596912184531	0.047281735026925	21.6990582359353	2.09407647490801e-104	8.01178971834626e-104	ZC2HC1C
ZC3H10	463.606263111323	-0.2300348857062	0.0252460317617143	-9.11172448317396	8.10827403031894e-20	1.32736486740425e-19	ZC3H10
ZC3H11A	18.0127266826227	-0.535559361868665	0.0374829857613961	-14.288065664722	2.59723724672375e-46	5.86316374194559e-46	ZC3H11A
ZC3H11B	14.3450413223494	1.38331120015647	0.0540220000218208	25.6064418125525	1.29326185398706e-144	6.6249307437738e-144	ZC3H11B
ZC3H12A	1965.02045367063	-1.37469707590249	0.0655688656629751	-20.9656986132481	1.34925635247784e-97	4.89282103161837e-97	ZC3H12A
ZC3H12B	90.5374389544116	0.0588715655185934	0.045138668407023	1.30423797591321	0.192152455444415	0.206936066434635	ZC3H12B
ZC3H12C	1785.98491796912	-0.750572936667303	0.0473034609754426	-15.8671885986727	1.06924227997256e-56	2.67585573220994e-56	ZC3H12C
ZC3H12D	64.4254896144453	-0.727634390500187	0.0567946702590423	-12.8116667846019	1.41071360629263e-37	2.88374467713759e-37	ZC3H12D
ZC3H13	3789.34335246769	-0.508238656783269	0.0158021744559423	-32.1625772579767	5.891842989829e-227	5.1335462565301e-226	ZC3H13
ZC3H14	1995.67821685037	-0.214762970063223	0.0119704012018292	-17.941167254311	5.62608192949499e-72	1.63584398017831e-71	ZC3H14
ZC3H15	2879.9339549309	-0.604657609034482	0.0220511466497048	-27.4206878508323	1.55436102421794e-165	9.22216638000897e-165	ZC3H15
ZC3H18	2468.69982644482	-0.285393798168396	0.0165330199127684	-17.2620488981561	9.0830057018322e-67	2.50964214334123e-66	ZC3H18
ZC3H3	1998.70924840177	-0.670078105583432	0.0216425636282559	-30.9611244348428	1.79982994133569e-210	1.43930425473051e-209	ZC3H3
ZC3H4	2080.96207716318	-0.256140214762943	0.0178929143403558	-14.3151758227134	1.75918666831809e-46	3.9757839568605e-46	ZC3H4
ZC3H6	1836.7719180982	-0.649397958657104	0.0269202294568542	-24.1230469338276	1.43264882008616e-128	6.56378503699946e-128	ZC3H6
ZC3H7A	3658.97492023137	-0.567178403635858	0.0296753825641296	-19.1127579369926	1.97737088363692e-81	6.25345278923897e-81	ZC3H7A
ZC3H7B	4845.51143343969	0.297370425227952	0.013586041536952	21.8879372935192	3.38487440149074e-106	1.3128878280809e-105	ZC3H7B
ZC3H8	967.602001370614	-0.317583623169611	0.0286578286967684	-11.0819150512063	1.53552581331101e-28	2.83613791970157e-28	ZC3H8
ZC3HAV1	1194.86418922978	0.16101900767225	0.0421347856933181	3.82152193307074	0.000132630615347169	0.00016269054220541	ZC3HAV1
ZC3HAV1L	141.366184605739	-0.366859318967213	0.0585303635523523	-6.26784623743328	3.66075991858758e-10	5.10120291798227e-10	ZC3HAV1L
ZC3HC1	1001.95136735107	0.135169017180254	0.0464747369043165	2.90844071820232	0.00363236036915157	0.00425164958743075	ZC3HC1
ZC4H2	298.123757279303	0.261975564181546	0.0347450385651501	7.53994167225683	4.70181710727118e-14	7.04196769681242e-14	ZC4H2
ZCCHC10	694.709844774345	-0.0262826125444579	0.0336086574854742	-0.78201911384938	0.434203340630261	0.45474135063331	ZCCHC10
ZCCHC12	10.6090876662791	-1.38746143654567	0.11553809635195	-12.0086922007024	3.1986335147439e-33	6.237525934233e-33	ZCCHC12
ZCCHC14	3098.62813241863	-0.470093550360488	0.0164254163828346	-28.6198863641447	3.80097906818857e-180	2.50995686744176e-179	ZCCHC14
ZCCHC17	1444.49676037909	1.11325549318736	0.0218468950946012	50.9571492135038	0	0	ZCCHC17
ZCCHC18	49.365004522754	1.16670404450583	0.053780807758479	21.693687639377	2.35344824786094e-104	8.99456940758912e-104	ZCCHC18
ZCCHC2	2646.53614039549	-0.778089723985345	0.0316289856361781	-24.6005272801207	1.24687608958829e-133	5.90813805966803e-133	ZCCHC2
ZCCHC24	5650.60751871558	-0.173971490972331	0.04811289624608	-3.61590144319165	0.000299304243056813	0.000363621224219862	ZCCHC24
ZCCHC3	694.546853379689	0.738182056071537	0.0213918998133367	34.5075501714588	6.18045763148131e-261	6.52136095101377e-260	ZCCHC3
ZCCHC4	534.978913304869	-0.230753583312849	0.0218122191711455	-10.5790970419967	3.72530982125294e-26	6.66196126488916e-26	ZCCHC4
ZCCHC7	668.220191500463	-0.589790181280743	0.0204935318071309	-28.779333246772	3.89161108226326e-182	2.59743756365669e-181	ZCCHC7
ZCCHC8	1709.151390533	-0.650346153823293	0.0182192796535993	-35.6954921483306	4.64393484893926e-279	5.41071011105215e-278	ZCCHC8
ZCCHC9	737.41538037763	-0.0645274372884852	0.0210608154552372	-3.06386224339852	0.00218499497823271	0.00257932288039655	ZCCHC9
ZCRB1	2083.60334385505	-0.127378555105719	0.0376477613656005	-3.3834297308872	0.000715865238457231	0.000859315161207563	ZCRB1
ZCWPW1	388.014426768379	-0.142134742935244	0.0233936106388802	-6.0757933065286	1.23376243954327e-09	1.70170543822071e-09	ZCWPW1
ZCWPW2	184.251397502944	-0.563742110022293	0.0574947447937213	-9.80510674575351	1.07033775310842e-22	1.82661641009715e-22	ZCWPW2
ZDBF2	675.503448418017	0.000241276791022853	0.0383181810216334	0.00629666608878523	0.994976020541709	0.995197163181158	ZDBF2
ZDHHC1	946.650701192495	-0.770260965195064	0.0323594832005645	-23.8032529883427	3.09052011111089e-125	1.38527023207438e-124	ZDHHC1
ZDHHC11	421.992071314988	1.63958492328551	0.0489088196722309	33.523297725715	2.20619168740945e-246	2.14552439573514e-245	ZDHHC11
ZDHHC11B	1273.58263737855	1.394804236104	0.0586970906774403	23.7627490563188	8.11197648171312e-125	3.62251770397712e-124	ZDHHC11B
ZDHHC12	811.809903962912	-0.885658949919942	0.0431037147740693	-20.5471606000127	8.15984771004184e-94	2.86326352102267e-93	ZDHHC12
ZDHHC13	637.80934284539	-0.498359006395691	0.06209743544593	-8.02543620065641	1.0116582250977e-15	1.55648373589604e-15	ZDHHC13
ZDHHC14	661.35841751826	0.915176288520084	0.0266110669752178	34.3908152714194	3.45916407315351e-259	3.62236256433021e-258	ZDHHC14
ZDHHC15	133.544687638127	1.23402009502466	0.0465486486915864	26.5103312278903	7.36776778835837e-155	4.05711801646494e-154	ZDHHC15
ZDHHC16	1188.48304825854	0.327844976645396	0.0269771168681362	12.152706245367	5.54976358273982e-34	1.09205612432116e-33	ZDHHC16
ZDHHC17	2197.9016690997	-0.12930853480037	0.0241355899917173	-5.35758748158821	8.43405340372212e-08	1.1169908425574e-07	ZDHHC17
ZDHHC18	1925.82488717741	0.224898812272412	0.0327085045980948	6.87585125140547	6.16207730217125e-12	8.89095491474709e-12	ZDHHC18
ZDHHC2	1124.99480086389	-0.431348333006622	0.0573897870748931	-7.51611662966647	5.64272199007688e-14	8.43993672981919e-14	ZDHHC2
ZDHHC20	1686.76613153247	-0.601038598197164	0.0361115088587682	-16.643962470464	3.3471716338258e-62	8.86717241802769e-62	ZDHHC20
ZDHHC20P4	1.16991953514938	-0.778492828309315	0.135279276571208	-5.75470868887693	8.67913285045187e-09	1.17389037824768e-08	ZDHHC20P4
ZDHHC21	1477.88393689669	-0.160021372336091	0.0224516422520039	-7.12737939345208	1.02297839766726e-12	1.49627318895005e-12	ZDHHC21
ZDHHC23	390.522923528707	-0.518556736636859	0.0431491121274734	-12.0177846326226	2.86551306609011e-33	5.59094956673402e-33	ZDHHC23
ZDHHC24	871.59330971927	-0.27040783545899	0.0243334499468959	-11.1125975169618	1.08943585299004e-28	2.01530518853908e-28	ZDHHC24
ZDHHC3	5379.91915203364	-0.537789555153117	0.0292971141144179	-18.3564003284698	2.93424381447191e-75	8.76523778697459e-75	ZDHHC3
ZDHHC4	1109.70446354117	-0.222377367528108	0.0418481400318286	-5.31391281330481	1.07295969967083e-07	1.41829545849425e-07	ZDHHC4
ZDHHC5	5679.61737942011	-0.410479111671492	0.0257878988256001	-15.9175090009273	4.79073678140159e-57	1.20293001537188e-56	ZDHHC5
ZDHHC6	1777.84928111732	-0.137817568622965	0.020205843530052	-6.82067880106022	9.06113317458724e-12	1.30289526540255e-11	ZDHHC6
ZDHHC7	4426.32924879105	-0.262391241803636	0.0263968796960801	-9.94023705925367	2.78164378735574e-23	4.78932279447065e-23	ZDHHC7
ZDHHC8	2830.07711372444	0.266594348854971	0.0212029920468343	12.5734305925363	2.9561248384304e-36	5.95559073492844e-36	ZDHHC8
ZDHHC8P1	98.037679550027	-3.66625657532728	0.1183128046349	-30.9878257610486	7.86448817041617e-211	6.30314566142749e-210	ZDHHC8P1
ZDHHC9	2916.50333689134	-0.540331636108095	0.0423200360085404	-12.76774991399	2.48226800701391e-37	5.0569608866294e-37	ZDHHC9
ZEB1	5361.45339432263	-0.0357330416491326	0.0531751597134406	-0.671987481404793	0.501591665933533	0.522278550351083	ZEB1
ZEB2	3439.72971513947	0.422795267668319	0.0385100487636456	10.9788297143744	4.83142043203949e-28	8.84924696755626e-28	ZEB2
ZEB2P1	1.00014359962455	-0.835214029930957	0.150409469157322	-5.55293516166432	2.80912292623662e-08	3.7590709035969e-08	ZEB2P1
ZER1	6241.32057757092	0.0265757845940173	0.0322363072027586	0.824405364636278	0.409709267678247	0.430415904725773	ZER1
ZFAND1	1118.09504831571	-0.370223531393548	0.0195037476447853	-18.9821739973412	2.39478782199107e-80	7.48542725884029e-80	ZFAND1
ZFAND2A	527.135349725674	0.0352781679149931	0.0378385333134566	0.932334443905283	0.351163712455105	0.370946422622167	ZFAND2A
ZFAND2B	1764.80478355095	-0.278517469811487	0.0239475880796266	-11.6302931587685	2.89102992838752e-31	5.51520026927764e-31	ZFAND2B
ZFAND3	5639.14016188571	-0.49106460238962	0.0394099095892859	-12.4604346345195	1.22700067194805e-35	2.45522889014416e-35	ZFAND3
ZFAND4	444.526106702487	-0.253866221335295	0.0231882152514147	-10.9480707584775	6.78779083198449e-28	1.24098134030624e-27	ZFAND4
ZFAND5	27625.9753302195	-1.77965802101952	0.064093988954468	-27.766379500639	1.10523200618578e-169	6.77632198342989e-169	ZFAND5
ZFAND6	3549.86359318643	-0.331321144414686	0.0340154213385997	-9.74032163578442	2.02911098009556e-22	3.4455265307707e-22	ZFAND6
ZFAT	746.115127679742	-0.751862200582235	0.0479031964964903	-15.6954494808571	1.6248764973868e-55	4.01832694456103e-55	ZFAT
ZFC3H1	3362.14802578254	-0.252975297845167	0.0229717958460776	-11.0124301791739	3.32901014620531e-28	6.1142242262873e-28	ZFC3H1
ZFHX2	107.178945941597	-0.010378318838997	0.0449296411767404	-0.230990467922315	0.817322207299927	0.828179963614185	ZFHX2
ZFHX3	2564.54987076359	-0.794127585317296	0.0477910895688977	-16.6166453303486	5.28059608266501e-62	1.39747148021248e-61	ZFHX3
ZFHX4	812.071202843592	-2.66736078948261	0.0620950215448722	-42.9561134390633	0	0	ZFHX4
ZFP1	387.755866875539	-0.191338344734568	0.0255275324520921	-7.4953717165439	6.61107359658357e-14	9.86945893283305e-14	ZFP1
ZFP14	387.619155591498	-0.034985037300998	0.0374046654536838	-0.9353121295609	0.349627466102295	0.36945371395993	ZFP14
ZFP2	143.838677251785	-0.587277446772978	0.0342744036341284	-17.1345781254733	8.19451429629149e-66	2.24417239993219e-65	ZFP2
ZFP28	528.518432371168	0.415488752780281	0.0238772275574036	17.4010467413521	8.10089902104179e-68	2.26470388690438e-67	ZFP28
ZFP3	799.11662912247	0.196811708528784	0.044946182025641	4.37883040691879	1.19317937130642e-05	1.50683470344373e-05	ZFP3
ZFP30	334.500755178251	-0.13818546245342	0.0237022050609224	-5.83006779741541	5.54048609045378e-09	7.53280136814641e-09	ZFP30
ZFP36	28319.2165660341	-0.809252512159004	0.0645214856992306	-12.5423725661149	4.37692159692952e-36	8.80618818222066e-36	ZFP36
ZFP36L1	28657.7291726932	-1.59903606585343	0.0554822088458874	-28.8206994479088	1.18062396154923e-182	7.91229036926571e-182	ZFP36L1
ZFP36L2	10545.6819526229	-1.35049450413027	0.0471106907362387	-28.6664127191715	1.00097740629089e-180	6.63179767782197e-180	ZFP36L2
ZFP37	143.541452041161	-0.059151960182203	0.0364017549479648	-1.62497550644904	0.104167777935303	0.114093347770818	ZFP37
ZFP41	609.880348572593	-0.231290129044528	0.0310072837272572	-7.45921929437535	8.70366435907057e-14	1.29665366322626e-13	ZFP41
ZFP57	103.774811462803	3.18572794919016	0.157426353141911	20.2363066005754	4.69028863506459e-91	1.60696394594209e-90	ZFP57
ZFP62	1135.87815648043	-0.354691994132391	0.0194627851252022	-18.2241129340272	3.32219320615864e-74	9.8262898297834e-74	ZFP62
ZFP64	599.86868682515	-0.358189554248761	0.0370751120340345	-9.66118602473667	4.40731532042222e-22	7.45639878598875e-22	ZFP64
ZFP69	122.618769312831	0.535839743071618	0.0427356051152956	12.5384849852011	4.59699927081083e-36	9.24484234989005e-36	ZFP69
ZFP69B	26.0093267048751	0.606983431689981	0.0461196447598899	13.1610604298902	1.47007993305643e-39	3.06603045706741e-39	ZFP69B
ZFP82	151.885821586259	1.14304493282939	0.0432830668043859	26.4085938733335	1.09165451000718e-153	5.94760073687628e-153	ZFP82
ZFP90	947.909062803531	-0.0961885410891918	0.0231623313800514	-4.15280048933391	3.28431063525197e-05	4.10077517827361e-05	ZFP90
ZFP91	5971.66000611228	-0.582411318206453	0.0287498838000523	-20.2578668580703	3.02799896974173e-91	1.03902038609075e-90	ZFP91
ZFP92	143.138809849018	1.16959418761676	0.0601471747983974	19.4455382407742	3.1792099903345e-84	1.02763438743062e-83	ZFP92
ZFPL1	1492.73787849912	-0.16964258664248	0.0166701066820046	-10.1764547689193	2.52596922888131e-24	4.41370336721922e-24	ZFPL1
ZFPM1	401.300499454906	0.299198579295498	0.0345623751541128	8.65677135791097	4.85314819774153e-18	7.73316107883025e-18	ZFPM1
ZFPM2	1166.75168241497	0.293164537181306	0.0586361723444093	4.99972159607137	5.74131537291307e-07	7.48095678811496e-07	ZFPM2
ZFR	5284.88150973493	-0.35220954683415	0.0267958850920934	-13.1441654427036	1.83822438648743e-39	3.82984689596762e-39	ZFR
ZFX	2026.37364211818	-0.410829585522879	0.0339790566520806	-12.0906707248956	1.18316828612427e-33	2.31930875732581e-33	ZFX
ZFY	423.471340636167	-0.417892551592769	0.137203545344909	-3.04578537341911	0.00232073430547344	0.00273620586629328	ZFY
ZFYVE1	2041.82555135758	-0.621976718130539	0.0200148017801323	-31.0758370211762	5.10878528791516e-212	4.11652837814507e-211	ZFYVE1
ZFYVE16	1541.32694005834	0.307186299517287	0.0260527350823438	11.7909424306652	4.34649758888526e-32	8.3806023026482e-32	ZFYVE16
ZFYVE19	1028.10295507231	0.220600079598063	0.0241027307110365	9.1524932275434	5.56344341179778e-20	9.13338302378221e-20	ZFYVE19
ZFYVE21	1482.01556637509	-0.413833916759219	0.0390358528574838	-10.6013801791417	2.93614680940651e-26	5.26063289699678e-26	ZFYVE21
ZFYVE26	2419.0493588024	-0.517108181054263	0.0180094143926333	-28.7132146432137	2.60959796418205e-181	1.73404846634334e-180	ZFYVE26
ZFYVE27	1720.0463546065	0.0890589018757115	0.02257287693043	3.94539438416257	7.96687423712322e-05	9.84632359371473e-05	ZFYVE27
ZFYVE28	663.928798156084	-0.248068145910012	0.034080102128937	-7.27897307852783	3.36370793570444e-13	4.96109025404471e-13	ZFYVE28
ZFYVE9	2512.31475818715	-1.10801481146575	0.035390733571853	-31.3080487358695	3.62608294609903e-215	2.98459621000131e-214	ZFYVE9
ZG16B	387.599070083343	-3.30719460509843	0.133323705594814	-24.8057507128505	7.77142048605628e-136	3.73746567377769e-135	ZG16B
ZGLP1	128.2847751404	0.110632566510956	0.045136729914014	2.45105409101883	0.014243854679142	0.0162868340265029	ZGLP1
ZGPAT	1541.92244102256	0.0649322910480521	0.0172680757589958	3.76025053134397	0.000169743275622139	0.000207634459396176	ZGPAT
ZHX1	1860.82091076593	-0.455407948182324	0.0195702660313944	-23.2704015086849	8.84282286061514e-120	3.81451364279735e-119	ZHX1
ZHX2	3251.74210074183	0.0925756565123409	0.043279652449273	2.13901108889094	0.0324347703139372	0.0364797438563688	ZHX2
ZHX3	3721.93348028167	-0.270719873579939	0.0266255263862065	-10.1676815569057	2.76409455610931e-24	4.82650752784205e-24	ZHX3
ZIC1	224.133006206097	-5.13584409408107	0.0960500106519031	-53.4705208174728	0	0	ZIC1
ZIC2	7.03432269535537	-1.57608032122172	0.109335151144286	-14.4151291211169	4.15661107173236e-47	9.46170408475649e-47	ZIC2
ZIC4	56.8060652589233	-5.04541774563972	0.105121534216066	-47.99604365809	0	0	ZIC4
ZIC5	1.48646144170562	-1.10068063692581	0.152138849536457	-7.23471118836124	4.66520854455896e-13	6.86715340670585e-13	ZIC5
ZIK1	223.894329453601	0.737178359019672	0.0277605185812184	26.5549203219285	2.25324914407853e-155	1.24687174431471e-154	ZIK1
ZIM2	2.57388430514867	-0.567793993162388	0.125392727052585	-4.52812540654195	5.95092622895249e-06	7.57157358265293e-06	ZIM2
ZKSCAN1	4997.81614356557	-0.66134642882663	0.0303427564846808	-21.795858565471	2.53984764147751e-105	9.80059965578492e-105	ZKSCAN1
ZKSCAN2	380.915425146182	-0.220103439447049	0.0471868889762965	-4.66450414982039	3.09362089435058e-06	3.96640097715134e-06	ZKSCAN2
ZKSCAN3	307.376661623163	-0.0382347786645365	0.0311708020098429	-1.22662158812798	0.219964851363713	0.23587223979259	ZKSCAN3
ZKSCAN4	251.832146078346	0.0189131605658524	0.0298869614166396	0.632823133211609	0.526849148348314	0.547213604197499	ZKSCAN4
ZKSCAN5	707.579150387458	-0.288919942313336	0.0215043730046101	-13.4354041501883	3.75015303212905e-41	7.9776063260878e-41	ZKSCAN5
ZKSCAN7	111.941117981348	0.801088511943771	0.0404621067069432	19.7984874526147	3.06767028461725e-87	1.01846427136472e-86	ZKSCAN7
ZKSCAN8	2298.27007315059	-0.204598755984962	0.0239134604858557	-8.55579877726095	1.17055331268587e-17	1.85468974400654e-17	ZKSCAN8
ZMAT1	1300.57971489694	0.532536899374964	0.0508597708740079	10.4706900999257	1.17781202445348e-25	2.09524599784437e-25	ZMAT1
ZMAT2	3692.6273913618	-0.576066524605013	0.0234396776651136	-24.5765548842167	2.25029041130253e-133	1.06402620682576e-132	ZMAT2
ZMAT3	1249.41503459077	0.519960818737729	0.0221779209179257	23.4449757784762	1.48749421750445e-121	6.4928184794611e-121	ZMAT3
ZMAT4	9.8970313930005	2.40903070761856	0.10181352698337	23.6612047435705	9.05068247176447e-124	4.01481851094707e-123	ZMAT4
ZMAT5	410.551758091107	-0.0389615444468566	0.0355801618633017	-1.09503561553616	0.273501033553632	0.291474282458051	ZMAT5
ZMIZ1	8638.93653807296	-0.0363557725463355	0.0253789071366141	-1.43251923144811	0.151995278300735	0.164942549113307	ZMIZ1
ZMIZ2	6310.77090822507	0.2710877575897	0.023734965174775	11.421451668183	3.26730296171089e-30	6.1515239633676e-30	ZMIZ2
ZMPSTE24	1838.00212846308	0.278118999668392	0.0209279038364537	13.2893863543058	2.66756899233711e-40	5.61099666172707e-40	ZMPSTE24
ZMYM1	381.208322955281	-0.0942241637159111	0.0296844740513042	-3.17419010197256	0.00150255245602744	0.00178531001722442	ZMYM1
ZMYM2	4555.05098227941	-0.335586775295478	0.0188814965848683	-17.7733144079489	1.13765998951401e-70	3.26775450315009e-70	ZMYM2
ZMYM3	1889.98546631525	-0.132289573268428	0.022393106084311	-5.90760266889067	3.47121996805468e-09	4.73913012096718e-09	ZMYM3
ZMYM4	2293.94728054779	-0.180224138916624	0.0159870108124626	-11.2731605070369	1.78061357694245e-29	3.32256919234384e-29	ZMYM4
ZMYM5	779.055574832263	-0.392153729193713	0.0190903047419323	-20.5420361013063	9.06802544104625e-94	3.18008038114696e-93	ZMYM5
ZMYM6	1263.77149359636	0.183288571467332	0.0203777200233018	8.9945573527236	2.37186050881264e-19	3.86073433575697e-19	ZMYM6
ZMYND10	40.9670601048576	-0.912475835034283	0.0514385302082509	-17.7391506199747	2.09071414612849e-70	5.98615322800366e-70	ZMYND10
ZMYND11	5253.11600562202	-0.201919502057704	0.0264409421514342	-7.6366228140154	2.22993542599811e-14	3.35291242928433e-14	ZMYND11
ZMYND12	74.2045785007971	0.303015228137928	0.0583645775993705	5.19176597521021	2.08308735917741e-07	2.73905445964591e-07	ZMYND12
ZMYND15	99.4987390174029	-1.10691653289776	0.0734374745649693	-15.0729112003774	2.44114954597165e-51	5.80337202549336e-51	ZMYND15
ZMYND19	921.366214068033	-0.371747383708936	0.0325590684326519	-11.4176296068756	3.4141917711257e-30	6.4260629519065e-30	ZMYND19
ZMYND8	3037.09469183772	-0.48294758769669	0.0277982280070427	-17.3733227734636	1.31392104731435e-67	3.66696011979932e-67	ZMYND8
ZNF10	650.133025384023	0.207964902721291	0.0316273433659639	6.57547807019081	4.84970912099379e-11	6.87940219755786e-11	ZNF10
ZNF100	334.785869696135	-0.16549245338715	0.0297246972521002	-5.56750677672442	2.58410031399667e-08	3.46026852281886e-08	ZNF100
ZNF101	315.488838735459	-0.452929987768295	0.0454582826570308	-9.96364053577466	2.1986107443769e-23	3.79091877485906e-23	ZNF101
ZNF101P2	3.33585784168961	-0.792267117815792	0.101829007802308	-7.78036764684882	7.23140861298119e-15	1.09545221276003e-14	ZNF101P2
ZNF106	45154.1702595409	-0.0284410067231708	0.0998402488837197	-0.284865142476708	0.775747462258878	0.78827152515507	ZNF106
ZNF107	688.375335920136	-1.12461631661917	0.0587561980669168	-19.1403860974524	1.1640431571394e-81	3.68842472657391e-81	ZNF107
ZNF112	249.755866865552	0.4697045924574	0.0230859685208338	20.345890709914	5.04865842978108e-92	1.74268265377736e-91	ZNF112
ZNF114	14.4221080027214	0.44735356340782	0.0669923568822106	6.67768062249818	2.42753335968064e-11	3.46068171439069e-11	ZNF114
ZNF117	1568.10209589724	-0.230496641912527	0.0647013381225157	-3.5624710183902	0.000367380476244736	0.00044506467143694	ZNF117
ZNF12	1450.58012481039	0.0432388258664988	0.0202813930855212	2.13194555641086	0.033011322513177	0.0371119670596864	ZNF12
ZNF121	1475.5901403751	-0.00684912968460769	0.0339849522783942	-0.201534185733196	0.840280901410677	0.850008233003293	ZNF121
ZNF124	123.457336369133	-0.0701208365165723	0.0301803674365708	-2.32339240613764	0.0201580816902956	0.0229096299328878	ZNF124
ZNF131	1311.79846131351	-0.842966209355974	0.0168009098602802	-50.1738427481757	0	0	ZNF131
ZNF132	237.434386243024	0.757674512458378	0.0293678771555356	25.7994307333025	8.99847421036248e-147	4.69103777181393e-146	ZNF132
ZNF133	1134.91479100552	-0.497343231899203	0.0201405704184085	-24.6936020960275	1.25287561646897e-134	5.97272615785433e-134	ZNF133
ZNF134	1072.59244815355	0.0022405275866212	0.020308081553401	0.110326895267268	0.912150128119868	0.917296896999204	ZNF134
ZNF135	398.14716201431	0.699801628370039	0.0452257519308642	15.4735211354764	5.23628042246687e-54	1.27600221855728e-53	ZNF135
ZNF136	423.472767552858	-0.346033867766012	0.0362761592649506	-9.53887828197798	1.44385530078305e-21	2.42361425488583e-21	ZNF136
ZNF137P	111.515477723268	0.228963382412915	0.0357940058642458	6.39669623124312	1.58774748387823e-10	2.2294104880883e-10	ZNF137P
ZNF138	346.819195857267	-0.941566019187392	0.0289924789013104	-32.4762164143486	2.31080261964414e-231	2.0653802361576e-230	ZNF138
ZNF14	252.389406458481	0.0273591730660994	0.0384398765625979	0.711739357995753	0.476626190790678	0.497261392165468	ZNF14
ZNF140	114.738447349587	-0.23379792059305	0.0251917263272679	-9.28074231816275	1.68301874851129e-20	2.78328162535156e-20	ZNF140
ZNF141	999.854037055044	0.208572864162372	0.0364916002579376	5.71564038540631	1.09291649474693e-08	1.47489240737233e-08	ZNF141
ZNF142	1975.75803493968	-0.307830984057747	0.0239542688376684	-12.8507777108053	8.51498565299104e-38	1.74516972264023e-37	ZNF142
ZNF143	1031.38448035516	-0.575663724724535	0.0315610167200754	-18.2397078595496	2.49789803140443e-74	7.39793722660599e-74	ZNF143
ZNF146	3613.76055501704	-0.430712457768693	0.0285928375734647	-15.0636486029778	2.80849814696668e-51	6.67314877818734e-51	ZNF146
ZNF148	1883.60643483663	-0.0820977724649261	0.0215837490802894	-3.80368452948237	0.000142559709433928	0.000174798537532875	ZNF148
ZNF154	364.504485295858	1.36310547641572	0.0463528835890858	29.4071343759221	4.45136087335159e-190	3.12393555872132e-189	ZNF154
ZNF155	130.167105986742	0.109979918490766	0.0291872811284218	3.76807685535568	0.000164510058043728	0.000201342504408835	ZNF155
ZNF157	7.16589106432994	-0.618281660869039	0.0732030195536148	-8.44612236816545	3.01138043809102e-17	4.74300982291334e-17	ZNF157
ZNF16	630.262692396175	-0.956071640698887	0.0264277937937848	-36.1767481674438	1.41313696639989e-286	1.71068450115429e-285	ZNF16
ZNF160	1965.61663972338	0.345874259537407	0.0321423638989678	10.7606976457794	5.27691525613367e-27	9.53903911685702e-27	ZNF160
ZNF165	50.0498561922765	-0.680145061056719	0.0516377417837613	-13.1714718258769	1.28076258873297e-39	2.67428457948988e-39	ZNF165
ZNF169	230.100472101115	-0.0459131429612988	0.0300757875661287	-1.52658156865711	0.12686509309861	0.138322140573476	ZNF169
ZNF17	349.404151808409	-0.0380107476151124	0.017596828197055	-2.16009085213857	0.030765637056599	0.0346587541558194	ZNF17
ZNF174	572.91663944714	0.224995625849753	0.020768405967403	10.8335529555275	2.38709511722804e-27	4.33428476954024e-27	ZNF174
ZNF175	532.485295723901	0.425328597662994	0.0184255064121466	23.083685633878	6.7529829584657e-118	2.87376941454707e-117	ZNF175
ZNF177	2.80506898348686	1.24405872750951	0.0686633562497796	18.1182335885817	2.28824243620087e-73	6.72610256271259e-73	ZNF177
ZNF18	546.408111299108	-0.36834372255774	0.0198045130809571	-18.5989789828218	3.27485730007772e-77	9.9478073335638e-77	ZNF18
ZNF180	348.268113141645	-0.277746636448204	0.0247696819767409	-11.2131692570382	3.51382107667106e-29	6.53500291364354e-29	ZNF180
ZNF181	920.587352399862	0.349717461092853	0.0495272266644173	7.06111536312019	1.65171392214209e-12	2.40651576790609e-12	ZNF181
ZNF182	474.193952549488	-0.0137268863809786	0.0229544042725801	-0.598006649093303	0.549835496495366	0.569710975215166	ZNF182
ZNF184	307.244495070006	-0.716633840105843	0.0263458478466005	-27.2010164287923	6.31754117763622e-163	3.69347381418089e-162	ZNF184
ZNF185	2299.90518493903	-4.13259562274493	0.0884971547720664	-46.6974970369257	0	0	ZNF185
ZNF189	1235.73509640309	0.588848410683021	0.0448143314003397	13.1397343725306	1.94909736278088e-39	4.05990530287187e-39	ZNF189
ZNF19	153.81190451571	-0.665302691382572	0.042950365783826	-15.4900355152064	4.05066659840768e-54	9.87754665916238e-54	ZNF19
ZNF195	801.246384816014	-0.116661907107704	0.0277583341640454	-4.20277046951951	2.63667913060243e-05	3.30130493357267e-05	ZNF195
ZNF197	1048.46715335733	-0.520499200803883	0.0257212068291153	-20.2361889262016	4.70149807821924e-91	1.61049794302616e-90	ZNF197
ZNF2	266.656596071598	-0.0367631256740808	0.0253149326796886	-1.45223082910181	0.146437433259854	0.159035911680883	ZNF2
ZNF20	154.397116750213	-0.380600995544806	0.0471614163121354	-8.07017738877515	7.01961065156292e-16	1.0831477056299e-15	ZNF20
ZNF200	250.442346998508	0.454759655251017	0.0233132795410265	19.506464307209	9.67465612466737e-85	3.13846611822198e-84	ZNF200
ZNF202	839.370625617829	-0.424538978117745	0.0213096917039862	-19.9223425667078	2.60513490933825e-88	8.72141221926686e-88	ZNF202
ZNF204P	544.789786111737	0.371935575482056	0.0414374618827378	8.97582908274114	2.81225722868325e-19	4.57426966418425e-19	ZNF204P
ZNF205	537.456567013453	0.419579187830793	0.0380867569827826	11.0164062542911	3.18523345224643e-28	5.85374041591505e-28	ZNF205
ZNF207	7788.44311654146	-0.279216596643578	0.013204351312125	-21.1458018681451	3.01620402229117e-99	1.10828104930115e-98	ZNF207
ZNF208	198.5334144864	2.84231239259605	0.0764274574344705	37.1896761714606	1.00214924246674e-302	1.31388845692963e-301	ZNF208
ZNF209P	3.95548515096283	-1.7783686603579	0.202601886789114	-8.77765103051083	1.66924266724596e-18	2.67998905218467e-18	ZNF209P
ZNF211	888.142057962912	0.825265253654833	0.0267281974931071	30.8762030760832	2.49304017093551e-209	1.97958606603486e-208	ZNF211
ZNF212	790.595299747995	-0.4067201778588	0.0264617362742324	-15.3701243804947	2.59670181392046e-53	6.27931614083586e-53	ZNF212
ZNF213	1255.38435437459	-0.592288259735765	0.0323075009119135	-18.3328404555537	4.52638438975914e-75	1.35078656167199e-74	ZNF213
ZNF214	45.0099859796344	0.061389344534101	0.0486953461032678	1.26068196340392	0.207423454862806	0.222968446852106	ZNF214
ZNF215	34.3160258605647	-0.474563329903577	0.060233056465654	-7.87878546681724	3.305785129675e-15	5.03489619420253e-15	ZNF215
ZNF217	1664.47188048988	-1.0406732878769	0.0501417307771186	-20.7546343484377	1.11325846034307e-95	3.95495668929063e-95	ZNF217
ZNF219	3617.50100285496	0.0955138593138005	0.0302258559753293	3.1600051092601	0.00157766372257875	0.00187245497924046	ZNF219
ZNF221	38.9992993580658	0.609926997770871	0.0387457949949808	15.7417597922531	7.82372353649969e-56	1.94281759388234e-55	ZNF221
ZNF222	132.912372895358	0.928843222006024	0.0260837044989394	35.6100960292582	9.77647171361277e-278	1.13101714213845e-276	ZNF222
ZNF223	227.806367418678	0.525687492721361	0.0340695204551019	15.4298471390031	1.03114146024898e-53	2.50662760647427e-53	ZNF223
ZNF224	586.292134180506	0.189407043896522	0.0320511793293929	5.90951870912356	3.43108710037631e-09	4.68504884274247e-09	ZNF224
ZNF225	228.318247226814	0.431252863964629	0.0253973247483713	16.9802476535362	1.14999771213438e-64	3.11154498964844e-64	ZNF225
ZNF226	753.093897076075	0.35604454568628	0.0254590423258086	13.9849936666843	1.92493982321691e-44	4.24955135611081e-44	ZNF226
ZNF227	411.211314348444	-0.0365332559213976	0.0194238433867781	-1.88084588584903	0.0599928861965906	0.0665433449026328	ZNF227
ZNF229	173.506967742995	1.480044817463	0.0401170056094018	36.8932026451181	5.93938134944727e-298	7.62044217187458e-297	ZNF229
ZNF23	786.847808078712	-0.0243186749812083	0.0306551791265635	-0.793297435347084	0.427604550700004	0.448117221700574	ZNF23
ZNF230	194.617240271983	0.230293842886025	0.0358842621479969	6.41768366132841	1.38363388086231e-10	1.94462784895397e-10	ZNF230
ZNF232	459.993598759057	-0.562326710792111	0.0381376875295278	-14.7446462336431	3.33060473323364e-49	7.75203204072132e-49	ZNF232
ZNF233	96.0972633155669	1.63296644613021	0.0518954071819424	31.4664926012646	2.49718685677989e-217	2.0762984114963e-216	ZNF233
ZNF234	475.936762573812	0.626596943154124	0.0196182896625655	31.9394276428572	7.57559047778681e-224	6.53730604940749e-223	ZNF234
ZNF235	196.926226300176	0.487369795383274	0.0224611656180421	21.6983305172635	2.12747658232286e-104	8.13784656999442e-104	ZNF235
ZNF236	906.880071493473	-0.334799533791654	0.017489396488945	-19.1430009607981	1.10706308832085e-81	3.50849342479993e-81	ZNF236
ZNF239	141.383399962919	-0.653611424148283	0.0509443797701116	-12.8299024759498	1.11504443619471e-37	2.28141792406695e-37	ZNF239
ZNF24	4012.62383918994	0.0305056591935128	0.0248636663341044	1.22691717237492	0.21985372355277	0.235795214351371	ZNF24
ZNF248	976.851618477956	0.51503016887042	0.0253778954215455	20.2944397206857	1.43986586273552e-91	4.95394216267241e-91	ZNF248
ZNF25	1692.72084508293	-0.583014042814365	0.0433103084406675	-13.4613228075496	2.6414462682958e-41	5.63039363831767e-41	ZNF25
ZNF250	605.12508409704	-0.393676070808705	0.0323315037294895	-12.1762375824677	4.16035293765516e-34	8.20178657657765e-34	ZNF250
ZNF251	1501.16628096275	1.00566855259509	0.0326805382756171	30.7727046633566	6.07723922579898e-208	4.79388182750251e-207	ZNF251
ZNF252P	1086.5425514902	0.0340103508791718	0.0430412707277949	0.790179990136973	0.429422660200249	0.449943964276175	ZNF252P
ZNF252P-AS1	17.7925263916087	1.3242046520186	0.053878018987695	24.577827412716	2.18088879236835e-133	1.03148132294857e-132	ZNF252P-AS1
ZNF253	307.453229951395	0.230372247713605	0.0333878737167545	6.89987777203079	5.20473017436856e-12	7.5162733950107e-12	ZNF253
ZNF254	498.783033075983	0.346693754948233	0.0304258032944552	11.3947280731751	4.44214718801189e-30	8.3451358308706e-30	ZNF254
ZNF256	350.630720480869	0.444170207192356	0.0322252169972771	13.7833115981775	3.21193511778217e-43	6.99214464326965e-43	ZNF256
ZNF257	44.0223386933295	0.763608604464032	0.0604860583419514	12.624539032566	1.5464435169803e-36	3.12465257034037e-36	ZNF257
ZNF26	765.302208782548	-0.42802245961743	0.0367807292292032	-11.637139028706	2.66816200567061e-31	5.09273505079808e-31	ZNF26
ZNF260	590.32600536552	0.473228700718323	0.0235559828004302	20.0895332929892	9.11144669727484e-90	3.0905436592735e-89	ZNF260
ZNF263	1439.28097062028	-0.193975505024214	0.0222985411215791	-8.69902223497917	3.34755935073963e-18	5.34831063039531e-18	ZNF263
ZNF264	1209.62839658238	-0.115324498327824	0.0262098738745421	-4.4000401863757	1.08230832975886e-05	1.36854679994305e-05	ZNF264
ZNF266	2402.22577366861	-0.28927696609482	0.0354758176298254	-8.15420152153499	3.5149435219643e-16	5.44935822400132e-16	ZNF266
ZNF267	431.47720035996	-0.361843219810726	0.0305831399611741	-11.8314607417712	2.68429314537215e-32	5.18565796413866e-32	ZNF267
ZNF268	567.334743303747	0.150142289017042	0.0272955662872038	5.50061088446549	3.78477641585884e-08	5.0530119603853e-08	ZNF268
ZNF273	1781.81823338213	-3.23445683011627	0.0855323018966132	-37.8156177069326	0	0	ZNF273
ZNF274	1567.62765726133	0.182125639468379	0.0224464734369116	8.11377519859697	4.90708832497193e-16	7.59131118406839e-16	ZNF274
ZNF275	1028.0507427699	-0.252587744315714	0.0414387097086121	-6.09545389062197	1.09127365289959e-09	1.50586562099238e-09	ZNF275
ZNF276	1368.07667312813	-0.398929827576359	0.0251996087012393	-15.8307945296285	1.90796630767466e-56	4.76951833140558e-56	ZNF276
ZNF277	651.208587397311	-0.323912957614857	0.0228130647379095	-14.1985726747444	9.34973694641069e-46	2.09594788010385e-45	ZNF277
ZNF28	300.439987704973	0.238591117920518	0.0370919533930757	6.43242256324678	1.25586017311839e-10	1.7667035773917e-10	ZNF28
ZNF280A	0.956535423561725	0.0988027000248409	0.177950518452153	0.555225693548103	0.578740296729277	0.59776819379296	ZNF280A
ZNF280B	29.3332674599862	0.743319789757228	0.0560269444004576	13.2671841684652	3.58811911546082e-40	7.54024424438597e-40	ZNF280B
ZNF280C	229.516066898035	-0.552128809175175	0.0224269991728513	-24.6189338537787	7.9208623339272e-134	3.75713946964489e-133	ZNF280C
ZNF280D	2241.23093430686	-0.418134993316952	0.0252870035645886	-16.5355690423716	2.03447810076455e-61	5.35262208299659e-61	ZNF280D
ZNF281	550.32909878445	0.242989081418722	0.0398973762890793	6.09035239956952	1.12662413916953e-09	1.55452714465665e-09	ZNF281
ZNF282	1982.89719501001	-0.321246721505973	0.0207732108022909	-15.4644712636597	6.02660647256306e-54	1.46799652385125e-53	ZNF282
ZNF283	271.664359799611	0.60030846489304	0.0200478882209344	29.9437256571586	5.3105045218408e-197	3.91940926189653e-196	ZNF283
ZNF284	252.320094738098	0.0570290986023267	0.0391659205784991	1.45608982911623	0.1453677888202	0.157893294307151	ZNF284
ZNF285	146.324210794006	1.20383563496616	0.0545817408483024	22.0556474794739	8.43164497847453e-108	3.31465475556934e-107	ZNF285
ZNF285B	6.33439688866944	-0.648494050746851	0.0625849835025287	-10.3618154779996	3.69873991406551e-25	6.53844811873645e-25	ZNF285B
ZNF286A	289.852454120285	0.213730119153316	0.0290578433220226	7.35533318094989	1.90451469433381e-13	2.82142778476692e-13	ZNF286A
ZNF286B	66.4217442885393	-0.40714411449954	0.0390890451557053	-10.4158112043347	2.09999573081449e-25	3.72323679211974e-25	ZNF286B
ZNF287	347.905061736498	0.329323746366443	0.0261764989629298	12.5808935271603	2.68970251926991e-36	5.42187402568619e-36	ZNF287
ZNF292	2458.35139287297	-0.571488590495636	0.024531061876212	-23.2965288408413	4.80738504411421e-120	2.07773681102281e-119	ZNF292
ZNF296	138.488297839923	-2.65286575445138	0.0750847644225794	-35.3316118769577	1.92122415210496e-273	2.1737244476456e-272	ZNF296
ZNF3	1396.14042524312	-0.30884686700983	0.011679005320395	-26.4446207992124	4.20742452110961e-154	2.29996504113252e-153	ZNF3
ZNF30	202.195900117293	0.349629370100554	0.0286968092298975	12.1835625452148	3.80299550496829e-34	7.49892891717978e-34	ZNF30
ZNF300	329.975125066593	0.00476969637276217	0.0513932042687598	0.0928079196583878	0.926056159191692	0.930555889143019	ZNF300
ZNF300P1	300.408649310135	0.962944919504684	0.056899273285933	16.9236769451456	3.01035724894389e-64	8.12191859086317e-64	ZNF300P1
ZNF302	2204.23082353973	0.30197620230999	0.0402186220638993	7.50836768674498	5.98691547349431e-14	8.9495486994163e-14	ZNF302
ZNF304	749.323694876146	0.321358865239548	0.0225535543552535	14.2487015650681	4.56693696980401e-46	1.02826056777288e-45	ZNF304
ZNF311	72.2601448588757	-0.714182818833986	0.0692976128406534	-10.3060233903903	6.618345377275e-25	1.16538036913164e-24	ZNF311
ZNF317	1617.69394704028	-0.52001430230464	0.0193084888387889	-26.9319006083988	9.29524415155602e-160	5.29505348013164e-159	ZNF317
ZNF318	2043.2701448957	-0.211925303907233	0.0193019787010848	-10.9794600434059	4.7978290760815e-28	8.78950958666224e-28	ZNF318
ZNF319	647.427568306858	0.29055557975948	0.0200802494940095	14.4697196041394	1.88237956767304e-47	4.30172839884251e-47	ZNF319
ZNF32	1425.54683406559	0.194726970979081	0.0360071178818235	5.4080132605498	6.37277073505707e-08	8.46426960833485e-08	ZNF32
ZNF320	905.164876869565	0.827696492525771	0.0243498737979946	33.9918185774719	2.94287973500656e-253	2.97444009600523e-252	ZNF320
ZNF322	272.725097027145	-0.121372685606107	0.0230612833152585	-5.26304993294976	1.41685077588176e-07	1.86779427437917e-07	ZNF322
ZNF322P1	0.314004914399938	0.234554942161591	0.176235777726397	1.33091557904737	0.183216790476255	0.197798095559738	ZNF322P1
ZNF324	439.718365584796	-0.49993936165159	0.0303843879694945	-16.4538236594899	7.87367316323563e-61	2.05679858672768e-60	ZNF324
ZNF324B	227.212234388238	-0.792231985924283	0.026703142796294	-29.66811779302	1.98043993734528e-193	1.42371802364826e-192	ZNF324B
ZNF326	2097.34078694204	-0.492855495016104	0.0221395647759905	-22.2613000753559	8.76679061488895e-110	3.50146434121624e-109	ZNF326
ZNF329	431.574669039025	0.49532526665826	0.0399153354676505	12.4093975624907	2.32394765591182e-35	4.63836143187368e-35	ZNF329
ZNF330	3105.70828127845	1.22615663551579	0.0426553147585721	28.7456942342542	1.0252612229781e-181	6.82786802620378e-181	ZNF330
ZNF331	1944.29124632155	-0.00921923340202131	0.0525804135616967	-0.175335886074834	0.860815715497744	0.869412764106766	ZNF331
ZNF333	1141.62244297178	-0.440720133740595	0.0233459418440524	-18.8778048315439	1.7365490475607e-79	5.38216587554065e-79	ZNF333
ZNF334	214.833565514994	0.271855395100404	0.0699649595066596	3.88559354593106	0.000102080175137675	0.000125687088416778	ZNF334
ZNF335	2537.06609697009	-0.687845613244144	0.0196584729015281	-34.9897785392413	3.21826159930706e-268	3.53028196521184e-267	ZNF335
ZNF337	154.185460221667	0.0641390461033347	0.0294542332462682	2.1775832888626	0.0294370747978125	0.0331932337406303	ZNF337
ZNF33A	2404.01402105201	-0.526496148419532	0.020579840296103	-25.583101756102	2.35245663422613e-144	1.20268593787857e-143	ZNF33A
ZNF33B	1067.46028029983	-0.288453432824683	0.0361417063390351	-7.98117914297634	1.4494192400248e-15	2.22221239585099e-15	ZNF33B
ZNF34	536.161549433622	-0.315136696205908	0.0211387210438753	-14.9080304126164	2.92246651684259e-50	6.8686930107956e-50	ZNF34
ZNF341	403.45934543702	-0.348565414202178	0.0302924651378917	-11.5066704745059	1.22102016988503e-30	2.31096457555466e-30	ZNF341
ZNF343	1063.74961411929	-0.756314244610204	0.0166226886142638	-45.4989118884905	0	0	ZNF343
ZNF345	372.522117728968	-0.219455844678809	0.0377951019971857	-5.80646255949116	6.38065324462654e-09	8.65938925335664e-09	ZNF345
ZNF346	714.406253372815	-0.12301141843662	0.0173041822384035	-7.10876808518684	1.17083293820932e-12	1.7112831861567e-12	ZNF346
ZNF347	529.391379681171	0.596948017209425	0.0295597733002421	20.1946074195547	1.09191146280744e-90	3.7304039176308e-90	ZNF347
ZNF35	301.505609291723	0.242790266882137	0.0178298645971276	13.6170561228631	3.17094135998139e-42	6.83430500730663e-42	ZNF35
ZNF350	423.448527300076	-0.111626541544073	0.0245986604391337	-4.53791139644692	5.68141203600384e-06	7.23275092362836e-06	ZNF350
ZNF354A	563.510545022294	0.202442138873848	0.025690272632857	7.88010862192763	3.27096604121207e-15	4.98270793838187e-15	ZNF354A
ZNF354B	656.253031857372	-0.33204358182539	0.0319611917655334	-10.3889612208848	2.78368254353134e-25	4.92859933767164e-25	ZNF354B
ZNF354C	325.949042782888	0.115373197088962	0.0291882729333122	3.95272434763647	7.72664289590063e-05	9.55466777283143e-05	ZNF354C
ZNF358	4966.72158271363	0.226342327057246	0.0481431092075971	4.70144805316248	2.58322985719408e-06	3.31650528916273e-06	ZNF358
ZNF362	1778.78144414665	0.333829641483425	0.0191602408215116	17.4230399603656	5.51666359907194e-68	1.54440842063599e-67	ZNF362
ZNF365	53.7661763672562	-0.347778976729693	0.0936043114483683	-3.71541621692849	0.000202869479291262	0.000247650447356707	ZNF365
ZNF366	297.876670789497	1.09043591136185	0.054864951825208	19.874908754788	6.71083921557046e-88	2.24038977595482e-87	ZNF366
ZNF367	176.455980076986	0.586520127060833	0.0421504802735176	13.9149097057699	5.14248377614455e-44	1.13000305730442e-43	ZNF367
ZNF37A	1038.13709908996	0.344338994013752	0.0198035839585076	17.3877109686413	1.02236556242834e-67	2.85504227261443e-67	ZNF37A
ZNF37BP	1241.15170940346	0.238946903642603	0.0406947850980679	5.87168363383118	4.31391391319452e-09	5.87848329685198e-09	ZNF37BP
ZNF382	194.082658627859	2.41407608157184	0.0422430762273397	57.1472605020524	0	0	ZNF382
ZNF383	588.547104891308	0.00835224893044154	0.0184337505784741	0.453095472616128	0.650479995283907	0.667386172419813	ZNF383
ZNF384	1266.82423511488	-0.432255841689549	0.0151208323604269	-28.586775607725	9.81087416882951e-180	6.46669886170268e-179	ZNF384
ZNF385A	5220.71534484562	-1.95148331195377	0.0726393045204717	-26.8653909179952	5.57562385709232e-159	3.16414896127109e-158	ZNF385A
ZNF385B	621.572303488261	-2.77693528904013	0.0988052814619833	-28.1051300897168	8.4793349372482e-174	5.3669658300072e-173	ZNF385B
ZNF385C	138.793532422039	-2.00406711368478	0.0585656736564534	-34.2191421794386	1.25546913214586e-256	1.29214979118111e-255	ZNF385C
ZNF385D	584.192048014851	-0.0124824641565496	0.056759823481198	-0.21991724764057	0.825935603449786	0.836499602285229	ZNF385D
ZNF391	124.759906419589	-0.41803544663188	0.056036941499826	-7.45999755595472	8.65240850645148e-14	1.28933779407809e-13	ZNF391
ZNF394	1111.46326705184	-0.128477149714281	0.0174949609868945	-7.34366597390662	2.07821398663988e-13	3.07581203897287e-13	ZNF394
ZNF395	3213.9006659298	-0.668750609525429	0.0410262276011802	-16.3005630453381	9.77871441216145e-60	2.52585217582606e-59	ZNF395
ZNF396	76.3566919956495	-0.832165673396956	0.0482529742273288	-17.2458938899076	1.20140083566338e-66	3.31287016586651e-66	ZNF396
ZNF397	1458.74188539584	-0.174112665272184	0.0176359408558418	-9.87260428549865	5.47249921130527e-23	9.38194840978153e-23	ZNF397
ZNF398	924.600474500764	-0.6851905646132	0.0247124801532317	-27.7264993381734	3.34685595047717e-169	2.04157078836122e-168	ZNF398
ZNF404	221.791252108738	2.06576386274709	0.0397494448551829	51.9696280104836	0	0	ZNF404
ZNF407	966.99285471953	-0.0992049638741705	0.0228498468381164	-4.34160301279062	1.41446933795262e-05	1.78329335708678e-05	ZNF407
ZNF408	747.669416682848	-0.446958100684479	0.0269906188106369	-16.55975744092	1.36141771764769e-61	3.59022565710167e-61	ZNF408
ZNF41	976.365817974981	0.251427417488404	0.0416991102503706	6.02956312445945	1.64403492961683e-09	2.26100334387903e-09	ZNF41
ZNF410	1050.84033348754	-0.654000109158163	0.0213535071706399	-30.6272924598252	5.30293974682283e-206	4.12524712111313e-205	ZNF410
ZNF414	803.218216709006	-0.164699030787903	0.0222203410565313	-7.41208383655716	1.24330115001096e-13	1.84750404501794e-13	ZNF414
ZNF415	385.111712738225	1.64011957023613	0.0350473831433197	46.7972049019798	0	0	ZNF415
ZNF416	280.604273988694	-0.571132492518195	0.0371127318358133	-15.3891256252675	1.93631142908765e-53	4.68992761504398e-53	ZNF416
ZNF417	429.209334169662	0.232922978982401	0.0226391205121088	10.2885171205224	7.93895476343598e-25	1.39559692086534e-24	ZNF417
ZNF418	374.237666862518	0.603507151693728	0.035447402194483	17.0254268107596	5.32031284071715e-65	1.44407345364519e-64	ZNF418
ZNF419	558.73211037993	0.210685145532099	0.0215052045575604	9.79693752589908	1.16050813123798e-22	1.97881091886094e-22	ZNF419
ZNF420	351.222877088898	-0.329850873203042	0.0231874349723719	-14.2254144796983	6.37256610510116e-46	1.43140207708917e-45	ZNF420
ZNF423	1305.05148962732	-0.786329186371836	0.0626634599192781	-12.5484482884407	4.05376015726083e-36	8.15964850618944e-36	ZNF423
ZNF425	183.462119229784	-1.61625341409626	0.0394747026618757	-40.9440301030367	0	0	ZNF425
ZNF426	635.97460243915	0.389005411051376	0.0172754118309197	22.5178661359106	2.77408181702553e-112	1.13362648781559e-111	ZNF426
ZNF428	688.55163414006	0.516800074441212	0.0313606903385864	16.4792314474448	5.1738382614308e-61	1.35428620828873e-60	ZNF428
ZNF429	386.128640871372	-0.301427433098035	0.0257255390175643	-11.7170502391508	1.04238621678523e-31	1.99786991996922e-31	ZNF429
ZNF43	362.701617323788	0.325736490498826	0.0381937202761075	8.5285352708255	1.48212311281172e-17	2.34484954769941e-17	ZNF43
ZNF430	331.407400477034	-0.98481339508914	0.04315783652547	-22.8188777374868	2.97845355745768e-115	1.24483729946124e-114	ZNF430
ZNF431	1294.98777423823	-0.0516298582394604	0.0248105688802104	-2.08096229025373	0.0374373578234736	0.0419750780554561	ZNF431
ZNF432	769.286383780045	-0.00588766176681071	0.0294162153282263	-0.200150213109204	0.841363103409127	0.85100731721457	ZNF432
ZNF433	261.21545208478	-0.392908187967071	0.0254851899615942	-15.4171182776812	1.25584451784996e-53	3.05121570600852e-53	ZNF433
ZNF436	1363.2030078913	-0.167096775003951	0.0352431376383613	-4.74125705601394	2.12396241575097e-06	2.73193622336072e-06	ZNF436
ZNF438	1386.77184064517	-0.404370889152234	0.0452172165174397	-8.94285230928076	3.7925243154696e-19	6.1503810993485e-19	ZNF438
ZNF439	310.539132714836	0.0419088875627042	0.0643410112620889	0.651355748699551	0.514816868919812	0.535367906263751	ZNF439
ZNF44	775.345808391974	0.0176221017842105	0.0278049024222735	0.633776789307994	0.526226502855341	0.546664547431844	ZNF44
ZNF440	709.598005633329	-0.898791854485149	0.050764172423487	-17.7052399670226	3.82048883071569e-70	1.09162888002719e-69	ZNF440
ZNF441	515.439886788758	-0.0525117082449285	0.0349157668984825	-1.50395402734834	0.132593204349659	0.144357703610634	ZNF441
ZNF442	122.898995738326	0.275298460329598	0.0392167854379481	7.0199139795687	2.22004883135064e-12	3.22855865350968e-12	ZNF442
ZNF443	142.117281468589	0.197234186202824	0.0429585286259913	4.59126959212219	4.40557821973851e-06	5.62285972302275e-06	ZNF443
ZNF444	1250.03671020291	0.508051548345845	0.0215537733465214	23.5713506019511	7.58419644923618e-123	3.34369630866276e-122	ZNF444
ZNF445	1795.68012377633	-0.0863926488209794	0.0178364941042449	-4.84358912217052	1.27514485466539e-06	1.64874892463954e-06	ZNF445
ZNF446	347.68674808048	-0.362315366856855	0.0266822535442615	-13.5788892889363	5.34305348934223e-42	1.14814737807866e-41	ZNF446
ZNF449	614.826728443885	0.176338858197134	0.0296344976419408	5.95045883104719	2.6739182590712e-09	3.65781613964136e-09	ZNF449
ZNF45	485.12315627999	-0.190603285883763	0.019202083249875	-9.92617745707374	3.20299741697189e-23	5.51057598231014e-23	ZNF45
ZNF451	1569.59720155035	-0.113453789390651	0.0165758678949961	-6.84451578097459	7.67349786485824e-12	1.10486830159425e-11	ZNF451
ZNF454	39.2964944490372	0.796256951274839	0.0598772402516849	13.2981571616844	2.37243760542883e-40	4.99313098741079e-40	ZNF454
ZNF460	139.834188025273	-0.475484870254834	0.0385278808664021	-12.3413190542093	5.42595973975136e-35	1.07830317150877e-34	ZNF460
ZNF461	290.871789414414	0.125329682761269	0.0217630050817824	5.75884085356308	8.46935043557262e-09	1.14577466699792e-08	ZNF461
ZNF462	1393.56359268792	-0.34354291987872	0.0318624871477649	-10.7820496964192	4.18455877272958e-27	7.57344238205519e-27	ZNF462
ZNF467	507.891157557979	0.818973377775006	0.062181256332021	13.170743501901	1.29317855481312e-39	2.69989644690222e-39	ZNF467
ZNF468	325.665488588634	-0.141106852348852	0.0346776979971791	-4.0690951389083	4.71960738879997e-05	5.86967338716238e-05	ZNF468
ZNF469	189.030655335296	-0.172937007566167	0.0625868419061098	-2.76315280175984	0.00572459600887975	0.00665172042059414	ZNF469
ZNF470	281.053599432585	0.783312279477242	0.0253864497154592	30.8555267970471	4.72261480519837e-209	3.74666324849607e-208	ZNF470
ZNF471	774.944159082993	0.324376179506694	0.0316994472684833	10.232865474257	1.41276139000162e-24	2.47745911168233e-24	ZNF471
ZNF473	362.215197381874	-0.459788449004387	0.0266366924281215	-17.2614693151229	9.17463984683716e-67	2.53457169863284e-66	ZNF473
ZNF474	9.17325306992459	-1.25788777595738	0.0727090049013303	-17.3003024544814	4.67925879268058e-67	1.29646509969283e-66	ZNF474
ZNF48	437.754972361538	0.0648288540568867	0.0260835007904821	2.48543531704697	0.0129393099329602	0.0148196550297905	ZNF48
ZNF480	682.794516275643	0.535716358443443	0.027529982107052	19.4593791002217	2.42707342191589e-84	7.85363089482435e-84	ZNF480
ZNF483	601.626469651755	0.795381289252155	0.0494940131517187	16.0702525134504	4.12403000064056e-58	1.04706155206672e-57	ZNF483
ZNF484	199.247186084351	0.075648803083535	0.0263240368149316	2.873753885674	0.00405624915179734	0.0047397949355082	ZNF484
ZNF485	132.034733692751	-0.492321005510674	0.042468223937766	-11.5926911902917	4.4880565764357e-31	8.53650744214065e-31	ZNF485
ZNF486	142.516501450343	-0.000607822320107624	0.0556050538305368	-0.010931062524641	0.991278447665758	0.991939704065334	ZNF486
ZNF487	159.853612072726	0.068783533433987	0.0343582980647529	2.00194821362674	0.0452903014732383	0.0505688324537751	ZNF487
ZNF488	40.3783114699946	-2.22175354490685	0.0903431179959536	-24.5923939110266	1.52351928161137e-133	7.21517247784434e-133	ZNF488
ZNF490	267.761625378418	-0.139396340095575	0.0306784308005396	-4.54378977210018	5.5251763127843e-06	7.0358445675177e-06	ZNF490
ZNF491	113.138181929045	0.811958186763034	0.0343338919169237	23.6488828218978	1.21197313890702e-123	5.36828948658103e-123	ZNF491
ZNF492	8.46870356605122	-0.537122045927433	0.0823760792643847	-6.5203642941484	7.01368380286416e-11	9.90843840333996e-11	ZNF492
ZNF493	599.596244800821	0.648799498856511	0.0318765929522951	20.3534769172938	4.32483770876707e-92	1.4934088547001e-91	ZNF493
ZNF496	2166.50013326617	-0.196128444513859	0.0273450778696653	-7.1723490950973	7.37216593417269e-13	1.08146327912185e-12	ZNF496
ZNF497	69.3616087737645	-0.959244081511133	0.0602916955332206	-15.910053167813	5.3967644462028e-57	1.3545336976589e-56	ZNF497
ZNF500	777.607264318092	-0.42320172064342	0.0208198028218356	-20.3268841816105	7.43781271017921e-92	2.5649054903436e-91	ZNF500
ZNF501	153.703641932888	-0.0318799551556863	0.0269640480149921	-1.18231339515347	0.237081372478859	0.253622261008614	ZNF501
ZNF502	382.255027199006	-0.23997005639673	0.021202954352085	-11.317765081786	1.07169274695243e-29	2.00306729705022e-29	ZNF502
ZNF503	654.17143860002	0.316204269494208	0.0419447866302717	7.53858333531257	4.75104329772089e-14	7.11391868260471e-14	ZNF503
ZNF503-AS2	69.0168770356247	0.561438891187609	0.0336097864672417	16.7046253547259	1.2128737441909e-62	3.22733780771329e-62	ZNF503-AS2
ZNF506	878.350904331111	-0.00745500613096574	0.0277025436372774	-0.269109083576501	0.787845740520914	0.799617229088688	ZNF506
ZNF507	1572.86385455925	-0.497560553130304	0.0291128263148384	-17.0907677512816	1.73869594426108e-65	4.74288008677734e-65	ZNF507
ZNF510	843.841733523065	-0.176880876547929	0.0204319491491879	-8.65707306025477	4.84032475230189e-18	7.71372021839186e-18	ZNF510
ZNF511	839.63036226994	0.503861950199812	0.0360745658471259	13.9672353185078	2.47031419357227e-44	5.44818987974693e-44	ZNF511
ZNF512	1439.87949358309	0.389146320153916	0.0257360491016265	15.1206705666925	1.18331463338601e-51	2.82242569439268e-51	ZNF512
ZNF512B	2570.37939496524	-0.391318365325197	0.0220552737753875	-17.7426210760479	1.96549150526593e-70	5.6311972921044e-70	ZNF512B
ZNF513	948.196738007726	-0.0563380105095036	0.0252966439538026	-2.22709425852653	0.0259409748564517	0.0293245094442971	ZNF513
ZNF514	1556.53449517144	-0.135510085153279	0.0293675278735589	-4.61428301819321	3.94454618673789e-06	5.04087575660008e-06	ZNF514
ZNF516	2233.95085084563	-0.890181039933721	0.0249509274453314	-35.6772725937402	8.90187362430481e-279	1.03582822954823e-277	ZNF516
ZNF517	690.787562832209	-0.196030545532925	0.0220123272369214	-8.90548933890653	5.31510627676076e-19	8.60020027757038e-19	ZNF517
ZNF518A	1302.76818879029	0.0325042458183952	0.0305350179044857	1.06449080593531	0.287106417217007	0.305449327205871	ZNF518A
ZNF518B	938.468342811888	0.462397074239882	0.0317885431043495	14.546029137668	6.18929769657039e-48	1.42236113667769e-47	ZNF518B
ZNF519	261.392133481997	-0.246955450465614	0.0403380125065682	-6.12215216169619	9.2319795820791e-10	1.27618541281682e-09	ZNF519
ZNF521	953.422055803729	-0.293648290492357	0.0432130035656053	-6.79536866828858	1.08035895668212e-11	1.55096431766767e-11	ZNF521
ZNF524	1180.23216300006	-0.585629960273594	0.0313085010153215	-18.7051420950177	4.49532997738227e-78	1.37619787283773e-77	ZNF524
ZNF525	291.712303132367	-0.579895902051432	0.060760503757442	-9.54396139252558	1.3747819037885e-21	2.30896147136563e-21	ZNF525
ZNF526	505.893796580454	-0.5865818439784	0.0221166609759189	-26.5221700787964	5.38031880525726e-155	2.96725241462732e-154	ZNF526
ZNF527	290.781486640804	0.398869493932819	0.0223290189345902	17.8632789510929	2.27851973346798e-71	6.59309334868302e-71	ZNF527
ZNF528	750.83684578889	0.793634540278704	0.028065821732358	28.2776163779198	6.51478202443975e-176	4.17935107704704e-175	ZNF528
ZNF529	958.203705130017	0.299670830423385	0.0265533506088921	11.2856126835847	1.54560872725644e-29	2.88615173229701e-29	ZNF529
ZNF530	244.388672192931	0.320666513040693	0.0256760550843373	12.488932275126	8.57973288102218e-36	1.72043858294843e-35	ZNF530
ZNF532	5657.55054729589	-0.290535953402069	0.0445897705162645	-6.51575350216465	7.23256632495279e-11	1.02144536651087e-10	ZNF532
ZNF534	26.779534710261	0.815918816638299	0.05840719981151	13.9694903928181	2.39333028949266e-44	5.27905140805752e-44	ZNF534
ZNF536	47.6715232808436	2.03880959379371	0.060592438276433	33.6479212883349	3.34402646489238e-248	3.28400547706098e-247	ZNF536
ZNF540	279.810323440165	1.37423601458913	0.0367685436336761	37.3753181056232	9.83866691315992e-306	1.30801952070747e-304	ZNF540
ZNF541	68.073022216396	0.565281593057608	0.0570377261319847	9.91066144098298	3.7416080742036e-23	6.43415045316575e-23	ZNF541
ZNF543	254.900707543879	-0.457033691677571	0.0250528531034394	-18.242780165219	2.36136415665562e-74	6.99587165634592e-74	ZNF543
ZNF544	734.512955816011	0.761379770907321	0.0437679559698641	17.3958265593111	8.87373809997005e-68	2.4792202318417e-67	ZNF544
ZNF546	296.900588592429	0.527121284371824	0.0358613209097498	14.6988808833451	6.55338164050461e-49	1.52117888988683e-48	ZNF546
ZNF547	139.643808905121	0.863617353389375	0.0376141427316731	22.9599105727369	1.17315294719302e-116	4.95493341211205e-116	ZNF547
ZNF548	967.933133369268	-0.0310851660154721	0.0249550821770292	-1.24564470655543	0.212894861624063	0.228617813284899	ZNF548
ZNF549	432.427183510389	0.378464242223859	0.0203495401399766	18.5981717336386	3.32453939543054e-77	1.0097019344887e-76	ZNF549
ZNF550	668.485128383144	0.0894193298662778	0.0237264225913798	3.76876579357418	0.000164056729943357	0.000200801332407042	ZNF550
ZNF551	314.165933601176	0.241788213943163	0.0287400959031885	8.41292300337586	3.9991749821975e-17	6.28671285080231e-17	ZNF551
ZNF552	330.38569338373	-0.874417901714127	0.0452531362258299	-19.3228132819449	3.45308408201428e-83	1.10760809979221e-82	ZNF552
ZNF554	443.354348932088	-0.358034453670258	0.0237691877001189	-15.0629654739302	2.83767488707857e-51	6.74069485910547e-51	ZNF554
ZNF555	318.306795468517	0.398263655707438	0.0299266521048523	13.3079922977039	2.07996115501712e-40	4.38064592856712e-40	ZNF555
ZNF556	62.1966391192393	-3.54861731047037	0.124252260253202	-28.5597807495733	2.12374350680429e-179	1.39727729773333e-178	ZNF556
ZNF557	220.469496803446	-0.141909039262979	0.0226898729065395	-6.25428973743079	3.99329057147685e-10	5.56027410095566e-10	ZNF557
ZNF558	1155.13845663856	-0.432358876832325	0.0221443541389829	-19.5245647770418	6.78929447609711e-85	2.20642877530644e-84	ZNF558
ZNF559	620.233433393639	0.941221994272396	0.0411896000936539	22.8509621878415	1.42954848082641e-115	5.98588094983862e-115	ZNF559
ZNF560	1.96134998194712	1.04812681836073	0.12539740699988	8.35844092343736	6.35525270412264e-17	9.96610366119972e-17	ZNF560
ZNF561	1258.86810674468	-0.502470295277806	0.0250915438825898	-20.0254833910979	3.30291524018833e-89	1.11361260982637e-88	ZNF561
ZNF562	234.207778548759	0.177169078777462	0.0309576281316849	5.72295390408581	1.04687676767119e-08	1.41350350246392e-08	ZNF562
ZNF563	198.650949567115	0.167451111984588	0.035907446787744	4.6634090408718	3.11013687663541e-06	3.98700853983151e-06	ZNF563
ZNF564	498.198953032316	-0.0272085639782963	0.0219165122072538	-1.24146413995978	0.214434337518201	0.230216049959154	ZNF564
ZNF565	165.993412975442	-0.111714706884881	0.0194843808568709	-5.73355179748943	9.83490125450569e-09	1.32861581600268e-08	ZNF565
ZNF566	369.541099077596	0.139038905753921	0.0202343485351297	6.87142981215974	6.35615636520812e-12	9.16730796651802e-12	ZNF566
ZNF567	246.826710956692	0.115837728400343	0.0266546735130972	4.34586934045258	1.38725132208307e-05	1.74934578275428e-05	ZNF567
ZNF568	337.556107369073	-0.0863360800060172	0.0230464119819516	-3.74618314007533	0.000179545535546296	0.000219430999074539	ZNF568
ZNF569	253.035002977718	0.238118767184789	0.0295923682203297	8.04662761060143	8.51066402502035e-16	1.31119875996569e-15	ZNF569
ZNF57	37.6784929268008	-1.50305168411288	0.0816309740289986	-18.412761846734	1.03792035637357e-75	3.11341515332123e-75	ZNF57
ZNF570	282.736512660825	0.535358541223521	0.0200938879814625	26.6428548679784	2.16560670259091e-156	1.20840316966333e-155	ZNF570
ZNF571	213.661175575848	-0.0871300048969282	0.0255967353489764	-3.40394990646386	0.000664189328150668	0.000798242228337573	ZNF571
ZNF572	55.8727632654925	0.465702851199112	0.0483648774553728	9.62894719683359	6.03445546319617e-22	1.01939032275708e-21	ZNF572
ZNF573	96.2157489786725	-0.330798456614827	0.0302933253750512	-10.9198462869073	9.26524786862318e-28	1.69134699201994e-27	ZNF573
ZNF574	1086.35575319107	-0.574677964801203	0.024842323817975	-23.1330196406741	2.15508404531e-118	9.21027253077523e-118	ZNF574
ZNF575	121.344449299618	-0.000154335316479319	0.0375022105094871	-0.00411536585130832	0.996716422393763	0.996716422393763	ZNF575
ZNF576	440.364607339488	0.050437670109051	0.016947103755658	2.9761822926358	0.00291861317704942	0.0034284753197642	ZNF576
ZNF577	1120.85944576624	0.312903867920852	0.0317416239796131	9.85784054785044	6.33981901875564e-23	1.08574904534888e-22	ZNF577
ZNF578	68.1803213624889	1.56271049927088	0.0422370068424243	36.9986089473849	1.20563925714476e-299	1.55686601634597e-298	ZNF578
ZNF579	1400.43290934636	-0.456224314715773	0.0578544401971477	-7.88572688908785	3.12709856599459e-15	4.76556902188187e-15	ZNF579
ZNF580	1183.99037777725	0.426177650450515	0.0266072650424794	16.0173414956445	9.66969959488699e-58	2.44678468382852e-57	ZNF580
ZNF581	803.464514235341	-0.863129914562427	0.0284721236855273	-30.3149116692397	7.29170752758743e-202	5.53364364266869e-201	ZNF581
ZNF582	99.5419915479673	0.941683715760242	0.027872630429239	33.7852474365819	3.24823348657647e-250	3.23583016003669e-249	ZNF582
ZNF583	173.793651326886	0.646206924860597	0.040183494220706	16.0814020132578	3.4449352790994e-58	8.75508682183655e-58	ZNF583
ZNF584	596.989685120525	0.14130929580953	0.0249273950986658	5.66883524131623	1.43771535054048e-08	1.93541086038581e-08	ZNF584
ZNF585A	601.836759088317	0.445168004459051	0.0190026641437381	23.4266101369658	2.28939404376022e-121	9.97854290114473e-121	ZNF585A
ZNF585B	612.617536003415	0.521014493537387	0.0201518184786537	25.8544653967226	2.1674537188696e-147	1.13452557119429e-146	ZNF585B
ZNF586	677.720450833064	-0.107386312738464	0.0257580796949163	-4.16903410542899	3.0589321801644e-05	3.82281575778529e-05	ZNF586
ZNF587	1208.35694773467	0.125290456311951	0.0238006227412244	5.26416714697717	1.40826285757846e-07	1.85674501569398e-07	ZNF587
ZNF587B	624.339350793708	-0.559087959324135	0.0332410797945106	-16.8191876671967	1.76563069487258e-63	4.73315236610592e-63	ZNF587B
ZNF587P1	0.535813375374706	-0.642166693906284	0.194040483443021	-3.30944699019395	0.000934804657647324	0.00111832382815907	ZNF587P1
ZNF589	1038.26812205702	-0.467257683211305	0.031858795268144	-14.6665207920941	1.05623808227765e-48	2.44481698843769e-48	ZNF589
ZNF592	4370.74964800705	-0.66257461996345	0.0311506348812198	-21.2700197761589	2.15189847845685e-100	7.97700257633893e-100	ZNF592
ZNF594	380.153957528458	0.260179413593638	0.0467848721531871	5.56118680289937	2.67946198467682e-08	3.58636294045411e-08	ZNF594
ZNF595	440.265220332743	-0.512587060851913	0.0247457038933239	-20.7141838866909	2.58041335730344e-95	9.14550518700911e-95	ZNF595
ZNF596	258.358471158038	-0.252026234990706	0.0265722071864617	-9.48458038213369	2.43360221602043e-21	4.07168635473406e-21	ZNF596
ZNF597	210.588602627225	0.520938459588738	0.0243639515224127	21.3815258624825	1.9853120912624e-101	7.42059862018573e-101	ZNF597
ZNF598	3152.5328298753	-1.05247140957416	0.0333575050777181	-31.551262815431	1.72297190894145e-218	1.44323952223616e-217	ZNF598
ZNF599	294.877221567193	0.107525815894707	0.0254275195042084	4.22871825452382	2.35026448567848e-05	2.9467932720414e-05	ZNF599
ZNF600	515.024272513797	-0.428889457374526	0.0476524340673531	-9.00036830790895	2.24961710453344e-19	3.66407505417177e-19	ZNF600
ZNF605	1015.45935670504	0.443967030412278	0.0254696188688834	17.4312396544998	4.77984718729675e-68	1.33917555203936e-67	ZNF605
ZNF606	575.417711592215	0.230187626863038	0.0246504112408214	9.33808465157953	9.80924795745516e-21	1.62938333932039e-20	ZNF606
ZNF607	291.971689521344	0.703746965352588	0.0327725484416737	21.4736722902421	2.74451032868334e-102	1.03312276090817e-101	ZNF607
ZNF608	920.206775735914	-0.469282866536327	0.0398782448121526	-11.7678917100513	5.71345571762953e-32	1.09856778864611e-31	ZNF608
ZNF609	2642.88939834034	-0.304002123851871	0.0201004265234346	-15.1241628379101	1.1221864556278e-51	2.67768801534412e-51	ZNF609
ZNF610	79.9291390314507	1.13166303311065	0.0460920802935018	24.5522229828754	4.09491044219175e-133	1.93166883830958e-132	ZNF610
ZNF611	310.391953970246	0.146895427419726	0.0249215459519671	5.89431440982221	3.76240191932471e-09	5.13355544226212e-09	ZNF611
ZNF613	227.129090625598	0.254755688981651	0.0234409782274174	10.8679632099858	1.63817092431567e-27	2.98076567356781e-27	ZNF613
ZNF614	429.641190065664	0.100760602702163	0.0248908378326824	4.04810008323068	5.16350677965726e-05	6.41597884590394e-05	ZNF614
ZNF615	510.426177539009	0.302602274225306	0.0190202456260944	15.9094829884929	5.44613715617698e-57	1.36673518678854e-56	ZNF615
ZNF616	356.043408159597	-0.295254134695406	0.0285828776094312	-10.3297554126595	5.16922223834035e-25	9.11908756491226e-25	ZNF616
ZNF618	758.157557130727	-0.531516881285807	0.0425593170262275	-12.4888489389587	8.58872371039979e-36	1.72204962698715e-35	ZNF618
ZNF619	296.555292212118	-0.0870644951378589	0.0209056835239804	-4.16463279174724	3.11854078174643e-05	3.89622797141987e-05	ZNF619
ZNF620	101.431559912414	0.0483101552407942	0.0291971451897862	1.65461913919221	0.098001778687247	0.107575463025132	ZNF620
ZNF621	1549.93400916164	-0.0607052499371461	0.0279496170158363	-2.17195283580274	0.02985922057659	0.0336565954664493	ZNF621
ZNF622	1992.1929634233	0.917113610029075	0.0359597446807118	25.5038965980479	1.78450902218127e-143	9.07171615596865e-143	ZNF622
ZNF623	1162.20914792704	-0.150371209632473	0.0179215298210249	-8.39053424200778	4.83937952741022e-17	7.5995525493249e-17	ZNF623
ZNF624	137.888844372789	-0.679335090740614	0.0485564705136382	-13.9906192430071	1.77856536810219e-44	3.92833806027086e-44	ZNF624
ZNF625	34.5584317661646	0.431773514569939	0.0536135155308824	8.05344529815862	8.04953836483557e-16	1.24047376171051e-15	ZNF625
ZNF626	269.137233466074	0.218635099688628	0.0242546358067415	9.01415718754513	1.98390019782256e-19	3.2333352160257e-19	ZNF626
ZNF627	473.65148881351	-0.364427375600883	0.0302844728827558	-12.0334726317258	2.36979218125714e-33	4.62925979976232e-33	ZNF627
ZNF628	762.218287184586	-0.796897318953095	0.0376729970114269	-21.153010967282	2.58879254711883e-99	9.52203813663385e-99	ZNF628
ZNF629	2033.33747942281	0.58431585442011	0.0257693593335282	22.6748304782209	7.93869991393656e-114	3.27913118748903e-113	ZNF629
ZNF630	126.934906606714	0.855264194229274	0.0435207832631173	19.6518566556702	5.57363256040396e-86	1.82985518365551e-85	ZNF630
ZNF638	6295.03375260284	0.00404956338713651	0.0198350930543582	0.204161552256834	0.838227255379267	0.848073787324764	ZNF638
ZNF639	1280.47124220598	0.0217054944366799	0.0254856003106876	0.85167679678228	0.394393502397256	0.414834488527113	ZNF639
ZNF641	1820.79245379271	-0.156483238327905	0.0423019865660471	-3.6991936084038	0.000216285568395202	0.000263759671884156	ZNF641
ZNF644	1694.54930476912	-0.52996601372327	0.0237013697384092	-22.3601428766556	9.62043043066718e-111	3.88464262410139e-110	ZNF644
ZNF646	1505.17336304184	-0.513018526432157	0.0241998902480604	-21.1992088052248	9.71153340373786e-100	3.58305621645184e-99	ZNF646
ZNF648	7.40948121093677	-3.10191407071381	0.116792706185215	-26.5591420220595	2.01395187126957e-155	1.11479543772213e-154	ZNF648
ZNF649	348.854804017867	-0.308763744888936	0.027177148507393	-11.3611530954008	6.52772784693613e-30	1.22376201804517e-29	ZNF649
ZNF652	2206.0205952269	-1.08241678402207	0.0344240672859946	-31.443605284331	5.13362825692946e-217	4.26050909419029e-216	ZNF652
ZNF653	379.672905171252	-0.648571972776511	0.027789144624135	-23.3390405335911	1.78079214122108e-120	7.7169088430719e-120	ZNF653
ZNF654	1001.41294044699	-0.773064293458994	0.0207247104900662	-37.3015726241164	1.5475358692007e-304	2.04832302805014e-303	ZNF654
ZNF655	3732.82269848503	-0.140532137753201	0.0207206436501363	-6.7822283962823	1.18336194345773e-11	1.69748173911727e-11	ZNF655
ZNF658	228.855392582901	-0.0914269128830395	0.0413793093661141	-2.20948378026603	0.0271410093542923	0.0306579636914292	ZNF658
ZNF658B	48.3542258470618	0.109924119892858	0.0449333704534502	2.44638046920466	0.0144298636000934	0.0164932360572279	ZNF658B
ZNF66	54.8461190788749	-0.820734715277342	0.048811896333693	-16.8142354000457	1.91953169419942e-63	5.14418490803689e-63	ZNF66
ZNF660	108.343296221517	0.605234257984395	0.0452309863074569	13.3809652937994	7.81260969580606e-41	1.65530587493179e-40	ZNF660
ZNF662	972.149062886238	-0.587300811345442	0.0514258741269756	-11.420336966861	3.30948274886558e-30	6.23028644241051e-30	ZNF662
ZNF664	4872.6024974245	0.159534735674562	0.0297581987141598	5.36103469188311	8.27466233262462e-08	1.09612331039499e-07	ZNF664
ZNF665	96.9546059998087	-0.222834398321748	0.0534268377188252	-4.1708326346111	3.03488702865563e-05	3.79381954186319e-05	ZNF665
ZNF667	338.568133951263	0.67756944006405	0.0402083490567004	16.8514613496954	1.02353908739983e-63	2.74934993372149e-63	ZNF667
ZNF667-AS1	612.747926712992	1.22681063528194	0.0342799803880489	35.7879619939819	1.69983639385389e-280	1.99730776277832e-279	ZNF667-AS1
ZNF668	193.936233251194	-0.294592237759302	0.0266508680864373	-11.053757678881	2.1022710185027e-28	3.87298952042444e-28	ZNF668
ZNF669	100.853340393548	-0.208422258306127	0.0340211784593155	-6.12625040474041	8.99741691201672e-10	1.2439516269832e-09	ZNF669
ZNF670	144.704573797935	-0.423710458164675	0.0347740846614032	-12.1846617183561	3.75206952427502e-34	7.39932115539819e-34	ZNF670
ZNF671	414.084225743225	0.853135537058735	0.0456257041460466	18.6985725048291	5.08478075658225e-78	1.55612272015024e-77	ZNF671
ZNF672	3015.01038882635	0.0526279876958425	0.0408056248482895	1.28972385281459	0.197146554721673	0.212149398107654	ZNF672
ZNF674	139.909069283877	0.103979592703634	0.0204122012594769	5.09399213646096	3.50601314170948e-07	4.5872759531845e-07	ZNF674
ZNF675	210.81839451055	-0.722611134547133	0.0531002596172022	-13.6084294079993	3.56829829637883e-42	7.6861239240296e-42	ZNF675
ZNF676	65.040116511965	1.98125566930733	0.0776472396978408	25.5161120603548	1.30610501081245e-143	6.64721410789793e-143	ZNF676
ZNF677	190.407473768446	0.514545967624431	0.0348448321619435	14.766779912529	2.39904115539793e-49	5.59103312251659e-49	ZNF677
ZNF678	327.80906562275	0.211429036362373	0.0288909994493113	7.31816276322739	2.51388846764918e-13	3.71470253703439e-13	ZNF678
ZNF679	0.0820364987091693	0.516880552914879	0.453571479918931	1.13957904277241	0.25446172054774	0.27166629687325	ZNF679
ZNF680	562.571596002576	0.202558388710301	0.0361539572875502	5.60266161458493	2.11085064390147e-08	2.8326690354011e-08	ZNF680
ZNF681	84.1970482340709	-0.133255829345946	0.0662406600381309	-2.01169235435211	0.0442523770719989	0.0494344693851963	ZNF681
ZNF682	225.057325480149	1.17803835244347	0.0474586857587458	24.8223972832281	5.13826279536187e-136	2.47442131030789e-135	ZNF682
ZNF683	9.29098990671891	-0.680260701461601	0.121089611891798	-5.61782873719559	1.9337202576988e-08	2.59729132658081e-08	ZNF683
ZNF684	155.482806532677	1.5274921159606	0.0267518273437861	57.0986084924549	0	0	ZNF684
ZNF687	1727.64199545945	-0.417459435988294	0.0195636569971001	-21.3385174382362	4.98504170845845e-101	1.85788272865343e-100	ZNF687
ZNF688	637.481717351236	0.0926817377376531	0.0248080904334026	3.73594807655421	0.000187009256906432	0.00022844419337491	ZNF688
ZNF689	596.521989347453	-0.499932047253817	0.0468697727455315	-10.6664064698603	1.46170580632467e-26	2.62885065637431e-26	ZNF689
ZNF69	110.29549610579	0.639140795541819	0.0453757845032172	14.0855040312637	4.66319781448771e-45	1.03657969694484e-44	ZNF69
ZNF691	398.926252337087	0.406505400204759	0.0253542346685133	16.0330376964439	7.51191677305049e-58	1.90292729850383e-57	ZNF691
ZNF692	1976.52517859146	-0.0536107392118428	0.0319144589912785	-1.67982603830112	0.0929911674513954	0.102175059835962	ZNF692
ZNF695	3.11122445270305	-0.732224733680455	0.106990735717681	-6.84381436176487	7.71118366566152e-12	1.11011689991661e-11	ZNF695
ZNF696	441.244832142898	-0.215647610432233	0.0226016242773913	-9.54124392944395	1.41129201687136e-21	2.36939634356476e-21	ZNF696
ZNF697	489.629796563331	0.728184846275752	0.0346403571731635	21.0212857400873	4.18930489833922e-98	1.52655217560737e-97	ZNF697
ZNF699	232.367588665331	0.0677973871537323	0.036538820731268	1.85548919743091	0.0635264004284737	0.0704019413970913	ZNF699
ZNF7	1215.41198547316	-0.554230171699927	0.0150617539945391	-36.7971865627916	2.04780428605834e-296	2.60512543839832e-295	ZNF7
ZNF70	391.595039846993	-0.307441059241041	0.038738166550191	-7.93638642765154	2.08156795945319e-15	3.1830024497211e-15	ZNF70
ZNF700	1146.6585056064	-0.498646931998942	0.0410904115455359	-12.1353598867305	6.86077028882679e-34	1.34840840669474e-33	ZNF700
ZNF701	262.241519781979	-0.020289345230465	0.0285350982684478	-0.711031202331607	0.477064900553873	0.497690250644466	ZNF701
ZNF702P	86.7653369555136	0.892441931470866	0.0514769687828823	17.3367226659164	2.48508449371938e-67	6.90552731883954e-67	ZNF702P
ZNF703	6826.1501513027	-1.81010023797482	0.0474077004357222	-38.1815658920019	0	0	ZNF703
ZNF704	2367.90078613081	0.671533961720703	0.0309393774739157	21.7048310777054	1.84700581986584e-104	7.07252749700172e-104	ZNF704
ZNF705E	14.0877255647908	-2.19923091165463	0.0796321159830884	-27.6173863334447	6.88082105212272e-168	4.15503722775113e-167	ZNF705E
ZNF706	4098.2269806171	-0.716499678328043	0.0226049929135497	-31.6965230233965	1.73488883836099e-220	1.47032645853748e-219	ZNF706
ZNF707	475.479715750631	-0.112337870953245	0.0367795795526961	-3.05435440860036	0.00225545459311722	0.00266040483131532	ZNF707
ZNF708	264.687131434732	0.375716096990597	0.0318806880327465	11.7850686473478	4.66040296349481e-32	8.97719783262387e-32	ZNF708
ZNF709	139.415928997796	0.195064901629083	0.0312020976485602	6.25165986678732	4.06113099800698e-10	5.65342348581886e-10	ZNF709
ZNF71	513.396940773958	0.3238776426691	0.0195018146736523	16.6075643774151	6.14375109419246e-62	1.62494362983483e-61	ZNF71
ZNF710	1182.82221227182	-0.390067109293173	0.0446583271658816	-8.73447650298864	2.44787135030668e-18	3.92064526887362e-18	ZNF710
ZNF711	614.753474844902	-2.06312145591696	0.0824691844188073	-25.0168771578934	4.00577841184246e-138	1.95839264507268e-137	ZNF711
ZNF713	115.433796960048	0.0641033760663483	0.0361754809778703	1.77201171438639	0.0763926126864389	0.084354276835271	ZNF713
ZNF714	264.748029164993	-0.12429324663919	0.0372343451152974	-3.33813435564158	0.000843429558758375	0.00101015139635459	ZNF714
ZNF716	0.304122780884268	1.0089589925067	0.229919746630021	4.38830943098717	1.14235169299231e-05	1.44396270104309e-05	ZNF716
ZNF717	335.970669532047	-0.213635654895066	0.0323120921557102	-6.61163176514748	3.80106567483832e-11	5.39996710699744e-11	ZNF717
ZNF718	197.569312638026	0.348883459393359	0.0407278114794371	8.56622162400023	1.06935978492254e-17	1.69539770022817e-17	ZNF718
ZNF720	643.92159596027	-0.150658864231179	0.0203472000953427	-7.40440274461466	1.31742035693098e-13	1.9569965213001e-13	ZNF720
ZNF721	905.191698610328	-0.226165796488286	0.0211587660155777	-10.6889880214081	1.14614699499038e-26	2.06379834518574e-26	ZNF721
ZNF723	1.0441312492413	0.639326059425	0.124450984903158	5.13717155330265	2.78904331780309e-07	3.65796493725125e-07	ZNF723
ZNF725P	0.846796442886313	-1.17733265529914	0.164842168829818	-7.14218129776374	9.18613242888739e-13	1.34427745591742e-12	ZNF725P
ZNF726	52.1724022027415	-1.69361723138942	0.088827564910447	-19.0663476264025	4.80731264305716e-81	1.51393343050511e-80	ZNF726
ZNF727	276.209741669421	0.336432594316114	0.0461353976250335	7.29228773642481	3.04735457059609e-13	4.49782138613481e-13	ZNF727
ZNF728	25.9684843344712	3.09774753787075	0.0880923190526539	35.1647858880772	6.90905814585716e-271	7.7104746239042e-270	ZNF728
ZNF729	0.942746969236952	-0.0910939654153435	0.170185747657525	-0.535262010298638	0.592468691987302	0.611316572536021	ZNF729
ZNF730	5.12695410303386	-0.263821033669323	0.102244713941385	-2.58029020278317	0.00987173185823128	0.0113655929120576	ZNF730
ZNF732	17.4914624249966	0.531434164830092	0.0696618096464804	7.62877346320764	2.36997671875857e-14	3.56228715049876e-14	ZNF732
ZNF736	729.695199202277	-0.549118209215766	0.037766635162463	-14.5397705369724	6.78196039055737e-48	1.5577653309994e-47	ZNF736
ZNF737	274.356193901491	0.156669406035647	0.0417619234805651	3.75148922698824	0.000175787307770901	0.000214940043960331	ZNF737
ZNF738	213.646579214415	0.448671932334374	0.0446109624143954	10.0574367386791	8.51874265335672e-24	1.4778901937459e-23	ZNF738
ZNF74	442.001357049499	-0.121515506895484	0.0271760827907323	-4.47141362613613	7.77042430701772e-06	9.85940705932374e-06	ZNF74
ZNF740	1602.07697227501	-0.23300775301023	0.0197639283110102	-11.7895465589411	4.41913857545595e-32	8.51792627655879e-32	ZNF740
ZNF746	1024.15161811994	-0.192915340398986	0.0167351101817203	-11.5275811335683	9.57975386239076e-31	1.81559432803639e-30	ZNF746
ZNF747	1017.73040640054	0.163260740915154	0.0200732282895108	8.13325781785012	4.1790451905099e-16	6.47392362085789e-16	ZNF747
ZNF749	281.663526024385	-0.530989034151142	0.0281109253298955	-18.8890628081333	1.40314717691221e-79	4.35333545873781e-79	ZNF749
ZNF750	4609.22367165151	-6.729455076572	0.110621070774099	-60.8333930369769	0	0	ZNF750
ZNF75A	798.789717876861	0.214009635345181	0.019097434653013	11.2061980697191	3.80174905939156e-29	7.06611097760531e-29	ZNF75A
ZNF75D	876.798041699199	-0.14862452038124	0.0195140775013781	-7.61627191296866	2.61107348312371e-14	3.92140278405723e-14	ZNF75D
ZNF76	2598.9233773865	0.370218691314356	0.0298709640708448	12.393931793976	2.81876811070309e-35	5.62036384146725e-35	ZNF76
ZNF761	656.775653573114	0.0362792448225833	0.029353846650811	1.2359281307883	0.216485279409586	0.232279401242889	ZNF761
ZNF763	178.290898813339	0.369282518303081	0.0403076073670091	9.16160850086404	5.11294324326218e-20	8.39610393376778e-20	ZNF763
ZNF764	436.281538904306	0.868986238694213	0.017101013326645	50.8148974622602	0	0	ZNF764
ZNF765	453.682935845142	-0.171610966254485	0.0293770423160109	-5.84166930109757	5.16803202305954e-09	7.03013258120569e-09	ZNF765
ZNF766	821.546209603419	-0.32522968139518	0.0200380875885957	-16.230574896792	3.06574591989852e-59	7.8702926845541e-59	ZNF766
ZNF768	3488.25388798973	0.0513860164867483	0.0406134535830024	1.26524616730094	0.205783097446657	0.221244791085067	ZNF768
ZNF77	205.417707213971	-0.111255472560249	0.0238819497449638	-4.6585590267273	3.18430504478419e-06	4.08121574305164e-06	ZNF77
ZNF770	1800.96751257314	-0.980534089149501	0.0408773268309272	-23.9872360833449	3.77921254918561e-127	1.71791932065379e-126	ZNF770
ZNF771	407.855000948566	-0.107368012460647	0.0465654014573945	-2.30574652210149	0.0211247999622353	0.0239898611751205	ZNF771
ZNF772	482.290017002431	0.649551845166283	0.042052866538952	15.4460777261076	8.01761985625433e-54	1.94981322659328e-53	ZNF772
ZNF773	338.74746022983	-0.211356973957404	0.0238110660987451	-8.87641792605595	6.90480423104672e-19	1.11493883174625e-18	ZNF773
ZNF774	420.278102819139	-0.275238334649754	0.0611414214620531	-4.50166725058197	6.74224790839364e-06	8.5668952212179e-06	ZNF774
ZNF775	248.341029021638	0.112487766218334	0.024373308690978	4.61520295190667	3.92711362450881e-06	5.01895437378651e-06	ZNF775
ZNF776	972.23421578204	-0.0330196346967436	0.0221998341684037	-1.48738204286857	0.136913936876525	0.148953691388512	ZNF776
ZNF777	1242.30166987007	-0.703192835678562	0.0222194390272588	-31.6476412755464	8.17164621231478e-220	6.90275943068411e-219	ZNF777
ZNF778	779.791664782571	-0.415408562730526	0.0260309966995653	-15.9582273212559	2.49723946633584e-57	6.29062519360641e-57	ZNF778
ZNF780A	392.063031575087	0.424990638913278	0.02621200899422	16.2135851169208	4.04280996883269e-59	1.036380265579e-58	ZNF780A
ZNF780B	915.193418104659	1.12184760436133	0.038803421844561	28.91104833113	8.67192943199123e-184	5.84875989903612e-183	ZNF780B
ZNF781	78.2169694471867	1.97136355079002	0.0619507308642231	31.8214736660756	3.26702469935177e-222	2.7924839322427e-221	ZNF781
ZNF782	184.37728998148	-0.31372201463864	0.0301256971843589	-10.4137677783445	2.14557998716511e-25	3.80368183464242e-25	ZNF782
ZNF783	1236.82354540735	-0.395914204185982	0.0236998485856033	-16.7053474099613	1.19828060067127e-62	3.18944981408893e-62	ZNF783
ZNF784	1003.48833634161	-0.0795365568915398	0.0573826116848233	-1.38607418791598	0.165724251209986	0.179332867209556	ZNF784
ZNF785	381.000528257991	0.261644984025047	0.030067009012174	8.70206224766515	3.25906726445674e-18	5.208315858264e-18	ZNF785
ZNF786	328.994541797213	-0.668632585815601	0.0392368990597489	-17.0409130649551	4.08306971534874e-65	1.10925653404758e-64	ZNF786
ZNF787	1767.18024820459	0.000947185469413619	0.0349336948709673	0.0271138072543481	0.978368962213345	0.980220386753628	ZNF787
ZNF789	374.189261422758	-0.248697619778549	0.0392099332567755	-6.34271979372915	2.25743803163178e-10	3.16037813092267e-10	ZNF789
ZNF79	262.021792181031	-0.409437515920244	0.0276703582669625	-14.7969719788232	1.53226883469826e-49	3.57794412938167e-49	ZNF79
ZNF790	198.269438442252	0.240115163951365	0.0204522264417743	11.7402946146207	7.92100370476408e-32	1.52059280888832e-31	ZNF790
ZNF791	1557.00309457207	-0.17649038716766	0.0191896641780812	-9.19715871678727	3.67539353203085e-20	6.04704862170617e-20	ZNF791
ZNF792	259.240101764609	0.0701929199228497	0.0433988014621755	1.61739305137325	0.105793464699527	0.115817561154059	ZNF792
ZNF793	362.59241590033	0.417452458926125	0.0432398707149132	9.65434105199923	4.71178667775385e-22	7.9700124023912e-22	ZNF793
ZNF799	207.744194152134	-0.0451193171812462	0.0321097811848922	-1.40515803958437	0.159974288467312	0.173287830466968	ZNF799
ZNF80	3.31057361890081	-0.111385933175081	0.112277565503156	-0.992058677759187	0.321168902481462	0.340400460054687	ZNF80
ZNF800	1209.46742344116	-0.827468885574339	0.0292008431687363	-28.3371572797686	1.20505867487004e-176	7.75277384072035e-176	ZNF800
ZNF804A	3.52181512086228	-0.358381985574481	0.12458068180133	-2.87670592577104	0.00401849899801915	0.00469598808513001	ZNF804A
ZNF804B	2.42966194376386	-2.05964086966824	0.223445212592455	-9.21765494893302	3.03668562239225e-20	5.00442899283007e-20	ZNF804B
ZNF805	519.070768301974	0.00734819587752333	0.0203664517435139	0.3607990223365	0.718249693706821	0.732491798561921	ZNF805
ZNF808	395.079554387178	0.503315345549589	0.0254521495409353	19.7749641828913	4.8917481822959e-87	1.61987415433239e-86	ZNF808
ZNF81	603.687937690941	0.445121989380759	0.0198584143986068	22.4147799741749	2.82433295178426e-111	1.1455794832147e-110	ZNF81
ZNF813	137.382403880015	-0.177606290675007	0.043642932041718	-4.06953159116886	4.7107752047705e-05	5.85990356306225e-05	ZNF813
ZNF814	822.110101920485	0.562218493135662	0.0236946311378751	23.7276744197538	1.86840113607899e-124	8.32502199271236e-124	ZNF814
ZNF815P	43.9738287171434	-0.856091852106389	0.0562967779365174	-15.2067646406292	3.18919671911811e-52	7.64939775361027e-52	ZNF815P
ZNF816	162.016624029619	0.0645657835034607	0.0441927419025689	1.46100424467457	0.144014276558698	0.156460920534319	ZNF816
ZNF821	143.082365863993	-1.05804196178559	0.0338268388525315	-31.2781802165474	9.24224219632134e-215	7.58293535897814e-214	ZNF821
ZNF823	257.982771691947	-0.245440567398266	0.0380394401350717	-6.45226550461172	1.10190307228031e-10	1.55133405319239e-10	ZNF823
ZNF826P	75.0017862502394	0.0981292140468249	0.0580105791651103	1.69157445864363	0.0907271398151911	0.0997361370267637	ZNF826P
ZNF827	1332.88591045848	-0.101479571199254	0.0414785284719809	-2.44655668698092	0.0144228115032494	0.0164862223691892	ZNF827
ZNF829	135.698048603925	0.145843975066832	0.02816154830944	5.17883368713588	2.23277409049687e-07	2.93437733832476e-07	ZNF829
ZNF83	3171.75512309953	0.375885162661436	0.0530627327015181	7.08378825447642	1.40266180567006e-12	2.04630157742659e-12	ZNF83
ZNF830	612.352439517574	-0.118302089135808	0.0175368773432455	-6.74590389271176	1.52077262893358e-11	2.17731870623029e-11	ZNF830
ZNF831	38.0503358172739	-0.984278156641765	0.0736742110192668	-13.3598737336239	1.03739968186458e-40	2.19361349386165e-40	ZNF831
ZNF835	90.2169773442327	1.58558851118645	0.0522960049705381	30.3194959553739	6.34460044031376e-202	4.81691912805094e-201	ZNF835
ZNF836	360.665640184743	-0.214050901169993	0.0348929818758681	-6.13449724450264	8.54289246946647e-10	1.18174600278849e-09	ZNF836
ZNF837	117.906636652201	-1.37148125510966	0.0663856643397965	-20.6592984908564	8.05256353950911e-95	2.84558689192586e-94	ZNF837
ZNF839	612.596050172875	-0.784223652849023	0.0262332742380244	-29.8942345409676	2.33842112302448e-196	1.71601788159656e-195	ZNF839
ZNF84	1551.46755685295	0.0336229092823977	0.0192823419293697	1.74371502204228	0.0812087946115729	0.0895625236982554	ZNF84
ZNF841	778.893327126914	-0.0498435116038127	0.0406292747447932	-1.22678812055833	0.219902236899109	0.235819144907712	ZNF841
ZNF843	115.65372286594	0.263272219711039	0.0365792932943565	7.19730197061126	6.14156502042755e-13	9.01895186267877e-13	ZNF843
ZNF844	745.844269295169	0.477127739235437	0.0336167127724738	14.1931705953748	1.00987563910764e-45	2.26329324944928e-45	ZNF844
ZNF845	288.197786406273	0.157241553963012	0.0437136803168981	3.59707882802602	0.000321810980229138	0.000390542672089578	ZNF845
ZNF846	352.18125887874	0.217777603464953	0.0246875457869342	8.82135491897338	1.13082968944014e-18	1.82043151847719e-18	ZNF846
ZNF849P	1.3863669988982	0.0697710506728953	0.112688589201044	0.619149207276162	0.535818069266726	0.556179279487391	ZNF849P
ZNF85	110.484492026208	0.0155643464005631	0.0498998322554956	0.311911798037136	0.755107555970869	0.76825247923086	ZNF85
ZNF850	138.483693340417	0.632241268060072	0.0353485160069298	17.8859352380204	1.51784879456877e-71	4.39909775415108e-71	ZNF850
ZNF852	86.1262790750402	-0.601755309997884	0.0348904313923707	-17.2470011399592	1.17860122417496e-66	3.25049802916707e-66	ZNF852
ZNF853	1512.33949570152	-0.334523180453097	0.0643287844874551	-5.20020987678281	1.99063617720558e-07	2.61882933756323e-07	ZNF853
ZNF860	36.0202812300294	-1.73665607641901	0.0820640326020532	-21.1622073806736	2.13013361344721e-99	7.84302212633734e-99	ZNF860
ZNF862	1089.57302918492	0.0942410934339399	0.0315988171559159	2.98242472080307	0.00285974967387272	0.00335998654652979	ZNF862
ZNF865	2732.9581426957	-0.349270969392491	0.0440334676010293	-7.93194332449819	2.15742897321377e-15	3.29704380226004e-15	ZNF865
ZNF876P	44.7197750367983	0.244521767808206	0.0530937387208841	4.60547276758313	4.11529840533743e-06	5.2568469056542e-06	ZNF876P
ZNF878	12.5705729698785	0.515209633720933	0.053155586106042	9.69248335806367	3.24539805829758e-22	5.50098026811815e-22	ZNF878
ZNF879	175.558802851241	0.289619215740083	0.0292882491262225	9.88858072368619	4.66595871415899e-23	8.01143865066538e-23	ZNF879
ZNF880	367.465299934418	0.637617610146456	0.0247381985938713	25.774617651603	1.70793465202428e-146	8.87544216832827e-146	ZNF880
ZNF883	87.2981285730641	2.05421247815414	0.0433744805261533	47.3599326893499	0	0	ZNF883
ZNF888	189.792430081812	-0.456354923422055	0.0534050758200661	-8.54516010724561	1.28358197105875e-17	2.03270511665598e-17	ZNF888
ZNF891	411.512774602014	-0.33109368218864	0.0248238070688582	-13.3377479638891	1.39613736436545e-40	2.94698272701013e-40	ZNF891
ZNF90	62.6675505203349	-0.263928810735704	0.0642314359049735	-4.10902865578422	3.97326777055613e-05	4.95274049347411e-05	ZNF90
ZNF90P1	3.47950600315152	-1.31414786354143	0.115155087395783	-11.411982685791	3.64328842866258e-30	6.85582636466183e-30	ZNF90P1
ZNF91	891.720605900349	0.249502089411124	0.0217085544400193	11.4932613362395	1.42623821734314e-30	2.69738539087979e-30	ZNF91
ZNF92	272.939836282576	-0.230894106337782	0.0487941525917571	-4.73200361259655	2.22314455624791e-06	2.85787510940646e-06	ZNF92
ZNF93	93.9152801782163	-0.277436776322695	0.0368104800538243	-7.53689644680068	4.81288209464929e-14	7.20531358830522e-14	ZNF93
ZNF98	9.31594889823408	1.07262267429299	0.11326395180963	9.47011522338392	2.79535174539228e-21	4.67562969418383e-21	ZNF98
ZNF99	9.17916861268933	1.03961827317695	0.0876734238531254	11.857849590984	1.95942955003347e-32	3.79102443359335e-32	ZNF99
ZNFX1	3589.15127561461	0.00563282752201967	0.0185765869532558	0.30322187472831	0.761720779655798	0.774718105801685	ZNFX1
ZNHIT1	2672.05910364458	0.0998139537053061	0.0168498714403027	5.92372197372165	3.14735399854113e-09	4.30022917098587e-09	ZNHIT1
ZNHIT2	383.710432493048	-0.320108998880661	0.0280834940782754	-11.3984747762668	4.25508313622736e-30	7.99621584040387e-30	ZNHIT2
ZNHIT3	1214.8588784094	-0.687538163037541	0.0218479015444233	-31.4692997695715	2.28585499603483e-217	1.9023428471393e-216	ZNHIT3
ZNHIT6	1113.63555813156	-0.431768777444675	0.0172140053434041	-25.0824121888702	7.73755573001042e-139	3.80244992344847e-138	ZNHIT6
ZNRF1	1765.5107244123	-0.510527523348451	0.0409138685422763	-12.4781044066005	9.82990488619106e-36	1.9691533257993e-35	ZNRF1
ZNRF2	697.646443137454	-0.761855926887004	0.0236139164050864	-32.2630060095792	2.31162746031734e-228	2.03280927763422e-227	ZNRF2
ZNRF3	949.755127098007	-0.767136004359978	0.0316564477055522	-24.2331676470898	9.95072784137556e-130	4.59879465654946e-129	ZNRF3
ZP1	28.5148950648042	-0.195268928221571	0.0803170799325035	-2.43122544277843	0.015047848238034	0.0171886741628815	ZP1
ZP2	1.42626486712188	-1.57815180515321	0.153513126790646	-10.2802401211293	8.65117965486406e-25	1.52035424160117e-24	ZP2
ZP3	117.602315071973	-0.750599219446702	0.0754218340655011	-9.95201494032662	2.47128040684306e-23	4.25861751901033e-23	ZP3
ZRANB1	2400.45685318613	-1.13504048396001	0.0525302139434586	-21.6073836132043	1.53080585406916e-103	5.82087794235296e-103	ZRANB1
ZRANB2	5542.89864287876	-0.186863747582373	0.021243071483321	-8.79645618709556	1.41204663258511e-18	2.26968938594201e-18	ZRANB2
ZRANB3	214.387894323006	-1.02282463411086	0.0372769200943303	-27.4385499532304	9.5167128251542e-166	5.65567340923079e-165	ZRANB3
ZRSR2	1184.32303309492	0.380139178831329	0.0242019573863499	15.7069600926465	1.3552339074983e-55	3.35426448080253e-55	ZRSR2
ZSCAN1	11.3315281633774	1.28091634381969	0.0971266497456563	13.1881038538239	1.02736910430292e-39	2.14767985675959e-39	ZSCAN1
ZSCAN10	7.01867043121146	-2.04879857999439	0.115598005398037	-17.7234769141543	2.76295157812237e-70	7.90336744919446e-70	ZSCAN10
ZSCAN12	384.105332208316	0.109721953743532	0.0384008914328301	2.85727621546116	0.00427293820594948	0.00499008438077699	ZSCAN12
ZSCAN12P1	16.8351074109113	1.04984347685489	0.051256948199402	20.4819739320169	3.11764951028527e-93	1.08993608146524e-92	ZSCAN12P1
ZSCAN16	124.91708474961	-0.217080225398157	0.0277822298264471	-7.8136357936075	5.55614932454197e-15	8.43165098559096e-15	ZSCAN16
ZSCAN18	1262.49132257847	1.09450462434869	0.0303737562428295	36.0345495498954	2.40788215881631e-284	2.89540993592869e-283	ZSCAN18
ZSCAN2	198.36188904526	-0.150616983046296	0.0347137383951922	-4.3388292361838	1.43243768323894e-05	1.80531476132354e-05	ZSCAN2
ZSCAN20	293.82077841264	0.992609592082384	0.0286508959344138	34.6449756529296	5.31713689999033e-263	5.69385968689625e-262	ZSCAN20
ZSCAN21	254.839994894918	-0.543471282247196	0.0260623268111109	-20.8527537155854	1.43898235336025e-96	5.15792937929866e-96	ZSCAN21
ZSCAN22	254.653133628447	-0.367659827897676	0.0362647266169278	-10.1382214122651	3.73844004256974e-24	6.5145846279088e-24	ZSCAN22
ZSCAN23	25.8485334723006	0.757518595588458	0.0594461282422636	12.7429425260684	3.41275929376977e-37	6.94080669383681e-37	ZSCAN23
ZSCAN25	790.997095552481	-0.707899388265965	0.0257334620928075	-27.5089059417241	1.37376356871586e-166	8.21292527414619e-166	ZSCAN25
ZSCAN29	1133.22874711067	-0.314274240913261	0.0256908703975478	-12.2329152749631	2.073605881317e-34	4.09916313085738e-34	ZSCAN29
ZSCAN30	1406.91550594796	0.480251784337184	0.0345776694975667	13.8890732462747	7.37838032783514e-44	1.61815575391521e-43	ZSCAN30
ZSCAN31	296.641981254165	0.968823936190592	0.0416445223461107	23.2641385135511	1.02327887047726e-119	4.4109298245836e-119	ZSCAN31
ZSCAN32	505.558147559225	0.331454510231317	0.0191828278306531	17.2787095394596	6.80536476473519e-67	1.88321861844732e-66	ZSCAN32
ZSCAN4	19.6617251857908	0.38861048050877	0.0885154217553022	4.39031383235194	1.13187184352359e-05	1.43081636624074e-05	ZSCAN4
ZSCAN5A	214.4482715663	0.33577363663434	0.0264757691660178	12.6822995973734	7.41247749558965e-37	1.50345923828856e-36	ZSCAN5A
ZSCAN9	522.789945009431	0.550456369327688	0.0240790046279916	22.8604287358202	1.15094286855318e-115	4.8237770842435e-115	ZSCAN9
ZSWIM1	643.488028981127	0.101705600539457	0.0259657113796445	3.9169194732399	8.96876909381349e-05	0.000110633051776699	ZSWIM1
ZSWIM2	1.32368030735063	-1.65058913592629	0.21439923413083	-7.69867085867983	1.37488806696819e-14	2.07559209103442e-14	ZSWIM2
ZSWIM3	129.748773510047	0.435500217016794	0.0314524296243516	13.8463140119266	1.33909381138136e-43	2.9289219560967e-43	ZSWIM3
ZSWIM4	241.038911970538	-0.874386266063183	0.0461613057340752	-18.9419742825371	5.14318729111979e-80	1.60205077742598e-79	ZSWIM4
ZSWIM5	257.367749776872	-0.419230643906932	0.0300463536156186	-13.952796045408	3.02509290583051e-44	6.66438592557276e-44	ZSWIM5
ZSWIM6	998.435062563047	-0.171164807903411	0.0299938271316592	-5.70666781374967	1.15209315450042e-08	1.55335397154985e-08	ZSWIM6
ZSWIM7	1123.93382856001	0.0349587834643402	0.0217165913582656	1.6097730480633	0.107447411119787	0.117592463981475	ZSWIM7
ZSWIM8	5414.08157298448	-0.440274035039821	0.0185525747531331	-23.7311554271177	1.72001774942023e-124	7.66766703994886e-124	ZSWIM8
ZW10	1238.44774816785	-1.09421836587844	0.0260954196223003	-41.9314340108698	0	0	ZW10
ZWILCH	288.617275107891	-0.746428046407347	0.0240167327649156	-31.0795000183269	4.5585592921891e-212	3.67481530759946e-211	ZWILCH
ZWINT	177.9916288624	-1.05454734363987	0.0805299423618611	-13.0950962177679	3.51228951687052e-39	7.29403825486688e-39	ZWINT
ZXDA	295.852159614027	-0.217174304185984	0.0249740675639547	-8.6959924982118	3.43811163545547e-18	5.4915215217244e-18	ZXDA
ZXDB	724.716387995608	-0.361707290543653	0.0202024541079826	-17.9041263309061	1.0949991707171e-71	3.17766888152159e-71	ZXDB
ZXDC	2073.90954167639	-1.12434263496708	0.0253242244865236	-44.3979098181428	0	0	ZXDC
ZYG11A	17.7068862799858	-2.42529909644517	0.100018235599006	-24.2485690926273	6.84602422223021e-130	3.16637415273294e-129	ZYG11A
ZYG11B	6268.97746498523	-0.897245215880708	0.0725281643694827	-12.3709902722733	3.75167263465508e-35	7.46890722145831e-35	ZYG11B
ZYX	9552.98863259824	0.0911091008291779	0.0310650300570837	2.93285088286603	0.0033586516282562	0.00393665112385987	ZYX
ZZEF1	6445.64083559142	-0.522301584242267	0.0281124587689513	-18.5790075686699	4.7521208666515e-77	1.44181573774808e-76	ZZEF1
ZZZ3	1891.98465466843	-0.614300419652241	0.0152532312899603	-40.2734612735186	0	0	ZZZ3
